49.014245195405 8.4169808640876 111.48596954346 -0.006489 0.014588 2.0441523267949 -0.010454535106458 -0.002213162570802 -0.0082963566794279 -0.0067354251091069 0.0009528426757549 -0.14639297638972 -0.060224334866678 9.8095204166924 -0.0032762526029216 0.0036888564326128 9.8107966090723 0.00040994284605222 -9.9117243329863e-05 0.00024355709497293 0.00041349225088692 -9.750749739998e-05 0.00023816387535678 0.40210073364768 0.042426406871193 4 5 4 4 0
49.014244629025 8.4169817517594 111.54126739502 -0.006378 0.014685 2.0469793267949 -0.0052264576094871 0.00078987686443079 -0.0050069840104672 -0.0016940919652288 0.00065129974243592 -0.14619490633362 -0.061739912845361 9.806861554566 -0.0023736385577143 0.00086654145914499 9.8081454384387 0.00013479539544826 0.0002830995083861 0.00034035043264784 0.00013973717390273 0.00028527371795452 0.00033650916550269 0.40210073364768 0.042426406871193 4 5 4 4 0
49.014245206128 8.4169808217713 111.48390960693 -0.006539 0.014533 2.0440873267949 -0.011155052713222 -0.0023420577528176 -0.0088608048580656 -0.0071698532826963 0.0012093958640931 -0.14069086773381 -0.060629905162345 9.8086232542675 0.0019954048126943 0.0033849435470661 9.8098186451855 -0.00026385620379302 -0.00037501597730158 -8.9134602351513e-05 -0.00026510583456374 -0.00037554981634817 -8.2860180403124e-05 0.40151961346863 0.042426406871193 4 5 4 4 0
49.014245137169 8.4169810662127 111.49210357666 -0.00645 0.014586 2.0453123267949 -0.0086463820215865 -0.00090250875043246 -0.007279607602734 -0.0047521392063496 0.00051848292910206 -0.14257259856897 -0.062246979985969 9.8072670660851 0.00047265666144626 0.0013401446755226 9.80850038504 0.0005088383398228 -6.4594503820981e-05 0.00073066167231528 0.00051940788853471 -5.9850424975451e-05 0.00072353963119013 0.40210073364768 0.042426406871193 4 5 4 4 0
49.014244634913 8.4169817222156 111.54085540771 -0.006365 0.014705 2.0454643267949 -0.0028201723363626 -0.0011181757161791 -0.0019964028241618 -0.0022846147562049 0.00014115462262727 -0.13625480430783 -0.059589018966784 9.8087343280383 0.0080120120275857 0.0029251856491524 9.80985805754 0.00027050599511053 -0.00028988769541734 0.00029685033729098 0.00027486229604051 -0.00028799242019462 0.0002946824680602 0.40210073364768 0.042426406871193 4 5 4 4 0
49.014244937816 8.4169813023365 111.50860595703 -0.006443 0.014619 2.0462883267949 -0.0079184673155724 0.00027189623614932 -0.0071646125468175 -0.0033829708037658 0.00029998863435942 -0.13651476524483 -0.05764142289518 9.8070913265704 0.0067765981789888 0.0054064246298221 9.808207099742 -0.0001992122779793 0.00019494552409886 0.00012876414490866 -0.00019734787445815 0.00019581602709975 0.00013038000649694 0.40210073364768 0.042426406871193 4 5 4 4 0
49.014244832642 8.4169817711268 111.52794647217 -0.006328 0.014875 2.0431283267949 0.0077943049044858 -0.0054646094367845 0.0094271866663472 -0.0013197536907233 -0.0023223469390095 -0.14847168583314 -0.062997746039081 9.8129032925571 -0.0023298689707381 -0.0010438549688835 9.8142283151459 -0.00028006209598526 -0.00044135554892326 0.0008571112235307 -0.00026720645804779 -0.00043592908155332 0.00086396290730344 0.40151961346863 0.04172529209005 4 5 4 4 0
49.014244819531 8.4169818207299 111.53002929688 -0.00633 0.01492 2.0430893267949 0.0091602265269266 -0.0055805661276937 0.010696204425172 -0.00080249354840654 -0.0026678903522853 -0.13592503975042 -0.059871732147299 9.8032866404398 0.01025064798346 0.0021342500175418 9.8044061688934 -0.00011207285358542 7.413923663031e-05 0.0015793992611482 -8.8439330005293e-05 8.4101864972994e-05 0.0015803901403643 0.40151961346863 0.04172529209005 4 5 4 4 0
49.014244760617 8.4169815125425 111.5299987793 -0.00639 0.014675 2.0465403267949 -0.0068845794801408 0.00038925249518848 -0.0062983232918828 -0.0028071498112116 0.00099954761622068 -0.14391384799824 -0.062292659000244 9.8078584268008 -0.00023910295702769 0.00038822742832162 9.809111806762 7.4742181233113e-06 0.00038333854074113 0.00060258229431283 1.6267931657013e-05 0.00038720526129194 0.00059995878006493 0.40210073364768 0.042426406871193 4 5 4 4 0
49.014244855313 8.4169813876894 111.51818084717 -0.006455 0.014598 2.0463933267949 -0.0074491011715356 0.00022361238802425 -0.0067249070190607 -0.0032116549970865 0.00062117558590145 -0.14130169686561 -0.061408357288247 9.8114032765684 0.002070050080962 0.0015946624538806 9.812612586733 -0.00057915591111677 -0.00030064763009679 0.0014016896731189 -0.00055854261994485 -0.00029162843122639 0.0014119065426647 0.40210073364768 0.042426406871193 4 5 4 4 0
49.014244743889 8.4169815407275 111.53153991699 -0.006386 0.014677 2.0465553267949 -0.0064339658896622 0.00027493669002363 -0.0058453954026673 -0.0027023835892434 0.00076941989349973 -0.13834920091574 -0.058628623329717 9.8042080936798 0.005334808936749 0.0041241424292581 9.8053570450029 0.00027396209118908 0.00035585742490794 0.00015713479098536 0.00027617303582838 0.00035687129707257 0.00015083032453196 0.40210073364768 0.042426406871193 4 5 4 4 0
49.014244994014 8.4169812643708 111.50263977051 -0.006407 0.014632 2.0462453267949 -0.0075899780026669 0.00027199274058398 -0.0068731265863428 -0.0032314597255739 0.00023161563438032 -0.14519307761042 -0.064153905063428 9.8054765488672 -0.0017262954140534 -0.0011348475470459 9.8067612481922 0.00039144083136813 0.0001013130146488 0.00070472480227819 0.00040171644300823 0.00010589224381356 0.00069825242614518 0.40210073364768 0.042426406871193 4 5 4 4 0
49.01424473013 8.4169815778027 111.5341796875 -0.006441 0.014646 2.0467363267949 -0.0062171891933354 0.00044059691711423 -0.005728352157993 -0.0024563564908149 0.00096251288918782 -0.15151070602383 -0.064141065338621 9.810933780211 -0.007913612526012 -0.0012972413780012 9.8123101866638 -0.00066528156437495 0.00011187132607761 0.0016768361398701 -0.00064068485788743 0.00012265330304879 0.0016855940466433 0.40210073364768 0.042426406871193 4 5 4 4 0
49.014244746862 8.4169818729011 111.53702545166 -0.006321 0.014886 2.0430123267949 0.0098677171774094 -0.0060506464151578 0.01154005561581 -0.00089957269949036 -0.0025673405897837 -0.1419099007472 -0.060146716815609 9.8036357660582 0.0039623015454599 0.0017216368671425 9.8048465735324 -8.6023322607104e-05 0.00017294641258538 0.00050326692426738 -7.8486135340994e-05 0.00017612514616763 0.00050340647624894 0.40151961346863 0.04172529209005 4 5 4 4 0
49.014245217372 8.4169807839354 111.48118591309 -0.006525 0.01452 2.0441933267949 -0.012030706441946 -0.0022281590088698 -0.0096917382451646 -0.0074681308322499 0.0011022352988256 -0.14328726071319 -0.064190094447943 9.8107583764426 -0.00086367643984448 -0.00018695997786978 9.8120148413631 -7.7146591948216e-05 -7.619557711387e-05 0.0018395263071249 -5.042642941299e-05 -6.4174277807594e-05 0.0018409013881247 0.40151961346863 0.042426406871193 4 5 4 4 0
49.01424463907 8.4169817375355 111.54100799561 -0.006426 0.014655 2.0470843267949 -0.0054233265789426 0.00080711365618709 -0.0051898451386329 -0.0017690364605345 0.00096382253481293 -0.14052500197702 -0.059842356887045 9.8047626133328 0.0031186613170636 0.0028099422145085 9.8059514730926 -0.00064717810875375 2.1724853803523e-05 0.00060402286544686 -0.00063819870145558 2.5624614061413e-05 0.00061325592214501 0.40210073364768 0.042426406871193 4 5 4 4 0
49.014244895026 8.4169813453732 111.5133895874 -0.006425 0.014587 2.0463383267949 -0.0079956295594043 0.00027333167122119 -0.0072336319042145 -0.0034175232126127 0.00059738295855139 -0.14304471188442 -0.059801487908411 9.8122746705987 0.00019612550320332 0.0033135631405651 9.8134987373066 0.0001437470908874 -0.00020427896241286 0.00052967203071095 0.00015148459801977 -0.00020088621142497 0.00052883881135285 0.40210073364768 0.042426406871193 4 5 4 4 0
49.01424505352 8.4169812100299 111.49842834473 -0.006436 0.014645 2.0459693267949 -0.0073695424030294 -7.5640146570123e-05 -0.006518942200091 -0.0034379721664525 0.00031191234043373 -0.13917567412242 -0.062601837732008 9.807066524048 0.0042357243347621 0.00043754845648329 9.8082529452261 -0.00013826589521985 0.00043216867159435 0.00040014487013382 -0.00013244288128182 0.00043476879330045 0.00039934995237576 0.40210073364768 0.042426406871193 4 5 4 4 0
49.014245168105 8.4169809858293 111.48874664307 -0.006545 0.014571 2.0450043267949 -0.0093883271837621 -0.0014445711897603 -0.0076942134878486 -0.0055702268063643 0.00077510107289048 -0.13978390291998 -0.061711826477583 9.8051619786229 0.0031484837458543 0.0021449666025067 9.8063518952348 -0.00067476127441184 -0.00015608292406178 0.0013922843451605 -0.00065435949901144 -0.00014700383578438 0.0014029112705832 0.40210073364768 0.042426406871193 4 5 4 4 0
49.014244794078 8.4169818503806 111.53285980225 -0.006315 0.014865 2.0430463267949 0.0097456496969485 -0.0057564125457854 0.011297525756487 -0.0006927643648881 -0.0027156401420525 -0.14750275475882 -0.062738906434645 9.8116729102763 -0.0013533656720447 -0.00071038835250221 9.8129819963651 0.00015355485595515 -0.0005402327770664 0.00030234273210156 0.00015811835578855 -0.00053831932421309 0.00030343306884617 0.40151961346863 0.04172529209005 4 5 4 4 0
49.014244653613 8.4169816997331 111.54064178467 -0.006409 0.014627 2.0470223267949 -0.0058343572013443 0.00071082538053703 -0.0055112183597706 -0.0020424476474547 0.0010463477852337 -0.1456801385657 -0.065391949838674 9.8103190020349 -0.0019870629859387 -0.0024960520208769 9.8116179678792 1.1191351929467e-06 -0.0004055710910871 0.00071001980525433 1.1591770695068e-05 -0.00040101038453804 0.00071253277885813 0.40210073364768 0.042426406871193 4 5 4 4 0
49.014245112682 8.4169811137023 111.4949798584 -0.006449 0.014582 2.0455363267949 -0.0081636428338217 -0.00054528629676402 -0.0070121461003323 -0.0042157717233816 0.00057281746896294 -0.14061828058063 -0.059290878007885 9.8084347961343 0.0025819474964881 0.0040416175756979 9.8096210344052 9.2564857485993e-05 -0.00035638007233368 0.0010488717440717 0.00010789658013261 -0.00034961157121382 0.0010496584863514 0.40210073364768 0.042426406871193 4 5 4 4 0
49.014244645358 8.4169817401793 111.5387802124 -0.006346 0.014679 2.0465753267949 -0.0041917814511361 0.00016503210903917 -0.0038015113743036 -0.0017740484752113 0.00063120319936549 -0.13845250593934 -0.061171871053822 9.8115892088432 0.0056049733683555 0.0014056885425552 9.812754634826 0.00061370178567797 -0.000220184615406 0.00051453964531029 0.00062123622081118 -0.00021689456463011 0.00050683150833452 0.40210073364768 0.042426406871193 4 5 4 4 0
49.014244701346 8.4169816757719 111.53839874268 -0.006345 0.014768 2.0442963267949 0.00040645799203352 -0.0034334240659209 0.0019280204383992 -0.0028701291536933 -0.00038486068870524 -0.14148108053991 -0.06520039885636 9.81093818297 0.0034327670434023 -0.0027511370091103 9.8121741365789 0.0003708854631816 -0.00029456228610984 0.0010655602070472 0.00038660488869686 -0.00028776481954303 0.0010618537865104 0.40210073364768 0.042426406871193 4 5 4 4 0
49.014245092366 8.4169811688076 111.49678039551 -0.006468 0.0146 2.0457233267949 -0.0077518337222641 -0.00032751331496514 -0.0067446084768742 -0.0038351985030796 0.00026187812020268 -0.15046746702163 -0.062862665622138 9.8068185462683 -0.0071679388198008 0.0003737435680569 9.808171585876 -0.00040130751627602 -0.00026342913725746 0.0010374381127121 -0.00038608011470561 -0.00025673716383077 0.001044863936411 0.40210073364768 0.042426406871193 4 5 4 4 0
49.014244785467 8.4169817392821 111.53258514404 -0.006349 0.014902 2.0432923267949 0.0051554374231354 -0.004811534646113 0.0067808089046701 -0.0019368432594769 -0.0014622126743329 -0.14662130479372 -0.064767827862881 9.8059196326838 -0.00094438041834802 -0.0025938507201335 9.8072295717251 -0.00019218503007268 0.00058560959400465 -0.00018366442118276 -0.00019498328593387 0.00058442463202572 -0.00018446432085373 0.40151961346863 0.04172529209005 4 5 4 4 0
49.014244778631 8.4169814712762 111.52809906006 -0.006367 0.014669 2.0465713267949 -0.0073725784425922 0.00030612992861411 -0.0066942012938404 -0.0031042531237609 0.00079695826580871 -0.13826632287341 -0.060207150449875 9.8119804725779 0.0053302970859825 0.0026809210110598 9.8131371752 0.00075057191934475 0.00058210474862756 0.00090809129318664 0.00076374181342808 0.00058791172624343 0.00089327750478931 0.40210073364768 0.042426406871193 4 5 4 4 0
49.014244816275 8.4169817506621 111.52967071533 -0.006316 0.014869 2.0431913267949 0.0066517632016422 -0.0051890056068731 0.0082845689712796 -0.0015932894786396 -0.0021339368130849 -0.1382654672453 -0.058391380261972 9.805960429647 0.0075647564624941 0.0036920657055745 9.8071054139309 0.00022751300758813 -0.00023755171555426 0.00066814293714679 0.00023745374718026 -0.00023331652637044 0.00066619226008143 0.40151961346863 0.04172529209005 4 5 4 4 0
49.014245174494 8.4169809304281 111.48818969727 -0.006502 0.014624 2.0445093267949 -0.0099072835971185 -0.0018889698252328 -0.0079554215973323 -0.0061995213736204 0.00095958510444966 -0.14692593861082 -0.061922830329378 9.8119539921301 -0.003714010509318 0.0019698940944102 9.8132486105486 0.00010563623149092 0.00046941050550394 5.8225152492732e-05 0.00010642041801333 0.00046980107902089 5.3620261011232e-05 0.40210073364768 0.042426406871193 4 5 4 4 0
49.014244749802 8.4169817160329 111.53606414795 -0.006339 0.014871 2.0436183267949 0.0034908274479664 -0.0045386298472057 0.0051752303214728 -0.0024501636591573 -0.0012011983571994 -0.13934075683082 -0.063542436137573 9.8117146450433 0.0061149131711539 -0.0012070623195497 9.8129074790088 0.00023304488144166 0.00059749792271022 0.0003894057804041 0.00023871407187643 0.00059995940116117 0.00038207905208901 0.40210073364768 0.042426406871193 4 5 4 4 0
49.014244662136 8.4169816967493 111.54067230225 -0.006365 0.014788 2.0446203267949 -0.0009023607009625 -0.0028175310392885 0.00048350166050742 -0.0029189174841224 -0.00035570159957945 -0.14249507394017 -0.059258936950995 9.8034442820123 0.0022204558594742 0.0031359988245974 9.804658061401 6.1726938774101e-05 0.00025185974546023 0.0001390586347914 6.3727982151138e-05 0.00025273645073243 0.00013652821205065 0.40210073364768 0.042426406871193 4 5 4 4 0
49.014244634868 8.4169817432619 111.53939819336 -0.006379 0.014713 2.0462633267949 -0.0035281193751974 -0.00031046682362653 -0.0029943541981608 -0.0018916543837301 0.00025773315713615 -0.1424062098113 -0.063162670023172 9.8079529061808 0.0017804355848258 -0.00061870848132114 9.809189892249 3.0166298949272e-05 9.855769263588e-05 0.00048340503897803 3.7269976690736e-05 0.00010163252376103 0.00048226175674675 0.40210073364768 0.042426406871193 4 5 4 4 0
49.014244644704 8.4169817132864 111.5408782959 -0.006343 0.014753 2.0451383267949 -0.0018655891882884 -0.0020715094526768 -0.00071299970863145 -0.0026952886551623 7.3639782983133e-05 -0.14062163212431 -0.059183582650852 9.8119211266474 0.0040430263217991 0.0033583688213624 9.8131059974776 0.00060998815148442 -1.7708263221756e-05 0.0011775422960254 0.00062726608915195 -1.0192978664105e-05 0.0011685068984484 0.40210073364768 0.042426406871193 4 5 4 4 0
49.014244871841 8.4169813693948 111.51612091064 -0.006377 0.014621 2.0463683267949 -0.0077633070873359 0.00025537630922603 -0.0070187250998048 -0.0033274175559198 0.00050499765093265 -0.1433044747821 -0.059565500226652 9.8055243344864 3.6667851906182e-05 0.0033540731788925 9.8067519472576 0.00071574543227636 7.2664513288232e-06 0.00081259002645531 0.00072755686914509 1.2495271313536e-05 0.00080195840074859 0.40210073364768 0.042426406871193 4 5 4 4 0
49.014244731003 8.4169817062265 111.53673553467 -0.006361 0.01485 2.0439203267949 0.002055349279009 -0.0041082096323423 0.0037021322178387 -0.0027198177912185 -0.00096239621608556 -0.14598316866437 -0.061377287901856 9.8017197052629 -0.00087459878213624 0.00098708261188051 9.80299933087 -1.6671495397389e-05 0.0005213118759381 0.0009032676062193 -3.3248210392583e-06 0.0005270660136661 0.00090008290223678 0.40210073364768 0.042426406871193 4 5 4 4 0
49.014244812639 8.4169814304475 111.52372741699 -0.006414 0.014639 2.0464713267949 -0.0073949316003658 0.00016906883800105 -0.0066516550496003 -0.0032356007118943 0.00059443144871592 -0.14695395795567 -0.063195481026692 9.8067590520153 -0.0034498408955876 -0.00018646677809695 9.8080629175484 0.00021824619379015 0.00010017967675697 0.0012281507046612 0.00023616581910841 0.00010809457706507 0.0012241855681733 0.40210073364768 0.042426406871193 4 5 4 4 0
49.014244682089 8.4169816339024 111.53893280029 -0.006415 0.014637 2.0468383267949 -0.0061378662895767 0.00053232290262495 -0.0056995052362378 -0.002339339532693 0.0010553334472028 -0.14159874511331 -0.059222187150296 9.803567295993 0.0019627708302209 0.0036385633238053 9.8047679483816 -3.7752628326852e-05 -9.5355044796404e-05 6.9636877310445e-05 -3.6711634604028e-05 -9.4882356409846e-05 7.074929563755e-05 0.40210073364768 0.042426406871193 4 5 4 4 0
