49.01426134119 8.4169657991906 108.08852386475 -0.006151 0.01461 1.9472293267949 0.016236465402805 -0.0078998753499857 0.018003378846145 -0.0013819073585569 -0.011952621609226 -0.13724323932084 -0.060470004619901 9.8129002720024 0.0064754582801962 -0.00014725147938229 9.8140445064197 -4.113452117544e-05 -0.00045908238764098 0.0013451720616528 -2.1365492747755e-05 -0.00045082979389656 0.0013484260834031 0.39966485960114 0.042426406871193 4 5 4 4 0
49.014263082076 8.416965437266 107.94931793213 -0.006151 0.014778 1.9444903267949 0.015130921757823 -0.005464277658197 0.016081480679482 0.00043520262745252 -0.021339879805999 -0.15052413684941 -0.060377397746412 9.8077577112446 -0.0056820462658019 -0.00011058099937639 9.8090968743379 -9.20481689588e-05 7.8440797856353e-05 0.0016133341894001 -6.8199324905518e-05 8.8372933837068e-05 0.0016140015942391 0.39885461010248 0.042426406871193 4 5 4 4 0
49.014261246768 8.4169658238811 108.11086273193 -0.006111 0.014548 1.9480203267949 0.012970383925515 -0.0072216553219133 0.01471834767166 -0.0019375033869793 -0.0095930614497953 -0.13640230894057 -0.05660987996323 9.8040290788226 0.0064805747724148 0.0034904149940775 9.8051385849451 0.00036701316649593 -0.00034913736646146 8.2172705948405e-06 0.00036715393825723 -0.0003490457479958 5.0070950761116e-06 0.38340057381282 0.020518284528683 4 5 4 4 0
49.014262879082 8.4169658443861 107.93460845947 -0.005995 0.014821 1.9414133267949 0.027357718871012 -0.0031132031707846 0.026627846767671 0.0070067569706408 -0.021951866566897 -0.14907243246773 -0.063845013534744 9.8105637855038 -0.0033081998830737 -0.004626989284811 9.8119019827212 0.00073228684722573 -0.00054524518861515 0.00055009696115151 0.00074042973662187 -0.00054194549149126 0.00054242211822793 0.39885461010248 0.042426406871193 4 5 4 4 0
49.014261904711 8.416965763861 107.97997283936 -0.006182 0.014881 1.9437583267949 0.024689301914361 -0.0073993872215567 0.025688166458012 0.0021049758070147 -0.020326470017305 -0.13472610023532 -0.05928813624758 9.8098576522849 0.011283359520851 0.0013693336075201 9.8109555276565 7.3315314907987e-05 -3.8378345451921e-05 0.00026861412912554 7.7309564229868e-05 -3.6708578334743e-05 0.000267726057831 0.39966485960114 0.042426406871193 4 5 0 6 0
49.014261231053 8.4169658229511 108.11373138428 -0.006084 0.014481 1.9482543267949 0.012215087211017 -0.0069571052107034 0.013919063415056 -0.0019671078374652 -0.0092476829427322 -0.14511714750575 -0.064867519068547 9.8129208669993 -0.002558864257158 -0.0048242080388107 9.8142063799311 0.00064163247862287 -0.0007399040869277 0.00086084724135529 0.00065411808239181 -0.00073462943015186 0.00085596951418607 0.38340057381282 0.020518284528683 4 5 4 4 0
49.014261869533 8.4169657159693 107.98371124268 -0.006156 0.014847 1.9439333267949 0.024850177801551 -0.0085539709301954 0.026258505155088 0.0010923547891608 -0.020033154776703 -0.14347468333791 -0.057731281049576 9.8107838057362 0.0024018639566166 0.0028939270497603 9.8120020748416 0.00046724921144855 -0.00037781343094644 0.00069675412283131 0.00047760996757524 -0.0003734736837393 0.00069205856579311 0.39966485960114 0.042426406871193 4 5 0 6 0
49.014263100612 8.4169654635239 107.95066833496 -0.006147 0.014786 1.9443263267949 0.01484192092277 -0.0050612409628371 0.01566540669412 0.00070278811333969 -0.021158886434712 -0.13979592876458 -0.058428261356466 9.8097072929789 0.0050374403159987 0.0018124130647804 9.810875544726 -6.7316094368583e-05 0.00028519082030269 0.00083186872688165 -5.5007221914395e-05 0.00029031109451169 0.00083101808644394 0.39885461010248 0.042426406871193 4 5 4 4 0
49.014261289112 8.41696581364 108.10113525391 -0.006151 0.014609 1.9476433267949 0.014484700297577 -0.0077177289366132 0.016308194739081 -0.0018475112611195 -0.010623627804771 -0.13945796928942 -0.058605926040801 9.8076321712234 0.0037416851654302 0.0016618142788479 9.8087980716757 -6.6164368316526e-05 0.00026481345285345 0.00046644943458419 -5.9320104369126e-05 0.00026769698466177 0.0004657192459963 0.38340057381282 0.020518284528683 4 5 4 4 0
49.014261270857 8.416965818236 108.1057434082 -0.006156 0.014587 1.9478503267949 0.013794118485144 -0.0073460645855076 0.015529630693275 -0.0017530271400931 -0.010087481053595 -0.14691790622902 -0.062100954764419 9.806682805966 -0.0038273807992787 -0.0017993834577047 9.8079790115662 -9.689483684282e-05 3.2570136928636e-05 0.00086985710544701 -8.4162874463367e-05 3.7942251386914e-05 0.00087094882541897 0.38340057381282 0.020518284528683 4 5 4 4 0
49.014261461373 8.4169657642172 108.05815124512 -0.006153 0.0147 1.9462153267949 0.019435298629278 -0.0087654217297137 0.021295506886251 -0.0010327772550928 -0.014824547816087 -0.14030622066907 -0.055294623908207 9.8098325127142 0.003984102938925 0.0051315564898302 9.8109895022765 0.00015831698003497 0.00010577122778503 0.00040882283972691 0.00016431176823141 0.00010828286299317 0.00040579920682458 0.39966485960114 0.042426406871193 4 5 4 4 0
49.014261317844 8.416965805428 108.09442901611 -0.006125 0.014625 1.9473873267949 0.015363006793335 -0.0078512435619242 0.017173641698012 -0.0016525970912754 -0.011172189507832 -0.14152155107113 -0.05518503049502 9.8065537086903 0.0018807777450715 0.0050551117523051 9.8077285578002 0.0003586953348728 0.00015971182824738 -6.0184755644655e-05 0.00035778607871816 0.00015933710919449 -6.6386604725684e-05 0.39966485960114 0.042426406871193 4 5 4 4 0
49.014263064672 8.4169654189348 107.94586181641 -0.006129 0.014804 1.9442253267949 0.016963195112096 -0.0064523894092914 0.018148011265804 0.00018226108817698 -0.021357054929649 -0.1414758887287 -0.059679197370899 9.8117002190497 0.0038408127085144 0.00074187709575551 9.8129007201846 0.00047188429179619 -0.00018744475356145 0.00058650600963525 0.00048050951659363 -0.00018387062458196 0.0005805541440673 0.39885461010248 0.042426406871193 4 5 4 4 0
49.014262737166 8.416965942867 107.9451751709 -0.006024 0.014824 1.9415223267949 0.026595697111604 -0.0020468253779603 0.025530690718814 0.0077268676422067 -0.021078613975409 -0.1359825218122 -0.051760977369827 9.8078055090841 0.0092675586395044 0.0073625885613937 9.8088775398062 8.3150759204595e-05 0.00044136644178569 0.00087435546645869 9.6041442919133e-05 0.00044661414178676 0.00087033445235174 0.39885461010248 0.042426406871193 4 5 4 4 0
49.014263145955 8.4169655258339 107.92882537842 -0.006094 0.014889 1.9424463267949 0.02228452301004 -0.0056478916461438 0.022813924187449 0.0028331532745648 -0.022235861938314 -0.13606124369525 -0.05792748231677 9.807926185234 0.0098434654905752 0.0020539735555004 9.8090361616147 0.00030677454294033 0.00014251326616015 0.00084918417313224 0.00031935516264305 0.00014770000703297 0.00084364700814502 0.39885461010248 0.042426406871193 4 5 4 4 0
49.014262264739 8.4169661382866 107.98634338379 -0.006041 0.01473 1.9422123267949 0.021004782522735 0.00032489807907848 0.019454842431759 0.0079256194110418 -0.018119770472243 -0.1449147215149 -0.070609835166503 9.8059261293701 -0.00065518699188429 -0.011393832752531 9.8072445760127 1.579644121404e-05 0.00029837437861273 0.00088961922812988 2.8863245561742e-05 0.00030373895667136 0.00088748711480531 0.39885461010248 0.042426406871193 4 5 4 4 0
49.01426204802 8.4169658718496 107.97080993652 -0.006159 0.0148 1.9432063267949 0.023861767415289 -0.004851949925399 0.023992245993754 0.0041594268786768 -0.020391006238763 -0.14001141347299 -0.060091138135955 9.8079348403057 0.0052721618793111 0.00017407796102849 9.8091170332217 -0.00011568572269591 -0.00030029226694684 0.0016256095417901 -9.1589803845462e-05 -0.00029029863169338 0.0016290325378215 0.39966485960114 0.042426406871193 4 5 4 6 0
49.014262248665 8.4169661380947 107.98413848877 -0.00607 0.014737 1.9421443267949 0.021889135831428 0.00069931710507034 0.02014331395756 0.0085947701827123 -0.018445193625251 -0.1301911064437 -0.05700457368823 9.8050002923504 0.014224605598195 0.0021545591033786 9.8060194222426 -0.00061421656699855 7.3302054939553e-05 0.00085119394918256 -0.00060162231113956 7.8487016687967e-05 0.00085966618952319 0.39966485960114 0.042426406871193 4 5 4 4 0
49.014263117929 8.416965696243 107.91937255859 -0.0061 0.014908 1.9412943267949 0.026630805535116 -0.0042800278178443 0.026373256610356 0.0056543800135162 -0.022907117081747 -0.13945755539232 -0.061692242275028 9.8030655029607 0.0066712851339163 -0.0020349140118091 9.8042487315827 -0.0003020536353644 3.1285505131264e-06 0.0011051959346277 -0.00028553473012356 9.8724827948386e-06 0.0011095556383688 0.39885461010248 0.042426406871193 4 5 4 4 0
49.014261525117 8.416965744597 108.04412078857 -0.006156 0.01471 1.9458453267949 0.02067825547723 -0.0089713321679064 0.022527156560083 -0.00077657957531882 -0.015718813388696 -0.14671471889801 -0.059661561880727 9.8104540800912 -0.0020977520638889 0.00082200548964421 9.8117322214635 0.00019845114131596 -0.00034055175582862 0.00046332289225936 0.00020531949797056 -0.00033769719858976 0.0004624544306366 0.39966485960114 0.042426406871193 4 5 4 4 0
49.014263092292 8.4169656163067 107.92779541016 -0.006082 0.014857 1.9418593267949 0.024286319840503 -0.0049740677169576 0.024436680596895 0.0041733142857172 -0.022302387299477 -0.14632437477199 -0.062040346403344 9.8111603111893 -0.00036514074033142 -0.0021057814424251 9.8124470141945 0.00040672772813391 -0.00035923598550774 0.00095962634270151 0.00042099396206712 -0.00035337444269633 0.00095566293897962 0.39885461010248 0.042426406871193 4 5 4 4 0
49.014263095681 8.4169657140097 107.91967010498 -0.006056 0.014881 1.9411483267949 0.027492478024812 -0.0037823106919119 0.026996999500148 0.0064269551936945 -0.022990636328399 -0.14225011163873 -0.062380890434556 9.8122108280889 0.0038993158190801 -0.0027892386035297 9.8134391124329 0.00030984377889824 -0.00026243070371233 -0.00028669238401313 0.00030554898161484 -0.00026417992837937 -0.00028967830013833 0.39885461010248 0.042426406871193 4 5 4 4 0
49.014262069017 8.4169659187879 107.97115325928 -0.006125 0.014807 1.9429583267949 0.0236851805985 -0.0038863748725702 0.023477530513986 0.0049900738869209 -0.020398642289686 -0.14487980563742 -0.05506924917789 9.8091548657767 8.9677486502875e-05 0.0049096944787962 9.8103780830718 6.2979746323048e-06 0.0004228742783227 0.00027533388739414 1.03450186948e-05 0.00042454436597999 0.00027261784362256 0.39966485960114 0.042426406871193 4 5 4 6 0
49.014263126832 8.4169655080973 107.9326171875 -0.006164 0.014871 1.9426583267949 0.021103563171537 -0.0060408515390233 0.021855645828318 0.0020460190094262 -0.022044788326403 -0.14158559024885 -0.060440346635166 9.8043567206293 0.004164593469932 -0.0003070980884114 9.8055644821251 -0.00066321148206339 -5.6641344447757e-05 7.3035731731864e-05 -0.0006620336721137 -5.6195944590776e-05 8.3241957692677e-05 0.39885461010248 0.042426406871193 4 5 4 4 0
49.014263058804 8.4169657369156 107.92288970947 -0.00601 0.014886 1.9411463267949 0.028129941637701 -0.004001594732044 0.027670892146647 0.0064519983902824 -0.022841316251557 -0.13979505139817 -0.055363529510372 9.805625986813 0.0062364376578975 0.0039162082838583 9.8067760815322 0.0006507792032847 -6.3188660799025e-05 -6.8749257723355e-05 0.00064969018824682 -6.3584177210848e-05 -7.8057591653334e-05 0.39885461010248 0.042426406871193 4 5 4 4 0
49.014261370856 8.4169657911179 108.08082580566 -0.006096 0.014635 1.9469183267949 0.017192662237458 -0.008235219661224 0.019015490693956 -0.0013484904500174 -0.012769531998404 -0.14302791352187 -0.061581383061211 9.806982704386 0.0007568865783471 -0.0013204630389843 9.8082185296445 0.00089335826087143 -0.00024776218454001 0.00070169585356774 0.00090356575881957 -0.00024344931483091 0.00069002918911238 0.39966485960114 0.042426406871193 4 5 4 4 0
49.014261925409 8.4169657756032 107.97794342041 -0.00619 0.014904 1.9437153267949 0.02436787088702 -0.0072272771225223 0.025326303069262 0.0021461027316563 -0.020433691308786 -0.13960556075749 -0.059640753228646 9.8056363507562 0.0062302973481856 0.00095463551987842 9.8068095035809 -0.00015779271489973 0.00053893383655634 0.00097077964364545 -0.00014336955518496 0.00054493517945184 0.00096965993485351 0.39966485960114 0.042426406871193 4 5 0 6 0
49.014262209345 8.4169661117019 107.97998809814 -0.006077 0.014752 1.9422653267949 0.021927426513063 -0.00052917854156946 0.020624506372898 0.0074647221698095 -0.01887027930098 -0.13774009322027 -0.060883011364003 9.8053728911521 0.0068167318766678 -0.0014367236512332 9.8065269377225 -0.00015635991515742 9.3478600317628e-05 0.00050279022217511 -0.00014891948060849 9.6515907802921e-05 0.00050448760524994 0.39966485960114 0.042426406871193 4 5 4 4 0
49.014263094785 8.416965488485 107.95362854004 -0.006139 0.014744 1.9442733267949 0.01431140809212 -0.0046441301984553 0.015019318014801 0.000896923120936 -0.021202717108016 -0.1439240749783 -0.062797119804574 9.8088312070454 0.0005741361355349 -0.0025701466130689 9.8100874039695 3.2474130853031e-05 0.00012245607650703 0.0012472086079497 5.0866658645339e-05 0.00013014308183295 0.0012458261964448 0.39885461010248 0.042426406871193 4 5 4 4 0
49.014262944964 8.4169658106086 107.93125152588 -0.006033 0.014853 1.9413693267949 0.027640042114977 -0.003079946479498 0.026879521339538 0.0071378873407619 -0.02200997725315 -0.14246434634538 -0.053283219333245 9.8052870988119 0.0032469215785129 0.005920592161211 9.8064646031131 0.00011014776381411 -1.7633439579947e-05 0.00087314052249186 0.00012313915772861 -1.2360791335056e-05 0.00087149606879574 0.39885461010248 0.042426406871193 4 5 4 4 0
49.014261962979 8.4169657900274 107.97492980957 -0.006185 0.014867 1.9435963267949 0.024188353834796 -0.0069141130986475 0.025045297603229 0.002369909880456 -0.020473438696927 -0.14534946289289 -0.058568594511661 9.8092565064388 0.00052302415048844 0.0019226170210761 9.8105080175158 -0.00026800224496445 -5.8662718723254e-05 0.00013152598722682 -0.00026601960101774 -5.7853578195575e-05 0.00013584361870495 0.39966485960114 0.042426406871193 4 5 0 6 0
49.014263141113 8.416965550675 107.92821502686 -0.006129 0.014882 1.9422193267949 0.022913706617121 -0.0055813544204849 0.023376639288592 0.0031182570676706 -0.022316877579248 -0.14333979544009 -0.059857198924548 9.8084565790122 0.0025285876351546 0.00022031598238482 9.8096865026924 -0.00013191150827843 0.00015347784085044 0.0007026474284324 -0.00012144388970964 0.00015777833687654 0.00070357881547657 0.39885461010248 0.042426406871193 4 5 4 4 0
49.014262137994 8.4169660660526 107.97814178467 -0.006066 0.01474 1.9424743267949 0.022227557442823 -0.0011657573223892 0.021133164988783 0.0069866791715181 -0.019253801661143 -0.14368248819876 -0.049724302595254 9.8080769169255 0.00097863658687697 0.0097710051654207 9.8092507818254 8.6438736556359e-05 -0.00021093449978379 -0.00060046392401318 7.7640070748078e-05 -0.00021456598703677 -0.00060038994445299 0.39966485960114 0.042426406871193 4 5 4 4 0
49.014263106885 8.4169654768106 107.93704986572 -0.006147 0.014853 1.9431013267949 0.019633619680157 -0.0061400398628916 0.020521847635694 0.0014267002670055 -0.021667309546793 -0.13881483391935 -0.059735169558559 9.8093497221118 0.0067682832510564 0.0004218979698632 9.8105114817454 -0.00032694405434551 5.9810110405739e-05 0.00014883148359041 -0.00032470241376063 6.0733505004277e-05 0.00015332238606701 0.39885461010248 0.042426406871193 4 5 4 4 0
49.014261772993 8.4169656760252 107.9967956543 -0.006141 0.014872 1.9444133267949 0.025034676364363 -0.0097321006378266 0.026859713573871 7.3184808990629e-05 -0.019557556522288 -0.14914639928268 -0.063497676133068 9.8100902003897 -0.0032104111244686 -0.0027811515298657 9.8114282388997 0.00088206881183756 7.2894436509931e-05 0.00062615476068027 0.00089127321041719 7.6764236480783e-05 0.00061250047732447 0.39966485960114 0.042426406871193 4 5 0 4 0
49.014263066806 8.4169654103888 107.94676971436 -0.006162 0.014783 1.9444633267949 0.016263293589121 -0.0062556198445512 0.017424547675574 0.00011250136257861 -0.021364368051671 -0.14437654363275 -0.061739040530415 9.8054205741064 0.00074867066185969 -0.0012440869437928 9.806677670854 0.00013224830644347 -0.00038985620859419 0.0011676681528397 0.00014956236774041 -0.00038262382789208 0.0011679673384436 0.39885461010248 0.042426406871193 4 5 4 4 0
49.014262245838 8.4169661335228 107.98163604736 -0.006044 0.014754 1.9421093267949 0.022053784889088 -6.2807408668372e-05 0.020573634720949 0.0079434699796846 -0.018581559084563 -0.14449393808838 -0.053066040443658 9.8103319694984 0.00020837100234979 0.0059929512968056 9.8115377642726 -0.00037374761036502 1.4990841067716e-05 0.00051933996567665 -0.0003660554132761 1.8124288918913e-05 0.00052469329542494 0.39966485960114 0.042426406871193 4 5 4 4 0
49.014261856819 8.4169656753785 107.98482513428 -0.006189 0.014884 1.9439913267949 0.025325395654722 -0.0090065375734988 0.026865923430312 0.00084615974003488 -0.020121520319217 -0.14531974502421 -0.064399228660389 9.809932528657 0.00065003927634291 -0.0037336786769586 9.8112195823895 -3.6352789141599e-05 3.6423287958495e-06 0.00095762424328241 -2.2087567507851e-05 9.5588174896286e-06 0.00095803010049539 0.39966485960114 0.042426406871193 4 5 0 6 0
49.014262969182 8.4169657886203 107.930519104 -0.006063 0.014885 1.9413533267949 0.027735819199017 -0.0029873339986335 0.026935448311228 0.0072581438547869 -0.02217737498991 -0.13982463991718 -0.060288977901315 9.8101682346941 0.0060525043090196 -0.00091117838394413 9.8113484495405 -0.0001609091257773 0.00039193102123442 0.0010951906722274 -0.00014464550389944 0.00039858139238236 0.0010950519985726 0.39885461010248 0.042426406871193 4 5 4 4 0
49.01426211665 8.4169659795973 107.96994781494 -0.006103 0.014812 1.9427243267949 0.023560740926469 -0.0025338343053199 0.0228709374828 0.0062007877114572 -0.020179429594972 -0.13400078823973 -0.058967784612258 9.8059035909217 0.010903976983142 0.00094883796544915 9.8069899093679 0.00025105658862027 0.0005245596859236 0.00010862547456699 0.00025255889673715 0.00052521414325481 0.00010168009062345 0.39966485960114 0.042426406871193 4 5 4 4 0
49.01426181728 8.4169656721964 107.98992919922 -0.006188 0.01486 1.9441863267949 0.025494841316364 -0.0096380749163854 0.027253925610896 0.0003230616717664 -0.019868057866614 -0.1363486558719 -0.054854192592295 9.8065532055547 0.0094632239070075 0.0057201120889103 9.8076479955856 -0.00016841806200785 -6.8911581743801e-05 0.00086157195259811 -0.00015558221848973 -6.3596342865816e-05 0.00086439669802528 0.39966485960114 0.042426406871193 4 5 0 6 0
49.014263077917 8.4169654297456 107.94384002686 -0.006165 0.014761 1.9440273267949 0.017397582506009 -0.0062807429077641 0.018489928242856 0.00049694201844278 -0.021249164031697 -0.14831475475474 -0.059200368737239 9.811611466071 -0.003098521602657 0.0012827392201276 9.8129103528788 -7.1000573871819e-05 -0.00076716894466355 0.0012561951728926 -5.2325093569524e-05 -0.00075941443871856 0.0012618249906194 0.39885461010248 0.042426406871193 4 5 4 4 0
49.014262840744 8.4169658737273 107.9368057251 -0.006096 0.01481 1.9414093267949 0.02729657694539 -0.0023519540018091 0.026294942763187 0.0076948224641254 -0.021645689351258 -0.13834681183364 -0.062244979213937 9.812165373541 0.0072174358456973 -0.0027746238326132 9.8133347748072 -0.00060812894895911 -0.00034767743653896 0.00012008828096976 -0.00060623408640206 -0.00034699520126136 0.00013119587121334 0.39885461010248 0.042426406871193 4 5 4 4 0
49.014262501628 8.4169660882074 107.97129058838 -0.006011 0.01472 1.9416923267949 0.023789114607382 -8.4971759544818e-06 0.022175146319088 0.0086130394032747 -0.01920212937643 -0.14429225477417 -0.055653732390689 9.8101231006521 0.00036570068931572 0.003585863580685 9.8113413482077 0.00051400854925615 -0.00030787732013782 0.00078621399253011 0.00052554264748184 -0.00030313992205194 0.00078041182510236 0.39885461010248 0.042426406871193 4 5 4 4 0
49.014261647377 8.4169657083936 108.01898193359 -0.006191 0.014781 1.9451603267949 0.02297147202005 -0.0094316119155342 0.024829369982496 -0.00038436321122721 -0.017856047082335 -0.14457271021173 -0.064384023730671 9.8066871764687 0.00064876104429262 -0.0038148145708563 9.8079634777916 -0.00025317803549407 -0.00026844704889244 0.0019570397871716 -0.00022416491551023 -0.00025635083388962 0.0019621968919434 0.39966485960114 0.042426406871193 4 5 0 4 0
49.014263088675 8.4169654605426 107.94106292725 -0.006179 0.01482 1.9434363267949 0.01823963107278 -0.0062328560273503 0.019256861815136 0.00084104566077857 -0.021470521877983 -0.14075347036028 -0.053319824116775 9.8069863980285 0.0045990468474312 0.0070472125379457 9.808137731337 -0.00052221824595653 -0.00016776186536399 6.0071332949582e-05 -0.00052124802383807 -0.00016738781651442 6.8838326750624e-05 0.39885461010248 0.042426406871193 4 5 4 4 0
49.014262331377 8.4169661350159 107.98419952393 -0.005977 0.01467 1.9421653267949 0.021986013046405 0.00075351792436111 0.020214766418244 0.0086784287160997 -0.018379224575254 -0.14070527711579 -0.064076966722728 9.808448020685 0.0034379783771936 -0.0049914996018981 9.8096642063718 0.00088354940782768 -0.00040226036963304 0.0014918509771693 0.00090540186107413 -0.00039332052904838 0.0014810995021454 0.39885461010248 0.042426406871193 4 5 4 4 0
49.014263113752 8.4169656620788 107.92219543457 -0.006114 0.014886 1.9414813267949 0.025657605724077 -0.0048222048135347 0.025661375520813 0.004802172619544 -0.02269857292146 -0.14710525671865 -0.058828660424106 9.8146929963414 -0.00096734033039845 0.00095146822194584 9.8159715199542 -0.00045743349783552 -0.00011197027379264 0.00070802902427178 -0.0004468417254484 -0.00010762835923007 0.00071542055438176 0.39885461010248 0.042426406871193 4 5 4 4 0
49.014262292168 8.4169661380309 107.98610687256 -0.006027 0.014694 1.9421853267949 0.021450338995918 9.9316846497225e-05 0.019952170036645 0.0078764471826451 -0.018042713695989 -0.1434043289617 -0.048223638122262 9.8109830404201 0.00084034807764469 0.010778692011262 9.8121438020904 -0.00017085251996159 -0.00014681047992541 0.00083334940545892 -0.00015858161109522 -0.00014179895056111 0.00083664446150832 0.39885461010248 0.042426406871193 4 5 4 4 0
49.014263070199 8.4169654205141 107.94790649414 -0.006177 0.014828 1.9444813267949 0.015587383043519 -0.0059816453173513 0.016695275407774 0.00012060940048105 -0.021363086045469 -0.13735444449137 -0.057865510914412 9.8096860242345 0.0078001857848231 0.0025816798850556 9.8108146256322 -0.0002553945186411 0.00044511894668113 0.001198557639838 -0.00023765063342004 0.00045248614287064 0.0011994362887104 0.39885461010248 0.042426406871193 4 5 4 4 0
49.014262384301 8.4169661270059 107.98100280762 -0.006069 0.014738 1.9420213267949 0.022260394029243 0.00047865422648707 0.020571528637763 0.0085185329967763 -0.018297797636355 -0.1409748623835 -0.066810574681167 9.8067934608821 0.0034683640771019 -0.007469967593902 9.808030855951 -0.00024711215192245 0.00027359871663946 0.0012867230147024 -0.00022813988528095 0.00028137097509808 0.00128855690123 0.39885461010248 0.042426406871193 4 5 4 4 0
49.014262565768 8.4169660559208 107.96399688721 -0.00606 0.014715 1.9415713267949 0.02500013858482 -0.00038783793571468 0.023442295731194 0.0086957545539285 -0.019978181369198 -0.13786301702092 -0.058041828879582 9.8107042683971 0.0068714855596327 0.0012145742826092 9.8118418824284 -0.00035180910518782 -0.00040148718434814 0.00090436118341996 -0.00033841697582266 -0.00039601731883036 0.00091183446234002 0.39885461010248 0.042426406871193 4 5 4 4 0
49.014262133091 8.4169660621265 107.97526550293 -0.006127 0.014752 1.9425913267949 0.022269234656862 -0.0017748844037398 0.021392683637661 0.0064360551585538 -0.019731792997479 -0.13695945244489 -0.059163418850319 9.8061610981039 0.0078077001995423 0.00063989117046674 9.8072931937066 -0.00047531842574269 -0.00024670118182119 0.00060140049017023 -0.00046636127083458 -0.00024302805248187 0.00060985160186492 0.39966485960114 0.042426406871193 4 5 4 4 0
49.014262175038 8.4169660847407 107.97914886475 -0.006078 0.014756 1.9424313267949 0.022349682751665 -0.00023716493911695 0.020910684319831 0.007893512291648 -0.019155928874803 -0.1418464213716 -0.061596497729021 9.8096011024998 0.0027040565678401 -0.0019108947949919 9.8108193155026 0.00021950509112911 0.00032847618430924 0.00043322136543152 0.00022583550439701 0.00033109409036977 0.00042792761476788 0.39966485960114 0.042426406871193 4 5 4 4 0
49.014261703794 8.4169656919323 108.00832366943 -0.006179 0.014836 1.9447123267949 0.024100179951222 -0.0096114101473559 0.025945659079943 -0.00014817010200236 -0.018658703077603 -0.14208042897746 -0.056024821975556 9.8084086825104 0.003394937210296 0.0046617111877488 9.8095957181752 0.0001787922128672 0.00030449005711869 5.4174556038773e-05 0.00017957366318741 0.00030481212963401 4.9618998284947e-05 0.39966485960114 0.042426406871193 4 5 0 4 0
49.014262816005 8.416965893568 107.93741607666 -0.006035 0.014806 1.9414413267949 0.027360431174563 -0.0019418842912024 0.026205730769501 0.0081008348640776 -0.021568677743173 -0.14313577861443 -0.057717796088269 9.8074398184873 0.0023195993453145 0.0015233342852341 9.8086536760674 0.00012413894269179 -0.00039244156588787 7.6673006902292e-05 0.00012531616307677 -0.00039197928187102 7.7180079073736e-05 0.39885461010248 0.042426406871193 4 5 4 4 0
49.01426187569 8.4169657395691 107.98332214355 -0.006196 0.014877 1.9438863267949 0.024821950846255 -0.0081163161971798 0.026072804810516 0.001487777227125 -0.020209462563064 -0.14409916762189 -0.056902696124615 9.8101718718409 0.0017915390219271 0.0037508196976151 9.8113945345345 -0.00017586097282416 0.00012046290604443 0.0010083004494603 -0.00016086804145004 0.00012670881756639 0.00101004336857 0.39966485960114 0.042426406871193 4 5 0 6 0
49.014261421747 8.4169657750126 108.06819152832 -0.0062 0.014635 1.9464803267949 0.01823746176631 -0.0085234910627902 0.020092731645559 -0.0012404201918684 -0.013732345636007 -0.14388227516484 -0.059733807772597 9.8112871518212 0.00011549382817193 0.00069497216477286 9.8125243402099 -0.0006717477985921 -0.0005256092829568 3.9759321445699e-06 -0.00067153215890787 -0.00052562483158363 1.7123880156343e-05 0.39966485960114 0.042426406871193 4 5 4 4 0
49.01426199871 8.4169658100875 107.9722366333 -0.006182 0.014857 1.9434933267949 0.024346771768438 -0.0061926968581753 0.024930580136133 0.003095652206197 -0.020425448394448 -0.142217482165 -0.05523563718038 9.8055135677464 0.0034139032619347 0.0051431695358089 9.8066980248861 -0.00034704622094065 0.00010440215307378 0.00048295278140712 -0.00033985870288064 0.00010739030073601 0.00048740246521763 0.39966485960114 0.042426406871193 4 5 4 6 0
49.014262680124 8.4169659864931 107.95150756836 -0.006019 0.01477 1.9414993267949 0.025795675912161 -0.0014189784196394 0.024557389437441 0.0080227675497336 -0.020747858228653 -0.14328580923297 -0.066727214905692 9.8067613780094 0.0017566387433191 -0.0075164374748513 9.8080317048512 0.00034124909136994 -0.00017740820265245 0.00011967569478219 0.00034299597026418 -0.00017670036079673 0.00011566228670741 0.39885461010248 0.042426406871193 4 5 4 4 0
49.014263119907 8.4169655823899 107.92800140381 -0.006145 0.014895 1.9420803267949 0.0237060565344 -0.0052815029937671 0.024006767479687 0.0036807908791371 -0.022360124880121 -0.13542939478444 -0.058040932305561 9.8095665777146 0.010577068474485 0.0020358935764538 9.8106672501485 -0.00045132442764722 0.00016034261729109 0.0017462673544971 -0.00042529046339119 0.00017104008371835 0.0017517614777587 0.39885461010248 0.042426406871193 4 5 4 4 0
49.014262427924 8.4169661159606 107.97827911377 -0.006061 0.014696 1.9418093267949 0.02305273345435 0.00011118756240689 0.021444712646095 0.0084596078174525 -0.018915160550884 -0.14173644824293 -0.057365580568712 9.806472131176 0.0026649967346251 0.0018369728603479 9.8076634037868 -0.00037045323891491 -0.0003550433092216 0.00089934855288489 -0.00035713275852377 -0.00034959493718884 0.00090683853744797 0.39885461010248 0.042426406871193 4 5 4 4 0
49.014263104283 8.4169656362539 107.92431640625 -0.006027 0.014881 1.9417323267949 0.024978495885856 -0.0048344567056429 0.025031808848074 0.0045504465310345 -0.022712456717058 -0.13609202355683 -0.052162402745307 9.8076655715391 0.0099019697204812 0.0075488973315505 9.8087409185928 0.0010141591115909 -0.00016011877000789 0.0014538568202521 0.001035697138652 -0.00015128040722105 0.0014395648955287 0.39885461010248 0.042426406871193 4 5 4 4 0
49.014263016941 8.4169657579252 107.92642211914 -0.006047 0.014886 1.9412743267949 0.027700800851655 -0.0036106546617676 0.02712888804692 0.0066628865545774 -0.022663941923136 -0.14618778296739 -0.061933686998169 9.8103188911647 -8.4276503390529e-05 -0.0026247498990445 9.8116036586676 1.3505892240478e-05 -2.2378136257033e-05 0.00053498268425396 2.1458867488263e-05 -1.9133567339638e-05 0.00053483915956272 0.39885461010248 0.042426406871193 4 5 4 4 0
49.014262137877 8.4169660156069 107.97046661377 -0.006096 0.014786 1.9425723267949 0.022973662357571 -0.0018763318476474 0.022085481978077 0.0065985885151526 -0.01992248684236 -0.14079331142827 -0.066345330461701 9.8103515824447 0.0039969115673659 -0.0063548414649034 9.8115831383323 0.00046829139668974 0.00032108749871607 -0.0010367086609178 0.00045286784498248 0.00031478590689235 -0.0010454435489147 0.39966485960114 0.042426406871193 4 5 4 4 0
49.014261572378 8.4169657314025 108.03344726562 -0.006173 0.014755 1.9455993267949 0.021934172959846 -0.0093286430150285 0.023826458608293 -0.00065820862339845 -0.016941663723534 -0.13412718127372 -0.059159731622136 9.810015039911 0.01093812063861 0.0012594776249906 9.8111040125197 -0.00024746064431295 -0.00028464468049017 0.0020179106281019 -0.00021759792163812 -0.00027217382548386 0.0020230697645201 0.39966485960114 0.042426406871193 4 5 4 4 0
49.014262028584 8.4169658327731 107.97121429443 -0.006192 0.014873 1.9433123267949 0.024093805063624 -0.0054504133715306 0.024425410913224 0.0036905031258721 -0.020507958475481 -0.14412322920466 -0.065094765877303 9.8081450239325 0.0013435986611263 -0.0046808651352737 9.809418966662 -0.00044584921123942 0.00070795601481737 0.00061520139761646 -0.00043673795776148 0.0007117246875693 0.00061739627332543 0.39966485960114 0.042426406871193 4 5 4 6 0
