49.014224829612 8.4169892498574 117.11714935303 -0.007151 0.014453 1.9069733267949 -0.0092736534432256 -0.00076760467131296 -0.0085001366847743 -0.0037866262563939 -0.0016712263693098 -0.14384129421253 -0.06439577376697 9.8115911284754 -0.0021233362152874 0.006075111591325 9.8128545058496 0.00060130958428549 6.9009917792845e-05 8.0372067054232e-05 0.00060240188758884 6.9595157855896e-05 7.1189624080502e-05 0.39460613274504 0.038183766184074 4 4 4 4 0
49.014225450043 8.4169906182684 116.89792633057 -0.007104 0.014541 1.9044323267949 -0.0018422896407876 0.0031214253124505 -0.0027630740999045 0.0023457329887871 -0.010480988999095 -0.14529720902045 -0.071566778750974 9.8073282385284 -0.0027078560415973 -0.002234180087062 9.8086650460264 -0.0006003784254538 -3.1326476944735e-05 0.00039133161797858 -0.0005945976817515 -2.8560894585944e-05 0.0004002330932895 0.39640005045408 0.038897300677553 4 4 4 4 0
49.014226402903 8.4169921139632 116.63232421875 -0.007081 0.014558 1.9028173267949 -0.00019742855013274 0.0054192899056955 -0.0019538601132598 0.0050586073400753 -0.017118123079065 -0.14547806251857 -0.070470685842322 9.808001199818 -0.0029098508762139 -0.00085137669414037 9.8093328490154 0.00031518845993713 0.00024716289599184 0.00051539620621581 0.0003226396577724 0.00025080610542076 0.00050899795027342 0.40082415096898 0.039597979746447 4 4 4 4 0
49.014226544126 8.4169921822495 116.60839080811 -0.007069 0.014561 1.9020283267949 0.0012910924255291 0.005091451556158 -0.00043580443387482 0.0052343919904682 -0.017945014841279 -0.14415189367783 -0.067410392367178 9.8066421916843 -0.0013531326258996 0.0017822886261372 9.8079331569209 -0.00020584698032943 -0.00013232908295539 -0.00010543624867479 -0.00020736884053797 -0.00013310332545993 -0.0001015046965529 0.40082415096898 0.039597979746447 4 4 4 4 0
49.014224794238 8.4169891647615 117.13377380371 -0.007202 0.014426 1.9075423267949 -0.0096731503806513 -0.00056606496622984 -0.0089417362516472 -0.0037330884291836 -0.0011768191313742 -0.15214208649478 -0.072176100775491 9.8104600696346 -0.010518382053451 -0.0014296233923759 9.8118995840799 0.0002050142495057 -0.00027571602118299 -0.00030405301159285 0.00020061027759841 -0.00027790252630721 -0.00030499723895739 0.39460613274504 0.038183766184074 4 4 4 4 0
49.014226890108 8.416992607125 116.51766204834 -0.007045 0.014607 1.9014373267949 0.0034527500377296 0.0059017284743164 0.0013499708520401 0.0067029414146181 -0.020810567015297 -0.14632688394957 -0.068020714872328 9.8098244916927 -0.0029077245677331 0.00089525258717184 9.8111509622562 -0.00032214067192957 -0.00018966757511481 0.00035129666299756 -0.00031696169500486 -0.00018720053434651 0.00035729574384557 0.40222630446056 0.039597979746447 4 4 4 4 0
49.014224879614 8.416989420683 117.08563995361 -0.007151 0.014492 1.9064233267949 -0.0086983911342712 -0.000639229316677 -0.0080024064597455 -0.0034687217396211 -0.0032429248530024 -0.14481117165175 -0.070000229936724 9.8038923157622 -0.0032403115412865 0.0003186818831414 9.8052108684966 0.00038473468775187 0.00086244304045551 0.00062112067148855 0.00039355767821609 0.00086683669955331 0.00060934203565479 0.39460613274504 0.038183766184074 4 4 4 4 0
49.014225547432 8.4169907790793 116.87190246582 -0.007084 0.014521 1.9037553267949 -0.0012943012822612 0.003371379868927 -0.0023258269552261 0.0027625766151854 -0.011052134447944 -0.14731779401144 -0.068485760552942 9.8056945962952 -0.0049826475675576 0.00079671653140754 9.8070392005379 -0.00024529010374022 1.6924456884105e-05 0.000456202042887 -0.00023863854430671 2.0166830059016e-05 0.00045961154088259 0.39640005045408 0.038897300677553 4 4 4 4 0
49.014225007641 8.416989817766 117.02548980713 -0.007114 0.01447 1.9070283267949 -0.0069348467255511 0.00063452957633097 -0.0067561654634299 -0.0016880193955023 -0.0059284419552274 -0.13887956023429 -0.065230420371613 9.804360927319 0.0029106600759541 0.0045551490813575 9.8055599548962 1.9689935024205e-05 0.00010172950578531 -0.00014416468075315 1.756637694969e-05 0.00010070598758413 -0.00014514804854201 0.39580045477488 0.038183766184074 4 4 4 4 0
49.014225764246 8.4169912662547 116.79492950439 -0.007109 0.014515 1.9033853267949 -0.0016837908833185 0.00410928601441 -0.0029333084456969 0.0033342417540994 -0.012703036428065 -0.14780258765853 -0.067977627649908 9.8077358752863 -0.0056134086949139 0.0017612685125765 9.8090833246374 0.00011135486368791 0.00034430050336588 7.6379812385082e-05 0.00011239391804624 0.00034480146824812 7.2296910200913e-05 0.39840180722482 0.039597979746447 4 4 4 4 0
49.014226124517 8.4169918797635 116.68839263916 -0.007069 0.014543 1.9040483267949 -0.0021490853797726 0.005460711986335 -0.0038173103235295 0.0044571477437487 -0.015296762549994 -0.14771784623468 -0.066514831692359 9.8096237767878 -0.005226080962287 0.0029882603185828 9.8109594722955 0.00029124009626907 0.00022775883552327 0.00018660712596712 0.00029386316957535 0.00022905640059232 0.00018077818317356 0.3996098096894 0.039597979746447 4 4 4 4 0
49.014225783177 8.4169913158261 116.78914642334 -0.007124 0.014479 1.9035033267949 -0.0021152445536096 0.0039407071542401 -0.0032860988157573 0.0030339654140821 -0.012746823964231 -0.14355880652092 -0.067259626265126 9.8070265666323 -0.0015687526841881 0.0025347876245262 9.8083076997258 -6.1165009345648e-05 4.4915112759975e-05 0.0014410484068921 -4.0295210048711e-05 5.5180369885047e-05 0.001441446264712 0.39840180722482 0.039597979746447 4 4 4 4 0
49.014225188706 8.4169902009242 116.96463012695 -0.00711 0.014488 1.9055423267949 -0.0051433438446361 0.0017755472309148 -0.0054411391901019 -1.4340981934269e-05 -0.0080701439207698 -0.14777831475919 -0.068808987748707 9.8095421083768 -0.0056179912864278 0.00063216447826025 9.810894877526 -0.00051823628022318 -0.00018091224401906 -0.00063132221486383 -0.00052733308160159 -0.00018533396016023 -0.00062243802589902 0.39580045477488 0.038183766184074 4 4 4 4 0
49.014226868333 8.4169925532341 116.52732849121 -0.007011 0.014622 1.9013583267949 0.0036604404957519 0.0056444727335366 0.0016300004475788 0.006527018325552 -0.020552083204558 -0.14316456787387 -0.065447741652589 9.803693768184 0.00017928903843442 0.0035014071444211 9.804956943949 0.00040903984149589 2.8799672752768e-05 -0.00049736451726055 0.00040170956171577 2.5303074578373e-05 -0.0005034742692138 0.40082415096898 0.039597979746447 4 4 4 4 0
49.014225070068 8.4169900355746 116.993309021 -0.007093 0.014452 1.9067493267949 -0.0064454089044783 0.001460676620482 -0.0065665380386831 -0.00074662155733592 -0.0071345670037305 -0.14415728407976 -0.06641059135863 9.8078657350123 -0.00225972255981 0.0032214873947194 9.8091492932529 0.00015734122280154 -0.0002867175389858 -0.00098226280720601 0.00014317653228377 -0.00029364677433031 -0.0009823858654402 0.39580045477488 0.038183766184074 4 4 4 4 0
49.014225230574 8.4169902794327 116.95195007324 -0.007126 0.014511 1.9053353267949 -0.0047174497834323 0.0018388438988188 -0.0050596681271066 0.00018751441491379 -0.0084926610946139 -0.14050292379488 -0.068244091909321 9.804440889427 0.0016695774167144 0.0012441368607479 9.8056850332678 -0.00068774986096643 9.4947336946069e-05 0.00044595326109331 -0.00068123028855362 9.8117479191949e-05 0.0004551829396738 0.39580045477488 0.038183766184074 4 4 4 4 0
49.01422606202 8.4169918182758 116.70177459717 -0.00709 0.014527 1.9041183267949 -0.0024423264535193 0.0052107940643723 -0.0040123896412537 0.0041253130336469 -0.014944060675299 -0.14830845672716 -0.069590523735055 9.808834173343 -0.0059283914466709 -1.6672557053619e-05 9.8102004409288 3.9554973499719e-05 0.00015620924534334 0.0010410516537267 5.4622248849262e-05 0.00016360458271955 0.0010392282488426 0.3996098096894 0.039597979746447 4 4 4 4 0
49.014224987898 8.4169897460314 117.03609466553 -0.007173 0.014456 1.9067233267949 -0.0073149174002447 0.0003703033868403 -0.0070283685123741 -0.0020609310366914 -0.0054181946195762 -0.14445108275908 -0.069772689709753 9.8096654614445 -0.0026196646823388 0.00032899429369146 9.8109767680795 -0.00053530321600202 -0.00010031020297432 -8.9058943666316e-05 -0.000536538088286 -0.00010095352818077 -8.0568633271503e-05 0.39580045477488 0.038183766184074 4 4 4 4 0
49.014225289548 8.4169903818018 116.93668365479 -0.007086 0.014533 1.9052083267949 -0.0039595549533187 0.0023057882327579 -0.0044970923167357 0.00087785390375915 -0.0091295091868517 -0.1435106778379 -0.071206616087595 9.8027486303125 -0.0011462716961446 -0.0018861042599258 9.8040575912235 -0.00027598534663935 5.4983337596236e-05 -0.00061487253450898 -0.0002848981591313 5.0625676779459e-05 -0.00061120960931714 0.39580045477488 0.038183766184074 4 4 4 4 0
49.014226321791 8.4169920616172 116.64699554443 -0.007097 0.014531 1.9031213267949 -0.00091667265297986 0.0053811427890766 -0.0026222781630425 0.0047875354494474 -0.01660995751179 -0.14388780013475 -0.066734158432018 9.8076055979816 -0.0012331421581906 0.0028254574385295 9.8088876620011 -8.5428053062526e-05 -0.0003153075650761 0.00078013836314256 -7.4035936413618e-05 -0.00030978334302188 0.0007835147657753 0.3996098096894 0.039597979746447 4 4 4 4 0
49.014225822098 8.4169914706561 116.76757049561 -0.007097 0.014547 1.9040193267949 -0.0028426077106956 0.0044585355831528 -0.0041440929951365 0.0032841125973824 -0.013031310062936 -0.14123041381648 -0.070062514958374 9.803787810301 0.00088732646133493 -0.00044564957712199 9.8050552892889 9.7381842571325e-05 0.00093270823006776 0.00071029348630285 0.00010760577411993 0.00093772251947286 0.0007021906422933 0.39840180722482 0.039597979746447 4 4 4 4 0
49.014224769467 8.4169891353167 117.14171600342 -0.00718 0.014389 1.9079433267949 -0.010348989456975 -0.00060055294149095 -0.009565591368677 -0.0039956143299276 -0.00066435302503405 -0.14423414231963 -0.068333080798274 9.8097584490154 -0.0026956345524862 0.0023161520987742 9.8110561936218 0.00044271379105387 -0.00088113180307568 6.8422942598508e-07 0.00044282172637337 -0.0008811042524701 6.7326149542289e-07 0.39460613274504 0.038183766184074 4 4 4 4 0
49.01422540298 8.4169905477182 116.90808868408 -0.007034 0.014499 1.9046273267949 -0.0023162232442989 0.0028008194835019 -0.0031062584049895 0.0018869151475275 -0.010232075991208 -0.14357493170221 -0.069443871605665 9.8106357034859 -0.00097468846759557 -0.00026186653566251 9.8119318638147 0.00032554796829828 -0.00071455291150747 0.00034394482609009 0.00033064663716493 -0.00071206953763176 0.00034424932505152 0.39640005045408 0.038897300677553 4 4 4 4 0
49.014226273055 8.4169920077878 116.6576385498 -0.007113 0.014524 1.9032043267949 -0.0010915478720584 0.0053402667048465 -0.0027748256210127 0.0046914598108907 -0.016365232624064 -0.14297543021822 -0.071735329069749 9.8080779169895 -0.00039693945652497 -0.0021135712671289 9.8093820972654 -0.00023470249560845 -0.00027315715292083 0.0007501763657024 -0.00022378731925032 -0.00026781835687904 0.00075540029075052 0.3996098096894 0.039597979746447 4 4 4 4 0
49.014225022892 8.4169898977485 117.01512908936 -0.007095 0.014468 1.9071873267949 -0.0067866514213096 0.0012682985311145 -0.0068249820068955 -0.0010428699511712 -0.0064005282550461 -0.14365448082075 -0.070122412194538 9.8129148980296 -0.0017930161641064 -0.00033909258469657 9.8142164822893 0.0002962775237466 0.00017414380831137 -9.409177263989e-05 0.00029485907431212 0.00017343741114912 -9.9618889098808e-05 0.39580045477488 0.038183766184074 4 4 4 4 0
49.014225883671 8.4169915800648 116.74806213379 -0.007125 0.014519 1.9039733267949 -0.0028910708811617 0.0046173041341568 -0.0042420616034564 0.0034179982630163 -0.01354742691862 -0.13976731887432 -0.067909364661109 9.8083241783924 0.0026799096198137 0.0016720002728696 9.8095545020962 -0.00052328981796425 -0.00010062314062636 0.00037282605478139 -0.00051781129086822 -9.7958879796756e-05 0.00038109678097476 0.39840180722482 0.039597979746447 4 4 4 4 0
49.014224952621 8.4169896491473 117.05018615723 -0.007162 0.014471 1.9065173267949 -0.0077569469695673 9.3947148818635e-06 -0.0073270680015997 -0.0025464760251354 -0.0047822709617415 -0.14152470319952 -0.068174471220125 9.8033977195366 1.4045699867884e-05 0.0020340325040033 9.8046562070394 -2.6312850917316e-05 0.00051880480614376 -0.00014537430448767 -2.8458938147526e-05 0.00051774331983644 -0.00014867046268528 0.39460613274504 0.038183766184074 4 4 4 4 0
49.014226704023 8.4169923265444 116.57231140137 -0.007035 0.014601 1.9014853267949 0.0028332926670529 0.0052442635880658 0.00097596118964893 0.0058802054471132 -0.019206174563763 -0.1405487095063 -0.0687657140046 9.8068012672211 0.002693060218262 0.000347125007911 9.8080489929718 0.00028411048329116 -0.00014735993125944 -0.00072841534820544 0.00027345211368683 -0.00015246313710571 -0.00073143234068786 0.40082415096898 0.039597979746447 4 4 4 4 0
49.014224862612 8.4169893716482 117.09398651123 -0.007185 0.014428 1.9064463267949 -0.0089488620320165 -0.00082188199884874 -0.0081783293679818 -0.0037245725943682 -0.0028789161534117 -0.1407590358939 -0.072909806628922 9.8074671031379 0.00083293899849365 -0.002381501908865 9.8087479173224 0.00012239828048242 -0.00021385534894423 0.00022713653368803 0.00012568828539505 -0.00021220774183649 0.00022687496382625 0.39460613274504 0.038183766184074 4 4 4 4 0
49.014225786554 8.4169913669338 116.78281402588 -0.007169 0.014511 1.9037193267949 -0.0025104382652788 0.0040542185933462 -0.0036971208474844 0.0030116634019521 -0.012738532067714 -0.15089168584623 -0.06946598684727 9.8063890691181 -0.0088404032328376 0.00043885033076883 9.8077921784138 -0.00068752186040923 0.0005156532321909 0.00012592152517496 -0.00068567650074979 0.00051653397884594 0.00013222328395806 0.39840180722482 0.039597979746447 4 4 4 4 0
49.014226597684 8.4169922388498 116.59571075439 -0.007031 0.014618 1.9020063267949 0.0018189083449918 0.0050807157617328 6.7736426988967e-05 0.0053960210488942 -0.018358059123544 -0.14349710147959 -0.067898269847935 9.8096232197493 -0.00042758475960949 0.001355729914816 9.8109073616909 0.00051666494004512 0.00052693245948977 0.0010260018989499 0.00053151439294047 0.00053415921747852 0.0010146016942666 0.40082415096898 0.039597979746447 4 4 4 4 0
49.014225367629 8.4169904928204 116.91646575928 -0.007022 0.01458 1.9047303267949 -0.0027643827062088 0.0026043808976205 -0.003465471779733 0.0015539880797963 -0.010044878830397 -0.14905249935761 -0.066973150379159 9.8070414676572 -0.0064875029255482 0.0019768003933177 9.8084004589537 0.00016408434936809 0.00066538501422094 -0.00021448014234196 0.00016086862002063 0.00066390212734918 -0.00022145560206265 0.39640005045408 0.038897300677553 4 4 4 4 0
49.014226017666 8.4169917505402 116.71397399902 -0.007091 0.014486 1.9039263267949 -0.0026990054736207 0.0048095787515504 -0.0041232770564189 0.0036626854911056 -0.014483355849296 -0.14309940709825 -0.070553681760765 9.8092474315672 -0.00088067326398891 -0.00094338764159777 9.8105449491471 9.2838388973314e-05 -0.00028409235504613 0.00013919404935161 9.4869718847456e-05 -0.00028308982671303 0.00013980515233577 0.3996098096894 0.039597979746447 4 4 4 4 0
49.014226660092 8.4169922966811 116.58176422119 -0.007029 0.014616 1.9017523267949 0.0023062926511001 0.005310424859631 0.00045486846424209 0.0057716929075033 -0.018866318787983 -0.14546016653134 -0.071188783430075 9.8057201260023 -0.002230289745763 -0.0020517175435328 9.8070567045267 0.0004145125617193 9.0602034217479e-05 0.00025432240373256 0.00041819653248631 9.2390672436282e-05 0.00024758881574717 0.40082415096898 0.039597979746447 4 4 4 4 0
49.014224891172 8.4169894607074 117.07852935791 -0.007206 0.014439 1.9063943267949 -0.0084714413509229 -0.00076888217319792 -0.0077456174032521 -0.0035159525786608 -0.0037134839485002 -0.13975924517222 -0.064971481561544 9.8073626305999 0.0018457883789671 0.0053558680634567 9.8085717069966 -0.00060807356047367 -3.2579841686803e-05 0.00069577739752375 -0.00059794927165 -2.7567798273913e-05 0.00070470468039866 0.39460613274504 0.038183766184074 4 4 4 4 0
49.014225490089 8.4169906989275 116.88747406006 -0.007048 0.014531 1.9042843267949 -0.0014165092884367 0.0033049166914564 -0.0024204990645489 0.002658948061277 -0.010777179578469 -0.14777876339015 -0.068614566269021 9.8063730524654 -0.0052187768495737 0.00068258574360371 9.8077249327091 0.00036511755302529 -0.00012184473850815 -0.0002242234468648 0.00036180799894677 -0.00012346030503507 -0.00022860398542483 0.39640005045408 0.038897300677553 4 4 4 4 0
49.014225645567 8.4169909551148 116.84400939941 -0.007109 0.014531 1.9033303267949 -0.00078397972920335 0.003273710867246 -0.0018097014047336 0.0028384432667244 -0.011618509595297 -0.14198838135162 -0.068100653110761 9.8075807190692 0.00061955431521115 0.0015186559054243 9.8088447570907 -0.00013509780319819 -0.00012505018381005 3.4664285493223e-06 -0.00013500789093694 -0.00012502494407721 6.3104773125177e-06 0.39640005045408 0.038897300677553 4 4 4 4 0
49.014226771536 8.4169924189393 116.55274963379 -0.007103 0.014636 1.9014073267949 0.0031735291500297 0.0051951529046693 0.0013151022650836 0.0059440172794135 -0.019820741772593 -0.14652850363789 -0.068251049562637 9.8065361868432 -0.003159579520505 0.00086334333189169 9.807867569579 -0.00094345092222208 0.00031809082712888 3.7800711888002e-05 -0.00094286851997513 0.00031834304443494 4.9313704190018e-05 0.40082415096898 0.039597979746447 4 4 4 4 0
49.014224921351 8.4169895674075 117.06318664551 -0.007156 0.014385 1.9064543267949 -0.0082930288840199 -0.00061291310384052 -0.0076284018772386 -0.0033102180519501 -0.0040721142353249 -0.14780398931894 -0.070414072519412 9.8092443119591 -0.0063122919598022 -0.00012987558404791 9.8106082655621 0.00012529528694987 -0.00074771529320306 -0.00085673533744872 0.00011302943313442 -0.00075383655034064 -0.0008530762902769 0.39460613274504 0.038183766184074 4 4 4 4 0
49.014225728813 8.4169911448809 116.8134765625 -0.007122 0.014482 1.9033813267949 -0.0010948761464348 0.0037909121242046 -0.0022726606393658 0.0032256424873804 -0.01229943284623 -0.14413750085935 -0.07031706654037 9.8084452223213 -0.0018146967988688 -0.00067006003487326 9.8097561918745 -0.00033570642485923 -0.0005079935004512 -0.00012829231289585 -0.00033741252692895 -0.00050889332776511 -0.00011978343813936 0.39840180722482 0.039597979746447 4 4 4 4 0
49.014225144151 8.4169901383849 116.97634887695 -0.00709 0.014487 1.9060403267949 -0.0055920967029146 0.0016832009774452 -0.0058344825234728 -0.00025125376936373 -0.0076741196412523 -0.14535856430874 -0.068827821107336 9.8046607751459 -0.0034209973048524 0.00064251137466917 9.8059790758694 -4.9843465237179e-05 9.3056592289438e-05 0.00069888084803641 -3.974232974572e-05 9.8030454611423e-05 0.00069884765821487 0.39580045477488 0.038183766184074 4 4 4 4 0
49.014225750063 8.4169912278903 116.80065155029 -0.00707 0.014465 1.9034863267949 -0.0011873327682821 0.0040483607883863 -0.0024443125613215 0.0034386508606259 -0.01262499360727 -0.14206807739164 -0.068726310170293 9.810526828896 0.00018727478491193 0.0010017256786758 9.8117960934656 0.00072103531774279 -0.00054259275041565 -0.00031895777692753 0.00071639356469796 -0.00054484150812178 -0.00032550079088172 0.39840180722482 0.039597979746447 4 4 4 4 0
49.014224843537 8.4169893040806 117.10642242432 -0.007167 0.014416 1.9066653267949 -0.0091756757634736 -0.00098967042041728 -0.0083360446306021 -0.0039602415243008 -0.0023087005537385 -0.14822075575258 -0.069331502706979 9.8062754577903 -0.0066546511423537 0.0010799333528217 9.807638151365 0.00027683522312721 -0.00040323801651194 0.00022020455261413 0.00028003435591313 -0.00040165297099646 0.00021908809447953 0.39460613274504 0.038183766184074 4 4 4 4 0
49.014225688401 8.4169910710026 116.82773590088 -0.007088 0.014494 1.9034413267949 -0.0011695854488522 0.0037403415093142 -0.0023268920516844 0.0031533495169406 -0.011937149562298 -0.14127413528588 -0.064461716626888 9.8066787118904 0.0011195165240128 0.0051085921676272 9.8079068269734 0.00014870192489384 -0.00047399336456117 0.00021438435941333 0.00015183974890525 -0.00047247930322006 0.00021556094771418 0.39840180722482 0.039597979746447 4 4 4 4 0
49.014225626664 8.416990897939 116.85192871094 -0.007103 0.014541 1.9032453267949 -0.00068812714664389 0.0030777534724468 -0.0016551386357125 0.002684489450137 -0.011457311427157 -0.14604833369489 -0.069786302287954 9.808397593457 -0.0034602742612134 -0.00021090899403947 9.8097324626155 -0.00010562991304674 0.00010061006248786 -0.00099880061308426 -0.000120134317791 9.3495982266852e-05 -0.00099782038366609 0.39640005045408 0.038897300677553 4 4 4 4 0
49.014225917183 8.4169916296168 116.73827362061 -0.007098 0.014498 1.9039273267949 -0.0030032577391438 0.0048614465222052 -0.0044279477815681 0.0036119944593154 -0.01389707498628 -0.14643226497023 -0.069131666254239 9.8110976685573 -0.0040749023686599 0.00041770993968509 9.8124332114074 -0.00011515213484726 -0.00024833277275921 0.00030538650921319 -0.00011067401596821 -0.00024615810937341 0.00030877695103752 0.3996098096894 0.039597979746447 4 4 4 4 0
49.014225846949 8.4169915281417 116.75841522217 -0.007055 0.01452 1.9038803267949 -0.0029703440767362 0.0045345945041973 -0.0042897925998315 0.003314086240312 -0.01335709365524 -0.1429412373879 -0.07120307014292 9.8041272368667 -0.0006763384698927 -0.0018580901941133 9.8054273121249 0.0003825402662335 0.00019935941298473 -0.00090678780733293 0.00036931995676938 0.00019296821229115 -0.00091362715902332 0.39840180722482 0.039597979746447 4 4 4 4 0
49.014226738059 8.416992357666 116.56378173828 -0.007045 0.014601 1.9014423267949 0.0030836467850011 0.0050833556007415 0.001266117470746 0.0058091276610482 -0.019547537533863 -0.15018013338516 -0.067956521362865 9.8062055428489 -0.0069635358880043 0.0010694585313679 9.8075884955234 -6.315664835252e-05 -8.9706191648379e-05 0.00068518675692829 -5.312765439004e-05 -8.4873208335835e-05 0.00068663394288881 0.40082415096898 0.039597979746447 4 4 4 4 0
49.014225509732 8.4169907447107 116.8805847168 -0.007086 0.01447 1.9041943267949 -0.00149418921005 0.003376674811371 -0.0025171022110885 0.0027016133780279 -0.010775377200928 -0.14648936813979 -0.068184472377428 9.8139168003548 -0.0040121090837865 0.001205306767743 9.8152459604429 -0.0002137565807781 -0.00084829087213943 0.00031771865438906 -0.00020905713991334 -0.00084601217107504 0.00032680185817039 0.39640005045408 0.038897300677553 4 4 4 4 0
49.014226463307 8.4169921324244 116.62291717529 -0.007052 0.014535 1.9024103267949 0.00052194718150225 0.0052766059644702 -0.0012251665463291 0.0051587674617772 -0.017535648111848 -0.14245429596011 -0.067691287839657 9.8095176968592 0.00035533006923972 0.0016931988416714 9.8107856516923 0.00040875791753682 -0.00054461688886487 0.00074911728464384 0.00041967510177566 -0.0005393179708159 0.00074689910428886 0.40082415096898 0.039597979746447 4 4 4 4 0
49.014226223921 8.4169919525076 116.66835784912 -0.007095 0.014505 1.9033283267949 -0.0014707580053307 0.0053068371138496 -0.0031237419128799 0.0045351268864076 -0.01602529490553 -0.14171035763517 -0.069375729066307 9.8050064386169 0.00070605382945577 0.00023534422768158 9.8062757178823 0.00014853480366854 -0.00044425986207465 -0.00096716772849718 0.00013454843697604 -0.00045113165438581 -0.00096606718085825 0.3996098096894 0.039597979746447 4 4 4 4 0
49.01422558506 8.4169908125972 116.86387634277 -0.007052 0.014511 1.9033653267949 -0.00089097096141498 0.0032381093037967 -0.0018998149966335 0.0027694003434596 -0.011206972193637 -0.14332689452043 -0.068176005730477 9.8069028037532 -0.00096175653828777 0.0012709130805246 9.8081868522603 0.00057928640470827 -0.00015237651766226 -2.1924282458092e-05 0.00057891375210376 -0.00015253535380358 -2.9252745363651e-05 0.39640005045408 0.038897300677553 4 4 4 4 0
49.014225051489 8.4169899689076 117.0034866333 -0.007104 0.014452 1.9069043267949 -0.0065280084510315 0.0014314034342751 -0.0066347475272985 -0.00080245571958174 -0.0066652030080919 -0.14496524977521 -0.067889856924471 9.8084611648216 -0.002991178505634 0.0017607911344028 9.8097667122105 -1.8740639578323e-05 -0.0004340275320114 -3.1859120503204e-05 -1.9165984562122e-05 -0.00043422244931172 -2.8519016137273e-05 0.39580045477488 0.038183766184074 4 4 4 4 0
49.01422566084 8.4169910115243 116.83728027344 -0.007095 0.014551 1.9033553267949 -0.00094806547736352 0.0035526205541502 -0.0020559307003683 0.0030484534690905 -0.01162502073073 -0.14529532119823 -0.070690364080231 9.8093739178296 -0.0027115279168004 -0.0010372200519509 9.8107042315303 0.00015095405171959 0.00031446025736928 -0.00090847007493823 0.00013766366647254 0.00030800591363539 -0.00091276031921223 0.39840180722482 0.039597979746447 4 4 4 4 0
49.014225111708 8.4169901002305 116.98320007324 -0.007078 0.014427 1.9064293267949 -0.0061191888387983 0.0016092551015614 -0.0063076766848174 -0.00049702597638386 -0.0074612270789491 -0.14760800980636 -0.074145087736941 9.8111345972947 -0.0056843885532122 -0.0046023928861672 9.8125221827841 0.00019945138259482 -0.00077522590547016 0.0011009744267899 0.00021540741251216 -0.00076735412407216 0.001103546981894 0.39580045477488 0.038183766184074 4 4 4 4 0
49.014225326287 8.4169904318366 116.92709350586 -0.007076 0.014544 1.9049933267949 -0.0032138575337823 0.0025365900701233 -0.003868239647264 0.0013414596121791 -0.0094979079652496 -0.14095433904792 -0.067890159701119 9.8101480516475 0.0015808027773219 0.0013806720631472 9.8113952581082 -0.00025719437359379 0.00015868976521248 0.00031002730741543 -0.00025268164082676 0.00016085884837406 0.00031260193350388 0.39640005045408 0.038897300677553 4 4 4 4 0
49.014225944422 8.4169916638609 116.73175048828 -0.00712 0.014491 1.9039143267949 -0.0029282206039305 0.0047545905768346 -0.0043219852789694 0.0035356829209367 -0.013991380379539 -0.14125633816689 -0.064438685929011 9.8051944037104 0.00082098784801778 0.0051085669070704 9.8064223271828 -0.00044687281561221 -2.3212677181478e-05 0.00049629683839958 -0.00043965314816083 -1.9678748753063e-05 0.00050289808999924 0.3996098096894 0.039597979746447 4 4 4 4 0
49.014226817234 8.4169924815718 116.54058074951 -0.007025 0.014635 1.9013933267949 0.0033906588019283 0.0054584774764491 0.0014351101420876 0.0062635465717191 -0.020005318992723 -0.14581700617776 -0.071723761275096 9.8095010693481 -0.0023909098618218 -0.0026093424312208 9.8108462571572 0.00039060665669333 0.00024416784898614 -5.0949564564528e-05 0.00038979021912694 0.00024380789746727 -5.838831780607e-05 0.40082415096898 0.039597979746447 4 4 4 4 0
49.014226163904 8.4169919143775 116.67975616455 -0.007116 0.014513 1.9038493267949 -0.0019038043496087 0.0054622855025651 -0.0035855490595565 0.0045392530290591 -0.015727596259227 -0.14617071188843 -0.068735114229262 9.8058938839511 -0.0036973154287237 0.00087958135235326 9.8072235382319 -0.00026217486843828 -0.00036208439453949 -8.0059601696313e-05 -0.00026328560025249 -0.00036265148060908 -7.3651135785397e-05 0.3996098096894 0.039597979746447 4 4 4 4 0
