49.014238458173 8.4169792796392 116.37078857422 -0.006334 0.014208 1.9157243267949 0.0044084109365497 0.020655697782336 -0.0028295349075662 0.020930399611373 -0.039297743950852 -0.13596203584738 -0.06893519239919 9.8054218213253 0.0033678584014925 -0.0067612317868703 9.8066035749387 0.0001538462792941 0.00024545844016784 0.00034568921703684 0.00015867400525371 0.00024769352138765 0.00034193438913154 0.18146625030567 0.019104973174543 4 4 5 5 0
49.014238532019 8.4169795653175 116.18873596191 -0.006456 0.014247 1.9159243267949 0.0046728275664377 0.021581366616044 -0.0028987080736998 0.021890434390515 -0.054516356008252 -0.13890419193848 -0.062574191968843 9.8073277723157 0.00062817014275392 0.00062151813348101 9.8085108994688 5.5723236643866e-06 0.00027512261577149 -0.00010219309775132 4.1121946163281e-06 0.00027448335762307 -0.00010402328179369 0.17920379460268 0.019104973174543 4 4 5 5 0
49.014238480848 8.4169792455849 116.37661743164 -0.006373 0.014251 1.9151573267949 0.0048681666858427 0.019966053116006 -0.0021541509229159 0.020437678274031 -0.038554034501209 -0.13489542523443 -0.062107275784057 9.8063745726661 0.00466769987601 1.9937408823167e-06 9.8074977145187 -0.00064375228634847 0.00053108018508088 -0.00050154969114562 -0.0006508892922845 0.00052785526963066 -0.00049568816140456 0.18146625030567 0.019104973174543 4 4 5 5 0
49.014238380472 8.4169793507686 116.36019134521 -0.006426 0.014124 1.9161033267949 0.002235893698759 0.02200102138449 -0.0053417323359642 0.021459462171096 -0.039634539585406 -0.1369094602769 -0.063521873203052 9.8022656401927 0.0017328949827495 -0.0010188827089716 9.8034275010851 -0.00070717144832539 -0.00010224971341006 0.00021884034441843 -0.0007040495680366 -0.00010082208864786 0.00022943981822103 0.17791008965205 0.017691806012954 4 4 5 5 0
49.014238504194 8.4169795368393 116.16841888428 -0.006526 0.014216 1.9183183267949 0.0045243573702007 0.019696046536359 -0.0024451329175268 0.02006054997801 -0.055658936003167 -0.14300782912835 -0.06595860733834 9.8090380102978 -0.0034808601230649 -0.002234160490964 9.8103015263158 -0.0003236976541459 -9.1321407008507e-05 0.00045593182978896 -0.00031719205488943 -8.8372753923987e-05 0.00046106860837568 0.1795689282699 0.019104973174543 4 4 5 5 0
49.014238291342 8.4169794927399 116.32180023193 -0.00637 0.014043 1.9163143267949 -0.0012347101288559 0.023906954479361 -0.0092586334397472 0.0220758827887 -0.042485727503365 -0.13261209387466 -0.063945513298129 9.8079458509984 0.0050167224197175 -0.0013327602053833 9.8090493640325 0.00026633540754028 0.00023048518623825 0.00054679945524027 0.00027396197995343 0.0002339965029924 0.00054153064626571 0.17791008965205 0.017691806012954 4 4 5 5 0
49.014238405588 8.416979575159 116.15400695801 -0.006652 0.014127 1.9218443267949 0.0021286268870759 0.016895063413929 -0.0038099832682889 0.016596763233689 -0.053760741918735 -0.13385553985074 -0.066155699101331 9.8068301479904 0.0047848231198942 -0.0011615176217612 9.8079654493248 -0.00037393397899609 -6.950097517271e-05 -0.00058066860301298 -0.00038206235381044 -7.3313042189389e-05 -0.00057484753756083 0.1795689282699 0.019104973174543 4 4 5 5 0
49.014238403079 8.4169795760855 116.14765167236 -0.006639 0.014125 1.9220153267949 0.0017506997924028 0.016653096282079 -0.0040849989828364 0.016238897526212 -0.054266141385642 -0.14088032980177 -0.067013751265789 9.8070455153999 -0.0022094006312165 -0.0018283389444132 9.8082858612082 0.00015962994932806 -0.00021827435991145 0.00068653713885503 0.00016934894156184 -0.00021370914848326 0.00068564670538823 0.18216750533506 0.021931712199461 4 4 5 5 0
49.014238427807 8.4169796113662 116.24335479736 -0.00644 0.01416 1.9148943267949 0.0012932811760142 0.024727513467606 -0.0071310211194531 0.023712018894214 -0.050353738114152 -0.1332308767901 -0.06828152219594 9.8017524022918 0.0053086996209736 -0.0055761095612091 9.8028923298011 -0.00063966745636923 0.00012026698683183 -0.00033730730901709 -0.00064437206799679 0.00011814946573993 -0.00032900535630948 0.17920379460268 0.019104973174543 4 4 5 5 0
49.014238341249 8.416979572889 116.27011108398 -0.006402 0.014059 1.9158403267949 -0.00059998098399865 0.024802375925073 -0.0089551987000351 0.023137019505554 -0.047365164291114 -0.14371387001757 -0.06725068877311 9.8080131154153 -0.005752811169596 -0.0045034023983957 9.8092939367126 -3.3939362194211e-05 -0.00026412667924565 7.6321065255995e-05 -3.2852965622206e-05 -0.00026363638216665 7.8494935861663e-05 0.17791008965205 0.017691806012954 4 4 5 5 0
49.014238464793 8.4169796113663 116.23943328857 -0.006388 0.014183 1.9144163267949 0.0023276037892118 0.024432386693546 -0.0060452609049568 0.023786630145241 -0.050646776819377 -0.14161229286605 -0.065247036887417 9.8064229441366 -0.0028545484838511 -0.0025355445093831 9.807661733263 0.0002291655660638 0.00031941321617089 -0.00055901169255928 0.00022121364022765 0.00031584314570249 -0.00056423147710962 0.17920379460268 0.019104973174543 4 4 5 5 0
49.014238297805 8.4169794526868 116.33204650879 -0.006353 0.014011 1.9163133267949 -0.00062979951938334 0.023243022763889 -0.0084647579259302 0.021655994424298 -0.041809408256315 -0.13554966862903 -0.06702340764216 9.8057090249728 0.0020670207174235 -0.004335129478311 9.8068736917535 0.00083350766345666 -0.00025619176387087 -0.00070305939487679 0.0008235973698962 -0.00026065261302763 -0.00071302208013117 0.17791008965205 0.017691806012954 4 4 5 5 0
49.014238487507 8.4169796047764 116.23237609863 -0.006397 0.014196 1.9145473267949 0.0029415661777054 0.023900299220681 -0.00528374516028 0.02349374592931 -0.050646016014578 -0.13672215756142 -0.061093912753518 9.8090495305102 0.0023911748587296 0.0016748261010261 9.8101921880693 0.00019228476342762 5.501511895685e-05 0.00032751362210263 0.0001968955894507 5.7114149389951e-05 0.00032438661297419 0.17920379460268 0.019104973174543 4 4 5 5 0
49.014238406913 8.4169795531424 116.15454864502 -0.006674 0.014148 1.9214723267949 0.0014808099268344 0.015824455422209 -0.0040475242043078 0.015369574329864 -0.053229348460768 -0.13745344730263 -0.071447548551947 9.805472045755 0.001379069243666 -0.0061164094196052 9.8066937236535 4.2191518456837e-05 -0.00020614745143947 -0.00020734638912216 3.9301103929605e-05 -0.00020752648259911 -0.00020654491232184 0.18216750533506 0.021931712199461 4 4 5 5 0
49.014238498064 8.4169792165665 116.38530731201 -0.006312 0.014223 1.9147203267949 0.0052428550131459 0.019496902370566 -0.0016330975841223 0.020123326834057 -0.037670378795022 -0.14402391131179 -0.066755980546322 9.8083696679006 -0.0043281721674643 -0.0047178408349426 9.8096522260136 0.000227791124457 -0.0001436305161578 -0.00033328908275054 0.0002229857337649 -0.00014574393327929 -0.0003355729365402 0.18146625030567 0.019104973174543 4 4 5 5 0
49.014238525632 8.4169795783864 116.19911193848 -0.00645 0.014187 1.9154993267949 0.0042842167344141 0.022403778890958 -0.0035341889063551 0.02253435726421 -0.053184489226704 -0.13929304410878 -0.066003128828724 9.8073701397389 -1.8928615601346e-05 -0.0029763323190904 9.8085811831658 -0.00018461903939616 -0.00040839118822191 0.00049325227299443 -0.0001775201845442 -0.00040519051647009 0.00049847151000341 0.17920379460268 0.019104973174543 4 4 5 5 0
49.014238307023 8.4169795223646 116.30215454102 -0.00638 0.014012 1.9160803267949 -0.0012125015771324 0.024173382279541 -0.0093252578982961 0.02233520907289 -0.043921222400234 -0.13486190192296 -0.063626170555577 9.8067270735418 0.0026765182798947 -0.0011149530625762 9.8078603444144 -6.7679235948398e-05 -0.00036344658543253 -0.00035872841382752 -7.2669067283663e-05 -0.00036572655203721 -0.00035541011417788 0.17791008965205 0.017691806012954 4 4 5 5 0
49.014238318572 8.4169794270398 116.33853149414 -0.006369 0.014033 1.9163333267949 6.4059435992441e-05 0.022868106849772 -0.0076838276566171 0.021538625301783 -0.041178244432437 -0.14050595417276 -0.063545725706112 9.8100964566779 -0.0024094243234515 -0.00091688045428595 9.8113080510298 0.00037197230759668 -0.00064930515403911 0.00062937478919043 0.00038080713839936 -0.00064529556902867 0.00062820398638382 0.17791008965205 0.017691806012954 4 4 5 5 0
49.014238404778 8.4169793283808 116.36588287354 -0.006334 0.014176 1.9160323267949 0.0031325998153728 0.021807644636541 -0.0044305189397412 0.021581355262183 -0.039535179278538 -0.14134864478297 -0.064743278555103 9.8102056515698 -0.0021884806002433 -0.0023272379580134 9.8114368986169 0.00069620570791274 0.0001615944921037 -2.8772304171086e-05 0.00069569865037935 0.00016140904456084 -3.9639063988716e-05 0.18146625030567 0.019104973174543 4 4 5 5 0
49.014238405059 8.4169795915317 116.14715576172 -0.006664 0.014188 1.9217173267949 0.0015789401676732 0.016480721279308 -0.0041845985022893 0.016018620110225 -0.054194243658427 -0.13526315976941 -0.060158465337959 9.8079309686833 0.003649975531714 0.0050305194402115 9.8090458757029 -0.00024374659799918 0.00043787104512284 0.00046051060613824 -0.0002372085672866 0.00044094196417983 0.00046097901504591 0.18216750533506 0.021931712199461 4 4 5 5 0
49.014238508224 8.4169795906166 116.21392059326 -0.006391 0.014197 1.9152353267949 0.003747887527032 0.023219710016787 -0.0043063452180316 0.02312271982468 -0.051986166577664 -0.13371537206408 -0.062721421554529 9.8084131386729 0.0053791595496598 3.402646526423e-05 9.8095237392479 0.00042163927313546 0.00014949725011286 -0.00037430650238239 0.00041627754742792 0.00014708516968273 -0.0003811890082353 0.17920379460268 0.019104973174543 4 4 5 5 0
49.014238358912 8.4169793763886 116.35259246826 -0.00639 0.014102 1.9161713267949 0.0015329248583069 0.022390165517344 -0.0061371909856949 0.021587100786352 -0.040054850621793 -0.13825561526353 -0.071393047777961 9.8057731407503 0.00015521971201607 -0.008850831632341 9.8070035999354 -7.8159581843415e-05 -5.2091887470482e-05 -0.000145090008976 -8.0218655943085e-05 -5.2989618311375e-05 -0.00014364407200255 0.17791008965205 0.017691806012954 4 4 5 5 0
49.01423852168 8.4169795495596 116.18084716797 -0.006516 0.014264 1.9167573267949 0.0047417688449425 0.021024061929922 -0.0026605358340108 0.02138734968107 -0.054928330820368 -0.13673726749673 -0.068010241836841 9.8076494349782 0.002818077118854 -0.004441359968053 9.8088367715342 -0.0003647256002794 0.00066473456369705 -0.0012266786337889 -0.00038224030151734 0.00065671717124227 -0.0012256299456754 0.17920379460268 0.019104973174543 4 4 5 5 0
49.01423849155 8.4169795399781 116.15756225586 -0.006573 0.014216 1.9195133267949 0.0045235971638363 0.018288370245068 -0.0019937442299754 0.018733747062443 -0.055911366825549 -0.13761338898274 -0.063708375377294 9.8062377815918 0.0016741907936599 0.00041488814442747 9.8074101105631 -0.00050407569901047 0.0002828874388735 -0.0001132797473766 -0.00050566585320355 0.00028214572382715 -0.00010793811267996 0.1795689282699 0.019104973174543 4 4 5 5 0
49.014238335157 8.4169794014366 116.34474182129 -0.006365 0.014107 1.9162593267949 0.00074563691743547 0.022670127118116 -0.0069736796697036 0.021583739347202 -0.040838449893754 -0.13846990304036 -0.064560849063324 9.8082343101305 -0.00020864348379664 -0.00209787636482 9.8094238615762 0.00017918513406517 0.00034583250584807 0.00059036369071753 0.00018744967137911 0.00034959383419988 0.00058559505987987 0.17791008965205 0.017691806012954 4 4 5 5 0
49.014238480235 8.4169795719258 116.15539550781 -0.006575 0.01419 1.9202513267949 0.0041175328610017 0.017705606783011 -0.0021921389548977 0.018045415049065 -0.054587167570336 -0.13676758801299 -0.062625439576347 9.8091540753041 0.0021898689692903 0.0017740464155265 9.8103069116452 -9.0291305909497e-05 0.00048297001131803 -0.00066267532535973 -9.971929165821e-05 0.00047858514743719 -0.00066449213302231 0.1795689282699 0.019104973174543 4 4 5 5 0
49.01423837419 8.4169796179273 116.24850463867 -0.006398 0.014076 1.9155893267949 -7.8105861240213e-05 0.024956733946484 -0.0085112300473164 0.023460650902943 -0.050064859357675 -0.1378088743268 -0.06504778522919 9.8089170319257 0.00043026680411441 -0.0023962717334124 9.8101002183831 -0.00013935164034115 -0.00049373867889546 0.00063106730281979 -0.00013041830919894 -0.00048968352782847 0.00063607849871921 0.17920379460268 0.019104973174543 4 4 5 5 0
49.014238404542 8.4169795539354 116.16030883789 -0.006594 0.014162 1.9219963267949 0.0029179620633837 0.017109959433527 -0.0031321358067096 0.017071641489143 -0.054057640362424 -0.13611926243397 -0.063856340406628 9.8039450540263 0.0026329558917646 0.00079454026515199 9.8050973728823 0.0002974835324502 0.00060680028045778 -0.00021776033289427 0.00029434139838018 0.00060535412626821 -0.00022595765367057 0.1795689282699 0.019104973174543 4 4 5 5 0
49.014238444669 8.416979312338 116.36585235596 -0.006338 0.014168 1.9160343267949 0.0040821375711818 0.021363101431787 -0.0033838611260099 0.021484706694189 -0.039626369931094 -0.13483074376205 -0.065739725362824 9.8060182042831 0.0043583509802024 -0.0035101053196912 9.8071640669282 0.00017528911147309 -0.00025650676902607 0.00030511546087115 0.00017960479792875 -0.00025454407609936 0.00030422972988113 0.18146625030567 0.019104973174543 4 4 5 5 0
49.01423848198 8.4169795617352 116.15660858154 -0.006595 0.01418 1.9201223267949 0.004211453358679 0.018007359173332 -0.0022032025076982 0.018361563100514 -0.055013161273866 -0.1409295817884 -0.064819896488683 9.8096012396668 -0.0018511838093492 -0.00041356828664465 9.8108273652216 -0.00044257536661061 9.821207009885e-05 0.0002559315672543 -0.00043891987069132 9.9927781748219e-05 0.00026152466750097 0.1795689282699 0.019104973174543 4 4 5 5 0
49.014238496553 8.4169795298416 116.15747070312 -0.006574 0.014215 1.9191773267949 0.0044896189834201 0.018873782730231 -0.0022181810979033 0.019273209273359 -0.056180269661092 -0.13944688789495 -0.064044215878015 9.8068384881399 -0.00015992956954084 -6.6795945329148e-05 9.8080388435089 -0.0007180473511289 0.00026523913796676 -0.00064702606152039 -0.00072720091982109 0.00026103203505738 -0.00063850931347059 0.1795689282699 0.019104973174543 4 4 5 5 0
49.014238513735 8.4169795466453 116.17465209961 -0.006506 0.014243 1.9175553267949 0.0046872766169162 0.020421038997716 -0.0025238607798864 0.020799538811875 -0.055557634051947 -0.13732914441804 -0.063281041856201 9.803267447309 0.0020891711973385 0.00039626595367338 9.8044332395121 -1.2715494168845e-05 0.00042222569908777 0.00046505020855728 -6.1503748375505e-06 0.00042522951752961 0.00046243109736788 0.1795689282699 0.019104973174543 4 4 5 5 0
49.014238500793 8.4169795382922 116.16246795654 -0.006526 0.01415 1.9187753267949 0.0044134876168447 0.019306568800304 -0.0024292622026381 0.019655046344464 -0.055909433401058 -0.14549950537925 -0.068894194777505 9.8067553763041 -0.006110011626577 -0.0049949646347176 9.8080729781702 -2.7766292197473e-05 -0.0010732509524138 0.00016768281358729 -2.5340778298598e-05 -0.0010721154212582 0.00017500628965073 0.1795689282699 0.019104973174543 4 4 5 5 0
49.014238322959 8.4169795463832 116.28708648682 -0.006372 0.013979 1.9159893267949 -0.00089221731570514 0.024358178689419 -0.0090832254725193 0.022618825190287 -0.045835678692165 -0.13962418570993 -0.06498379291461 9.8113408871461 -0.0019890348862681 -0.00234531609675 9.8125493464472 0.00024561351267848 -0.0010005716266582 0.00018043337092108 0.00024820022357097 -0.00099938948598799 0.00018339175568417 0.17791008965205 0.017691806012954 4 4 5 5 0
49.014238485322 8.4169795493553 116.15793609619 -0.006542 0.014161 1.9198813267949 0.004321435088085 0.018069828580671 -0.0021160128749184 0.018458484508943 -0.055525964021495 -0.13951575255554 -0.066505781737231 9.811144959422 -0.00036851020252345 -0.0023337866996107 9.8123620995044 6.0136688163352e-05 -0.00028909486692364 -8.985598162831e-06 6.0038677316256e-05 -0.00028912937941542 -7.9396586936435e-06 0.1795689282699 0.019104973174543 4 4 5 5 0
49.014238352816 8.4169795999998 116.2578125 -0.006388 0.014103 1.9157673267949 -0.00041077296811818 0.025075549113562 -0.0088675822955797 0.023458847900999 -0.049009110549259 -0.13749029216555 -0.065797466008098 9.8014058863316 0.00052646630312902 -0.0032041543947591 9.8025904621963 1.1591850980507e-05 0.00027158705055597 -3.1586541164553e-05 1.1100271021151e-05 0.0002713784338785 -3.3481199445389e-05 0.17920379460268 0.017691806012954 4 4 5 5 0
49.014238498818 8.4169796112765 116.22525024414 -0.006406 0.014175 1.9147323267949 0.003301055235303 0.023684075889654 -0.0048755528061913 0.023410712622817 -0.051474689322402 -0.14255281311044 -0.069246584257309 9.8029248906582 -0.003596133952797 -0.0065508497740366 9.8042030561685 -5.4176656572624e-05 -0.00011373024192257 0.00050811397480626 -4.6951145005376e-05 -0.00011046442294268 0.00050955393682027 0.17920379460268 0.019104973174543 4 4 5 5 0
