49.014252027465 8.4169934368918 112.24214935303 -0.008738 0.014293 1.8823853267949 0.010879321722477 0.012885122104588 0.0064189499802394 0.015595112530583 -0.033827390660157 -0.1318212278178 -0.075001448078605 9.7932215622283 0.0082374615158451 0.010716962281448 9.7943870290717 0.00028799052768099 -0.00030391517861533 0.00026646055346061 0.00029182097702448 -0.00030160132889138 0.00026496302061286 0.39543393885705 0.0367695526217 4 5 4 4 0
49.014252656838 8.4169939254951 112.4030456543 -0.009156 0.014111 1.8586923267949 0.0016022415192008 0.0069611013065548 -0.00043893258915706 0.007129617339299 -0.029135403470684 -0.14147409695384 -0.09484077214865 9.804768267102 -0.0030004002596002 -0.0050898497885028 9.8062458507953 -3.7388889882145e-05 -0.0002334447452652 0.0013359906452695 -1.8539050664481e-05 -0.00022119433987531 0.0013384711200535 0.40105859920964 0.028319604517013 4 4 4 4 0
49.014252124707 8.4169931140198 112.23445892334 -0.008699 0.014476 1.8914943267949 0.018842534048275 0.012986365227943 0.013796715415672 0.018257730905812 -0.034091648871046 -0.13542616305176 -0.092396428495635 9.8130947919037 0.0062012804004568 -0.0067568001495025 9.8144595952428 0.00060936205366098 0.00070418239238581 -0.00014497748660447 0.00060708129819484 0.00070291660862648 -0.00015991992325762 0.39543393885705 0.0367695526217 4 5 4 4 0
49.014252134257 8.4169932440659 112.23350524902 -0.008735 0.014457 1.8896013267949 0.016552057823777 0.012564293731009 0.011790413448089 0.017112436853947 -0.034148423168603 -0.13923488141928 -0.084028933493182 9.8070372234382 0.0022352276067262 0.0014677685350583 9.8083849155966 -0.00028906995874933 0.00045254059171549 0.00067383893270927 -0.00027938731848968 0.00045840382327998 0.00067399431826766 0.39543393885705 0.0367695526217 4 5 4 4 0
49.014252554726 8.4169944396317 112.27013397217 -0.009045 0.014224 1.8646633267949 0.0043712549522535 0.013458708005513 0.0002863868429949 0.014147833735311 -0.033739069950512 -0.14464886159836 -0.098460318821079 9.7863784887025 -0.0055587308234653 -0.010172861045545 9.7879360837528 -0.00035998413050684 0.00020134391653017 -0.00043831229616518 -0.00036619044610799 0.00019736466567633 -0.0004349645234816 0.3982461550348 0.034655446902327 4 5 4 4 0
49.014251888299 8.41699282227 112.2396697998 -0.008793 0.014388 1.8880563267949 0.018384942289963 0.012124875458406 0.013677740064717 0.017260812036462 -0.034119050754474 -0.13069840564127 -0.090455195891801 9.813510395973 0.010349094418311 -0.0042889783221107 9.8147914361578 -0.00018467620220896 0.00038265618147125 -0.00011030233461963 -0.0001863147308267 0.00038167217918439 -0.00011102996107123 0.39480754805348 0.0367695526217 4 5 4 4 0
49.014252084217 8.4169940295612 112.22940063477 -0.00879 0.01411 1.8722043267949 0.0043662306984453 0.013304001634219 0.00022058062500397 0.014000426387522 -0.033135278839949 -0.132873453796 -0.088034140161084 9.8000569518096 0.0055544808384062 -0.0016168020358145 9.8013512390525 0.00065309510100325 -0.00027563572366538 -0.00071576931472517 0.00064296460539494 -0.00028192051851348 -0.00072245344032653 0.39684001814333 0.0367695526217 4 5 4 4 0
49.014252125414 8.4169931662226 112.23428344727 -0.008757 0.014431 1.8907123267949 0.017755930576359 0.012685100834087 0.012876982552894 0.017617587219533 -0.034533011558057 -0.13401386007793 -0.098376897281367 9.806519880942 0.0073995472359886 -0.012591302861229 9.8079183059667 -6.9947231276309e-05 0.0001020595501795 -0.00013201601129216 -7.184673316879e-05 0.00010089446275502 -0.00013185812117523 0.39543393885705 0.0367695526217 4 5 4 4 0
49.014252070565 8.4169939998548 112.2301940918 -0.008871 0.014194 1.8720833267949 0.0044403407123774 0.012615492445436 0.00049643522820333 0.013364907507263 -0.033004536725263 -0.13666186836007 -0.092058615600544 9.8172173953616 0.0025778329393731 -0.00543835190778 9.8185982786284 -0.0007947331064942 0.0001890488882221 -0.00032070240955769 -0.00079921334258507 0.00018626055246681 -0.00031104185501974 0.39621332637861 0.0367695526217 4 5 4 4 0
49.01425266432 8.4169939034333 112.40845489502 -0.009135 0.014163 1.8583343267949 0.0016383571343062 0.0067472496995929 -0.00034203018219236 0.0069348841620705 -0.029098572538097 -0.13427919057919 -0.088497780083767 9.8080083023623 0.0045466543910716 0.0011558548771821 9.8093259024804 0.00011313776283357 0.00016226690407915 -0.00031296359451169 0.00010867933712483 0.0001593851474516 -0.00031599712629748 0.40105859920964 0.028319604517013 4 4 4 4 0
49.014252084002 8.4169933131425 112.23919677734 -0.008766 0.014297 1.8868073267949 0.014136650942751 0.013531613532975 0.0092467137581647 0.017246830540761 -0.032796440342784 -0.14151658394577 -0.099662123042705 9.8042688237358 -0.0011941624089339 -0.013583399530261 9.8057871706268 0.00026699074854164 -0.00045127527399015 8.5562242363177e-05 0.00026823713563487 -0.00045048284392702 8.5693618951745e-05 0.39543393885705 0.0367695526217 4 5 4 4 0
49.014252122204 8.4169932738924 112.23504638672 -0.008699 0.014376 1.8887983267949 0.015703889212228 0.012932718289665 0.010890441953279 0.01718436701746 -0.03371066020669 -0.14261239681638 -0.076850258873569 9.8077232356541 -0.0017291359924223 0.0086936809519453 9.8090575446977 0.00038369260074396 2.4472117335719e-07 0.00080018211370692 0.00039517429760322 7.2275499024912e-06 0.00079459610922665 0.39543393885705 0.0367695526217 4 5 4 4 0
49.014252042404 8.4169929218735 112.24367523193 -0.008723 0.014467 1.8912063267949 0.019961132791928 0.012658235426646 0.014950231494356 0.018307628223739 -0.035025037388252 -0.1393186211394 -0.08202078233849 9.7844928289052 0.0021172265160562 0.003627741641727 9.7858277677363 0.0006710869020639 0.00037453536036249 -0.00067371197800712 0.00066121698687147 0.00036866911863645 -0.00068660766146703 0.39480754805348 0.0367695526217 4 5 4 4 0
49.014251986313 8.4169936005389 112.24292755127 -0.008847 0.014252 1.8771303267949 0.0077604264336557 0.013476775684352 0.0033450631404891 0.015187549800218 -0.032699062207597 -0.14772952459809 -0.0924651062791 9.8031039390598 -0.0079106004801621 -0.0061668079929682 9.8046478657723 -0.00069438720788314 -0.00028132584519099 6.6473637680348e-05 -0.00069334056696979 -0.0002807524594294 7.8866583412378e-05 0.39543393885705 0.0367695526217 4 5 4 4 0
49.014252054219 8.4169933533315 112.24194335938 -0.008805 0.014308 1.8850293267949 0.012553603377234 0.011909576263818 0.0082791861974638 0.01519635808965 -0.0336764234096 -0.13833018986956 -0.095210328033993 9.8243911856707 0.0022194962146339 -0.0091105642671619 9.8258224186575 -0.00070066943943501 -0.00022441977060324 0.00035271602493044 -0.00069553255553309 -0.00022134550200765 0.00036466794112113 0.39543393885705 0.0367695526217 4 5 4 4 0
49.014252639099 8.416994009554 112.38138580322 -0.009065 0.014157 1.8605103267949 0.0022321450268348 0.0076061030598396 -3.0613834681141e-05 0.007926875601472 -0.029909844012744 -0.13562742145402 -0.088755074339071 9.8065183599223 0.0030180897078269 0.00057557335388896 9.807857499745 0.00076609831089334 0.00025877251753245 0.00071517625627803 0.00077608841153335 0.00026527308902808 0.00070189095266884 0.40105859920964 0.028319604517013 4 5 4 4 0
49.014252507136 8.4169944702638 112.26966094971 -0.008901 0.014117 1.8644993267949 0.0045173273442318 0.012493986588871 0.00070622548669981 0.013266768456984 -0.034167867664616 -0.12896183349665 -0.07504972677557 9.804048682295 0.0096123004452207 0.012387440407151 9.8051716455913 0.00044692664284272 -0.00027388915059487 -0.00049774845178648 0.00043984682948814 -0.00027828759908386 -0.00050154905456019 0.3982461550348 0.034655446902327 4 5 4 4 0
49.01425265546 8.4169941621367 112.33749389648 -0.009019 0.014164 1.8640543267949 0.0043895465264059 0.0093349370260398 0.0015070979943458 0.010204795227444 -0.031157395511201 -0.14299241039258 -0.088182570582829 9.8001946318587 -0.0042863157046149 0.0004602608090707 9.8016335535939 0.00036992249479118 0.00010952478841325 2.8861844268694e-05 0.00037027456744758 0.00010980317396355 2.2645645090263e-05 0.39902506186955 0.031827660925679 4 5 4 4 0
49.01425225732 8.4169944100474 112.2801361084 -0.008947 0.014082 1.8625973267949 -0.00041486761841232 0.011312371526035 -0.0036498222519819 0.010715358429069 -0.029659821848679 -0.14080687888803 -0.095959392961471 9.8321092476117 -0.0024713452820358 -0.0081888163417171 9.8335828563109 -0.00023031562016623 0.00022645358743174 -0.00061901824929058 -0.00023903145677771 0.00022088593146522 -0.00061772250137631 0.39684001814333 0.036069377593743 4 5 4 4 0
49.014252143461 8.4169942435055 112.22769927979 -0.008814 0.014192 1.8699653267949 0.0024336260936233 0.013612836553612 -0.0016769155871979 0.013727109954243 -0.033976540608228 -0.13641099577455 -0.083680361050125 9.7899196234692 0.0018231632094624 0.0026743551800301 9.7912272799926 0.00016764319885648 0.0011203252210308 0.00038888149221615 0.00017297991388478 0.0011237162145351 0.00037664721656476 0.39684001814333 0.0367695526217 4 5 4 4 0
49.014251931412 8.4169928162756 112.24493408203 -0.008737 0.014342 1.8888363267949 0.017968524333371 0.012535756207662 0.013142998071753 0.017529190642292 -0.034608246198837 -0.13136659897856 -0.073729199403588 9.8098511556219 0.0098363519803976 0.011831656801806 9.8109961649154 -0.0001776729332618 -0.00083388863126609 -0.00081854216254818 -0.00018931773023799 -0.0008410500994149 -0.0008086093711501 0.39480754805348 0.0367695526217 4 5 4 4 0
49.014252240883 8.4169944079318 112.27833557129 -0.009009 0.014077 1.8630433267949 -0.00012932151655073 0.013755930139522 -0.0040846199369704 0.013136175509724 -0.02976809697898 -0.14317818754339 -0.11095664442821 9.7906533055978 -0.0054497164059402 -0.02311152370393 9.7923003446919 -0.00055324067136248 0.00016797625084679 -0.00010424618098541 -0.0005546956538772 0.00016702273908895 -9.7940773892074e-05 0.39684001814333 0.036069377593743 4 5 4 4 0
49.014252629705 8.4169943361712 112.29472351074 -0.008901 0.014183 1.8646323267949 0.0064939495431865 0.012745015997337 0.0025207122030198 0.014080257306076 -0.032889895223255 -0.13897293925336 -0.083679816877951 9.8206107308865 0.00039215718206612 0.0043848065685904 9.8219500508206 0.0012762919492634 -5.8392163282236e-05 -0.00065230450697321 0.0012669209803139 -6.4218961140496e-05 -0.00066979657077554 0.39902506186955 0.031827660925679 4 5 4 4 0
49.014251982323 8.4169936462045 112.24123382568 -0.008735 0.014225 1.8759513267949 0.0073324161773362 0.013137607831218 0.0030565350979523 0.014731837769746 -0.033132699423881 -0.13351531683338 -0.087105170083257 9.8209688757879 0.006471780604703 -0.00099372502448579 9.8222603839563 0.00068883226019783 -0.00060841072064357 -0.00025551610590943 0.00068517052319891 -0.00061060377178979 -0.0002599887462056 0.39621332637861 0.0367695526217 4 5 4 4 0
49.014252656573 8.4169942705005 112.31141662598 -0.008963 0.014202 1.8650373267949 0.006279955032198 0.011471793518517 0.0026845550476032 0.012799765213294 -0.032679689923737 -0.13964073898113 -0.093864315878139 9.8041774787331 -0.00055240597559202 -0.0057754863305837 9.8056196721456 0.00039558583727368 0.000247378361746 -0.0006473328691178 0.00038632614820119 0.00024157491422989 -0.00065505610358975 0.39902506186955 0.031827660925679 4 5 4 4 0
49.014252610754 8.4169943526805 112.2915725708 -0.008931 0.014178 1.8642163267949 0.0051563676623742 0.01167096201048 0.0015568736032482 0.012664047577576 -0.033096346795149 -0.14232160012867 -0.074213972502578 9.7973718342059 -0.0032952195907152 0.01323343581477 9.7986775161598 7.7518449913005e-06 -0.00011491213551518 -0.00011572463823687 6.1700890844547e-06 -0.00011595335831682 -0.00011479651120656 0.39902506186955 0.031827660925679 4 5 4 4 0
49.014252007927 8.4169928862222 112.24644470215 -0.008765 0.014397 1.8904573267949 0.019583155217753 0.011534997531107 0.014958032359693 0.017111569572018 -0.034590278733466 -0.13702121265311 -0.08648554156242 9.8263442019784 0.0048558891691322 -0.00053551792109586 9.8276790077632 -0.00020171526666859 -0.00057921755358943 -0.00015902136162014 -0.00020391396502172 -0.00058057827313312 -0.00015101209997746 0.39480754805348 0.0367695526217 4 5 4 4 0
49.014252141218 8.4169942740749 112.23440551758 -0.008822 0.014052 1.8686543267949 0.0015243083357344 0.01415363068321 -0.002685884698503 0.013980277892157 -0.031677932169344 -0.13592328456924 -0.093680346802505 9.8091186693061 0.0020642984787522 -0.0065922331234213 9.8105052769061 0.0010049287533102 -0.00044373629797929 0.00071154137411128 0.0010148465567777 -0.00043741230211212 0.00070123647843877 0.39684001814333 0.0367695526217 4 5 4 4 0
49.01425264714 8.4169941118051 112.35022735596 -0.009085 0.014164 1.8632953267949 0.0042583714136468 0.0088057439283242 0.0015419403279173 0.0096592150832267 -0.031036253347614 -0.14159761355474 -0.089656292212808 9.8101367386265 -0.0027593802698488 -0.00078248575190467 9.8115678339495 -0.0004674644973723 9.9472813415519e-05 0.00018590257044909 -0.00046479394189481 0.00010116825959927 0.00019159437421214 0.40105859920964 0.028319604517013 4 5 4 4 0
49.014252593243 8.4169943632462 112.28939056396 -0.009076 0.014157 1.8640663267949 0.0058503309145937 0.011265598632929 0.0023425862895365 0.01247601646983 -0.032810993489952 -0.11802962255944 -0.10864230928699 9.8192892823815 0.021113583107632 -0.02008738382503 9.8205578773526 -0.00091436848392513 -0.00018357689918668 0.00021867176688019 -0.00091114465814747 -0.000181634110141 0.00023322895055758 0.39902506186955 0.031827660925679 4 5 4 4 0
49.014252015172 8.4169934954095 112.24192047119 -0.008751 0.014329 1.8806663267949 0.0098293802886532 0.013323399992241 0.0053128386056967 0.015681644647463 -0.032273602998943 -0.14550647333397 -0.10038073183118 9.802999660296 -0.0053977885755717 -0.014223411164789 9.8045813635348 0.00070969063658711 0.0004992897405203 0.00029847091568899 0.00071381315023545 0.00050185917456084 0.00028388974163536 0.39543393885705 0.0367695526217 4 5 4 4 0
49.014252107279 8.4169940917704 112.22240447998 -0.008881 0.014118 1.8721423267949 0.0042579331957348 0.013220961036992 0.00014521742921135 0.013888972576876 -0.033724560356828 -0.14680564288508 -0.096883228364796 9.8214851767607 -0.0076225391435761 -0.010031313103134 9.8230519589628 -0.00059494574592001 -0.00099317209081648 0.00051477897113888 -0.00058748830776421 -0.0009885807457837 0.00053197289305457 0.39684001814333 0.0367695526217 4 5 4 4 0
49.014252211257 8.4169943854361 112.27117156982 -0.008964 0.014017 1.8645343267949 -0.00017880920610516 0.011410810370415 -0.0034705015059027 0.010871849226843 -0.029963222404726 -0.12592480143914 -0.089449403478446 9.8175327479383 0.011849811651616 -0.001768473970494 9.8187415526622 -0.00049763224366718 -0.00034031358354103 0.00017270650379199 -0.00049510703100559 -0.00033877638896548 0.0001827035665242 0.39684001814333 0.036069377593743 4 5 4 4 0
49.014252671637 8.4169938790197 112.41469573975 -0.009162 0.014194 1.8581143267949 0.0017406800144138 0.006906827811863 -0.00028834278343862 0.0071169631681501 -0.029059969107919 -0.14358826888237 -0.091087543167543 9.805707671195 -0.0047376406939073 -0.0012921713877244 9.80718113799 -2.0754136484856e-05 0.0006139118272404 -0.00022419712783319 -2.3985128227123e-05 0.00061182862734896 -0.0002294763991108 0.40105859920964 0.028319604517013 4 4 4 4 0
49.014252094645 8.4169929902233 112.2367401123 -0.008763 0.014492 1.8918633267949 0.020385310920169 0.012223524493664 0.01548522134293 0.018032879324609 -0.033414712975908 -0.14302199223379 -0.10800905209207 9.8032140956127 -0.0012951441652338 -0.022148624179211 9.8048275654123 1.7386103169564e-05 0.00068122203562174 -0.00041808868535912 1.1238938068836e-05 0.00067753403917259 -0.00042428214660078 0.39480754805348 0.0367695526217 4 5 4 4 0
49.014252567115 8.4169944155251 112.27556610107 -0.008982 0.014159 1.8645863267949 0.0048650539651613 0.012652209533043 0.00099559669141968 0.013518657060354 -0.032595798578561 -0.14782067090076 -0.090750217600757 9.8183935317113 -0.0085390519632402 -0.0030286284127436 9.8199218334289 -0.00077380032704405 -0.00050132273559171 0.00028961026553752 -0.00076952283048909 -0.00049872931909557 0.00030501900975134 0.3982461550348 0.034655446902327 4 5 4 4 0
49.014252119297 8.4169941303407 112.22163391113 -0.008831 0.014162 1.8717503267949 0.0038921953653644 0.012633334829533 -2.2186425376917e-05 0.013219363415409 -0.03428366779516 -0.14118502932038 -0.086925042805411 9.8047557838782 -0.0021845496887761 -0.00046548426997861 9.8061574821491 -0.00014030808459889 -0.00035527063966865 0.00057847722381243 -0.00013205978723497 -0.00035014609977577 0.00058354322781239 0.39684001814333 0.0367695526217 4 5 4 4 0
49.01425266026 8.4169941996219 112.32901763916 -0.009011 0.014169 1.8644743267949 0.0047352625915967 0.010034099765782 0.0016304173983419 0.010974869995737 -0.032402472138267 -0.14060658895745 -0.091039282335617 9.8079109497232 -0.0016384191755012 -0.0026319321859748 9.8093406002942 -1.4740606792607e-05 -4.0535009658892e-05 0.0010381109166262 -4.7670821586493e-08 -3.1141089533928e-05 0.001038536077422 0.39902506186955 0.031827660925679 4 5 4 4 0
49.014252168456 8.4169943509862 112.26331329346 -0.008826 0.014042 1.8654303267949 0.00048733341591921 0.013728829930929 -0.0035184409471821 0.013279267846584 -0.031147608807644 -0.14474173429212 -0.087648312955975 9.8083683391546 -0.0064655226308322 -0.00032846011763423 9.8098267997773 0.0013473591193125 -0.0010234264925337 0.0011221507614124 0.0013632015606321 -0.0010133986381465 0.0011120244867736 0.39684001814333 0.036069377593743 4 5 4 4 0
49.014252643021 8.416994083173 112.35898590088 -0.00906 0.014153 1.8625413267949 0.0033320632254754 0.0085196424021392 0.00074478725232355 0.0091177936186089 -0.030634460811942 -0.13818831549129 -0.091859973714659 9.8100148164379 0.00062192395457807 -0.002832159876043 9.8114177370156 0.00027188267398001 -6.3319707201276e-05 -0.00056766526711578 0.00026382714701387 -6.8482957655209e-05 -0.00057083814252637 0.40105859920964 0.028319604517013 4 5 4 4 0
49.014252017856 8.4169938948108 112.22885894775 -0.008778 0.014226 1.8721883267949 0.0053178324237509 0.013555816806286 0.0010560356118168 0.014523243852074 -0.033172953973595 -0.13815867733133 -0.083197632546538 9.8105673731542 0.0011764394410737 0.0028773402210474 9.8118922575617 -5.9808958967679e-05 0.00039675172907998 -0.00018274542109475 -6.2462443230668e-05 0.00039514428087984 -0.00018536022380694 0.39621332637861 0.0367695526217 4 5 4 4 0
49.014252641822 8.4169939822045 112.3879776001 -0.009127 0.01411 1.8597073267949 0.0019134859524566 0.0075116144307938 -0.00030410447294406 0.0077455542400195 -0.029592664169913 -0.1406612340266 -0.088710558564001 9.8081314681523 -0.0021953179393681 0.00079185099618457 9.8095410580982 -2.1031005877986e-05 -0.00017472559246737 -0.0009216986044928 -3.3990405946244e-05 -0.00018312795449608 -0.00091969596588622 0.40105859920964 0.028319604517013 4 5 4 4 0
49.014252225815 8.4169944004431 112.27433013916 -0.008885 0.014053 1.8638143267949 -0.00046073379340541 0.013219201604336 -0.0042554338353512 0.012523935417556 -0.030944490575161 -0.13673990672043 -0.070979198703223 9.8112151919514 0.0012447736301248 0.016497078476051 9.8124116387351 0.00065023394522766 -0.0002262179171176 -0.0002283528618917 0.00064698478296767 -0.00022819896503931 -0.00023542775262333 0.39684001814333 0.036069377593743 4 5 4 4 0
49.014251968988 8.4169928551568 112.24777984619 -0.008788 0.014407 1.8895133267949 0.019395744708793 0.012465436443694 0.014503950580383 0.017922935387715 -0.033308667344454 -0.14723973104076 -0.10955593002846 9.8094548168224 -0.0059481348510096 -0.023194409411851 9.8111424492086 0.00034634269414789 0.00023132311247996 0.00046737410793845 0.00035300350348339 0.00023542738510898 0.00046026626664658 0.39480754805348 0.0367695526217 4 5 4 4 0
49.014252047207 8.4169939549693 112.23038482666 -0.008828 0.01423 1.8720813267949 0.0048785417865719 0.013578256239886 0.00062913768278949 0.014414346776362 -0.033034276970287 -0.13917643053679 -0.096588698363131 9.8002161574252 -5.2879484050549e-05 -0.010209614516232 9.8016749569631 -0.00022266044902505 0.00062149456149372 0.00034751495541679 -0.00021777831237459 0.00062450235604024 0.00034519979588744 0.39621332637861 0.0367695526217 4 5 4 4 0
49.014251951239 8.4169928324795 112.24725341797 -0.008742 0.014402 1.8891253267949 0.018533062614244 0.01383769463463 0.013265820729706 0.018946993014027 -0.033881120884471 -0.14688136263491 -0.085344306921204 9.8009665703233 -0.0055561295035539 0.00061191652636306 9.8024375620242 0.00060690543873684 -0.00021411405944009 -0.00055096491849513 0.0005989517795665 -0.00021892946628225 -0.00055780321668809 0.39480754805348 0.0367695526217 4 5 4 4 0
49.014252574307 8.416994398777 112.28141784668 -0.008898 0.014176 1.8641523267949 0.0060688907190061 0.013010935967952 0.0020473794095734 0.01420997654448 -0.033934712001327 -0.15473608398182 -0.07362827651065 9.8018373063068 -0.015402577921792 0.013970112718593 9.8033137197409 0.00074452212141884 -0.0006621665358318 0.0004822100478409 0.00075141533292819 -0.00065786066651859 0.00047744435672746 0.3982461550348 0.034655446902327 4 5 4 4 0
49.014252143041 8.4169943010876 112.24219512939 -0.0089 0.014081 1.8673593267949 0.00028488565838664 0.0131374967389 -0.0035583038012851 0.012649844268699 -0.032572557720535 -0.14160417244808 -0.10298830194173 9.8193038255933 -0.0032506995545401 -0.015498573997162 9.8208521499849 0.00020591120250898 -0.00032335416125438 -0.00043371316367935 0.00019979063232603 -0.00032720542772394 -0.00043365565485952 0.39684001814333 0.0367695526217 4 5 4 4 0
49.014252030235 8.4169939286233 112.22989654541 -0.008774 0.014227 1.8719783267949 0.0053250708798215 0.013838957020822 0.00097921052062912 0.014795740920931 -0.033485339318588 -0.13741910685279 -0.087268931605932 9.806304169071 0.002043537572655 -0.0009979034041207 9.807655244435 0.00043643768974893 0.00011817243543834 0.00021540551809209 0.00043945979805521 0.0001200664191793 0.00020815240268286 0.39621332637861 0.0367695526217 4 5 4 4 0
49.014252639403 8.4169940293559 112.37595367432 -0.009094 0.014133 1.8610133267949 0.0024485486858863 0.0080065157763991 5.8010071975618e-05 0.0083723741597951 -0.030043635226841 -0.14083365309991 -0.093820469899037 9.8125807568659 -0.0020479263484894 -0.0046628477595288 9.8140389586152 -0.00013806659257826 -0.00025555956718524 0.00077246543923023 -0.0001270946856827 -0.00024851927979653 0.00077663514432411 0.40105859920964 0.028319604517013 4 5 4 4 0
49.014252536552 8.416994459418 112.26853179932 -0.008887 0.014187 1.8646143267949 0.005023405662918 0.014474805931007 0.00061489186108003 0.015309348080068 -0.033071361466709 -0.12870473460478 -0.10424805417475 9.8240426168367 0.01072994363478 -0.016253609115147 9.8254192735614 0.0013364171756869 -5.5526309268604e-05 -0.00094753351904698 0.001322881719061 -6.3966576046497e-05 -0.00096585402979362 0.3982461550348 0.034655446902327 4 5 4 4 0
49.014252400979 8.4169944556052 112.27574920654 -0.008843 0.014152 1.8626063267949 0.0041079815622709 0.012414395737442 0.00035648175237226 0.013071759483917 -0.030987186539295 -0.14975798461346 -0.069187208285476 9.7950802034016 -0.011459229766261 0.017599669295534 9.7964479532233 0.00043926517799268 0.00076185561368298 -0.0004360523677866 0.00043295823868971 0.00075797582718449 -0.00044892756617526 0.3982461550348 0.034655446902327 4 5 4 4 0
49.014252106732 8.4169930264933 112.23603820801 -0.00873 0.014469 1.8919653267949 0.019126316749303 0.01176733139345 0.01443475758263 0.017202525327057 -0.034797807029668 -0.12092995347389 -0.079330474787236 9.8271259569294 0.020937543806709 0.0065412508918943 9.8281656148392 0.00025619544705556 0.00061334525802833 0.00032107477677559 0.00026075443053967 0.00061610061147727 0.00031198745286136 0.39480754805348 0.0367695526217 4 5 4 4 0
49.014252011446 8.4169938039364 112.22876739502 -0.008763 0.014253 1.8739643267949 0.0063127736577801 0.01428130161403 0.0017706023232988 0.01551372783598 -0.03339191867507 -0.13538063306045 -0.086364711174216 9.8222573251038 0.0045084301178868 -2.1035564376485e-05 9.8235690283229 0.00063544202950824 0.00011396139426074 -0.0001340700558853 0.00063344202492086 0.00011281486437626 -0.00014408830808043 0.39621332637861 0.0367695526217 4 5 4 4 0
49.014252641921 8.4169940558196 112.36761474609 -0.009106 0.014176 1.8618113267949 0.0028177463502227 0.0082354651235723 0.0003402245295178 0.0086975605667356 -0.030325806590657 -0.14231204278963 -0.087492366480042 9.8021033844732 -0.0036410816845495 0.0015798692642012 9.8035261993025 -0.00034579246148568 0.00039538268404581 9.2131787957494e-05 -0.00034450217145671 0.00039622852530228 9.3421781291778e-05 0.40105859920964 0.028319604517013 4 5 4 4 0
49.01425232179 8.4169944364487 112.28015136719 -0.008865 0.014085 1.8623113267949 0.0023408778679568 0.014506921715094 -0.0019280740135518 0.014567522380781 -0.030233582761839 -0.13092790782378 -0.099065330710146 9.8114403468542 0.0074051179330903 -0.011288596268509 9.8128054777138 0.0015555788637466 -0.00016121006869247 0.00080839174629519 0.0015668103791833 -0.00015400708995773 0.00078775818704152 0.39684001814333 0.036069377593743 4 5 4 4 0
49.014252643755 8.4169943163896 112.29905700684 -0.008994 0.014176 1.8651643267949 0.0064704413816446 0.011895660131259 0.0027400313066913 0.013261434078414 -0.033501447972423 -0.13897915784659 -0.10311799576968 9.8055229206837 0.00021779049960712 -0.014865724066425 9.8070386318891 0.00015676653754778 -0.00031117654562084 0.00051228746136213 0.00016409755693264 -0.00030650907267232 0.00051279170348199 0.39902506186955 0.031827660925679 4 5 4 4 0
49.014252279382 8.4169944192006 112.28184509277 -0.008867 0.014088 1.8623263267949 0.0011475757614847 0.013028766478918 -0.0026441412196937 0.012809155817542 -0.030821039113553 -0.1481202072647 -0.061171922977141 9.7919225478656 -0.010247970548852 0.02574420442587 9.7931952517279 0.00030837256811045 0.00018181941715392 0.00060283539981208 0.00031681716633544 0.00018711872955085 0.00059678774663865 0.39684001814333 0.036069377593743 4 5 4 4 0
49.01425264416 8.4169939539467 112.39527893066 -0.009133 0.014152 1.8591973267949 0.0017145541399724 0.0073371452204788 -0.00044094002066244 0.0075219163888935 -0.029423397806588 -0.13362864786751 -0.09125421599219 9.809698162736 0.0049037931225454 -0.0015078492003079 9.811031468422 0.00027657384932205 0.00046918612922542 -0.00010733189449249 0.00027497349123308 0.00046820219034906 -0.00011552035086973 0.40105859920964 0.028319604517013 4 5 4 4 0
49.014252120937 8.4169930713481 112.23546600342 -0.008745 0.014467 1.8919343267949 0.018677219860503 0.013055636423885 0.013605950128531 0.018280211203189 -0.034458040764648 -0.14949912646502 -0.086172158767878 9.7898113247706 -0.0079967275919535 -0.00087371502385698 9.7913287873735 -0.00047516656752637 0.00022395007758487 0.00036406017759971 -0.00046991314484727 0.00022710653182305 0.00036889716880553 0.39480754805348 0.0367695526217 4 5 4 4 0
49.014252343324 8.4169944365421 112.27922058105 -0.009037 0.014086 1.8623623267949 0.0017637718466536 0.013347723714364 -0.0021497923889301 0.013291053031891 -0.031188649227626 -0.12970398666882 -0.10887352827936 9.8151228565738 0.0084747028561627 -0.020320434603224 9.8165594159835 -9.9456485350539e-05 0.00026266875712622 -0.0011235868288255 -0.0001153107092775 0.00025248373928666 -0.0011244175871051 0.39684001814333 0.036069377593743 4 5 4 4 0
49.014252443899 8.4169944604263 112.27307891846 -0.008863 0.014064 1.8634903267949 0.0055621593013539 0.015001569301266 0.00099402137563031 0.015968610673103 -0.031037391057926 -0.12755971631186 -0.080884776567402 9.8198214663053 0.010521279921649 0.0067598529676875 9.8209770540648 0.0012018496526098 0.00015420196229439 0.0013679811189876 0.001220943128784 0.00016632035446465 0.0013495484317147 0.3982461550348 0.034655446902327 4 5 4 4 0
49.014252155688 8.4169943496894 112.25749206543 -0.008834 0.013976 1.8655543267949 -0.00027235324870064 0.013096812740246 -0.0040644404756208 0.012453107914052 -0.030800422813986 -0.13713966674518 -0.072190084566013 9.8195964206714 0.00067292908565896 0.014445713375838 9.820809552615 -0.0001954998718822 -0.0010876016924463 0.00013831486266535 -0.0001933912485141 -0.0010863300809814 0.00015057061029608 0.39684001814333 0.0367695526217 4 5 4 4 0
49.014252181652 8.416994348188 112.26895141602 -0.008948 0.014127 1.8651743267949 0.00078679589263963 0.012478672515862 -0.0028650274383473 0.012170992898811 -0.03008709673715 -0.13966658892553 -0.10815795261628 9.8033044436794 -0.0016760465354741 -0.020214668677936 9.8048754425902 0.00047131036171851 0.00088316244429828 0.00051928972817622 0.00047848192383614 0.0008878155097553 0.00050460259440654 0.39684001814333 0.036069377593743 4 5 4 4 0
49.014252019848 8.4169938782953 112.22576141357 -0.008812 0.014249 1.8728133267949 0.0058725521059355 0.014068011761467 0.0014268174348589 0.015177644948976 -0.033913129980897 -0.14673198974981 -0.098876510007082 9.8001632335223 -0.0072339627684159 -0.012637574739172 9.8017497581605 -0.00019742337825343 0.00021394871087583 0.00065175567627745 -0.0001881550163522 0.00021965885269845 0.00065257690646792 0.39621332637861 0.0367695526217 4 5 4 4 0
49.01425252126 8.4169944696423 112.26957702637 -0.008911 0.014158 1.8645873267949 0.0053507181268404 0.014519401057131 0.0009163120468992 0.015446792137961 -0.033109997076351 -0.13988987086954 -0.073893078391751 9.7902919979327 -0.0013256094132112 0.013478792861112 9.7915608713174 0.00034638863234936 0.00012931525566553 0.00042973702463853 0.00035241675647741 0.00013313588720993 0.00042362409270887 0.3982461550348 0.034655446902327 4 5 4 4 0
49.014252075292 8.4169940128892 112.23142242432 -0.008836 0.014222 1.8721603267949 0.0043005142261858 0.012645776569636 0.00035286540595044 0.013352364655374 -0.033537294150694 -0.14264738130817 -0.082852527156383 9.8025455225415 -0.0035387223322533 0.0034272349366715 9.8039325056318 -0.00054841276003343 0.00053432138164686 0.00030397480776515 -0.00054409518372007 0.00053700114533866 0.00030704512285371 0.39621332637861 0.0367695526217 4 5 4 4 0
49.014252001361 8.416993555568 112.24130249023 -0.008777 0.014275 1.8787953267949 0.0086261979044786 0.012889476967683 0.0043244423361887 0.014895218311478 -0.033067387587227 -0.13419380573649 -0.085592790039462 9.8179751229998 0.0058132342025028 0.00079928566158419 9.8192635114682 0.00047022181481319 0.00013986179685679 0.00029402011563848 0.00047433704474982 0.00014241208883938 0.000286068002455 0.39543393885705 0.0367695526217 4 5 4 4 0
49.01425213247 8.416994187953 112.22100067139 -0.008818 0.014128 1.8710553267949 0.0036010973210159 0.012869609538317 -0.00036390209419608 0.013359070287104 -0.033166966848894 -0.14292730262761 -0.088020751062981 9.8026451922192 -0.0046112954499798 -0.0017542012437442 9.8040810345088 -0.00022923815374478 0.00027665974658971 -8.1794027491131e-05 -0.00023043627784458 0.0002759542624596 -8.0989227053772e-05 0.39684001814333 0.0367695526217 4 5 4 4 0
49.014252475419 8.416994464998 112.27157592773 -0.009027 0.014055 1.8639163267949 0.0051511242433039 0.013437010869936 0.0010457874465377 0.014352494069039 -0.032794596376085 -0.13603768764592 -0.12820203621922 9.8245410812602 0.0023843410163033 -0.039879767825243 9.8262389258306 -0.00050382516274107 -0.0004965767395991 0.00035884579601091 -0.00049868006866006 -0.00049329812052063 0.00037036412739515 0.3982461550348 0.034655446902327 4 5 4 4 0
49.014252658447 8.4169942391037 112.32055664062 -0.009012 0.014203 1.8648203267949 0.0054091526737773 0.010643557110494 0.0020953822525991 0.011753903730852 -0.031960824760245 -0.13970559192897 -0.093526378584054 9.8130883531551 -0.00055480992961866 -0.0051013384817213 9.8145269147757 -6.9314172410022e-05 0.00035361444399349 0.00081255867678527 -5.781605531817e-05 0.00036089730596746 0.00081024236689622 0.39902506186955 0.031827660925679 4 5 4 4 0
49.014252375258 8.4169944501489 112.27701568604 -0.009005 0.014067 1.8624743267949 0.0018053203296655 0.012596046386641 -0.0018949423513642 0.012583140687994 -0.031714556321576 -0.14369367333035 -0.09255309810415 9.8052256985462 -0.0054330314976631 -0.0050229255155934 9.8067131742431 -0.0012454810612479 -0.00049880198229004 -0.00063263637255133 -0.0012541863195116 -0.00050446577949478 -0.00061057424261773 0.39684001814333 0.036069377593743 4 5 4 4 0
49.014252650673 8.4169942948017 112.30373382568 -0.008999 0.014186 1.8652553267949 0.0062835051922291 0.011023253483481 0.0028151102545308 0.012372155683581 -0.032768258094507 -0.13764915416054 -0.082223221796743 9.8103744519419 0.001601990989311 0.0058659024300074 9.8116830491834 -0.00031207787693213 -0.00016510854056047 -0.00017344567383488 -0.00031448704606693 -0.00016666488671241 -0.00016749953778999 0.39902506186955 0.031827660925679 4 5 4 4 0
49.01425258191 8.4169943801924 112.28534698486 -0.008976 0.014218 1.8641323267949 0.0074292389981192 0.013333814524467 0.003256843726035 0.014912299995843 -0.032261294220987 -0.14067657957498 -0.10206775773712 9.7939510378089 -0.0015675416496308 -0.013830474976989 9.7954840348028 0.00067552356520506 0.00028176314249534 0.00026859052959108 0.00067925476728799 0.00028416068038975 0.00025640457159421 0.39902506186955 0.031827660925679 4 5 4 4 0
49.014252152728 8.4169943410512 112.25112915039 -0.008832 0.014072 1.8660623267949 -0.00018209660944212 0.012306873444238 -0.0037521607606054 0.011722381995739 -0.030929415675296 -0.13851408811996 -0.094511884669426 9.7949764779263 -0.00082957319949871 -0.0078692497211675 9.7964092239433 0.00029152462993619 0.00018734929378415 -0.00052935310327976 0.0002840234328407 0.00018264970644618 -0.00053508170232077 0.39684001814333 0.0367695526217 4 5 4 4 0
49.014251993388 8.4169937266049 112.23448181152 -0.008793 0.014247 1.8748053267949 0.0067547445544428 0.013743373212778 0.0023387634426046 0.015134164551703 -0.033384731983257 -0.14066871783059 -0.087929557358412 9.792169315669 -0.0011936287475211 -0.0018332415611135 9.7935741259224 0.00012643656305795 1.3317132985419e-05 3.7363195569742e-05 0.00012695214057763 1.3632746630769e-05 3.543173724196e-05 0.39621332637861 0.0367695526217 4 5 4 4 0
49.014252140084 8.4169942120867 112.22249603271 -0.00879 0.014099 1.8708343267949 0.0034802780667188 0.013053846751401 -0.0005288139766252 0.013499857233395 -0.033729893817432 -0.13449108433031 -0.087240528386988 9.8255671700008 0.0044052588861008 -0.0008508606128656 9.8268739382107 8.6379329715269e-05 -0.00074167664982956 3.3383699396505e-05 8.6928725956171e-05 -0.00074133035435473 3.8667219350181e-05 0.39684001814333 0.0367695526217 4 5 4 4 0
