49.014238340916 8.417007192214 113.1125793457 -0.006468 0.01408 1.8980623267949 0.02193868419437 -0.00061559955053162 0.020973275550365 0.0064658944904946 -0.011961263571268 -0.13516443108801 -0.065494692829581 9.8069169230016 0.0031714026037057 -0.0021606966329428 9.8080667696647 -0.00012732343394716 -0.00039970808644422 0.00066536244938757 -0.00011790804177212 -0.00039540007937069 0.00066968090425176 0.37985391929003 0.0367695526217 4 4 4 4 0
49.014236598509 8.4170074785107 113.09986877441 -0.006399 0.0141 1.8931203267949 0.027145038944348 0.0044540982814492 0.024347249583111 0.012802552441864 -0.016319704826302 -0.13041232256925 -0.063058792656153 9.8046176487614 0.0078747635262847 -0.00070077854053891 9.8056845373445 -0.00057028640186558 0.00028300130730443 0.00057077738465573 -0.00056218180799546 0.00028665721134544 0.00057692644263698 0.39231747348289 0.039597979746447 4 4 4 4 0
49.014238605283 8.4170072098123 113.10322570801 -0.00642 0.014167 1.8993293267949 0.022052973260778 -0.00084087446115795 0.02114561528286 0.0063169841803694 -0.011567009157466 -0.13361619879549 -0.060942898352196 9.805415821744 0.0050868142308679 0.002219717284173 9.8065140950472 0.00045090194408991 0.00045096618704461 -0.00038885291797805 0.00044528868984289 0.00044846839403675 -0.00039808575771015 0.38204711751301 0.038183766184074 4 4 4 4 0
49.014238530828 8.4170072123575 113.10628509521 -0.006485 0.014166 1.8988623267949 0.022296735204001 -0.00068310404485864 0.021328750866017 0.0065341796100426 -0.011687809255996 -0.13018150955312 -0.0647906120352 9.8098950679641 0.0084806332685339 -0.0012873457014778 9.810969062272 -0.00016724271655782 0.00060943457507634 0.00054122090980925 -0.0001596254275841 0.00061293073933944 0.00053957225804318 0.38204711751301 0.038183766184074 4 4 4 4 0
49.014236642814 8.4170074856473 113.14376831055 -0.006426 0.013915 1.8987963267949 0.013372951505514 0.0068402747766652 0.010456087694803 0.010784043940285 -0.01050794525208 -0.13582837906318 -0.063571231055629 9.8077698113324 0.00062374238603715 -0.00050582246016384 9.8089163876657 0.0001008329284897 1.3655070757339e-06 0.00058299552109544 0.00010893328129782 5.091973777898e-06 0.00058150675980734 0.37766122385016 0.023345235059858 4 4 4 4 0
49.014237792733 8.4170073702968 113.12303161621 -0.006507 0.01406 1.8981223267949 0.021731368598602 0.005000824148396 0.018969504859282 0.011722560183606 -0.012782261240683 -0.13456235443773 -0.067403423454731 9.8085071734965 0.0035060402019637 -0.0037919077236622 9.8096605009901 -0.00028889909493681 -0.00028574645053388 0.00050404979260558 -0.00028172720997185 -0.00028245657507078 0.00050992293424896 0.37845078940333 0.033941125496954 4 4 4 4 0
49.01423856217 8.4170072120666 113.10493469238 -0.006481 0.014104 1.8990373267949 0.02214222795257 -0.00069499426361335 0.021184750033594 0.0064782462022042 -0.01167737988938 -0.14334432189492 -0.063649068886125 9.808561171575 -0.0047681258050311 -0.00028848019555463 9.8098139100423 -0.00032157019719625 -0.00037935205360647 8.0593818837716e-05 -0.00032038149494179 -0.00037881905788873 8.7601449085385e-05 0.38204711751301 0.038183766184074 4 4 4 4 0
49.014237907036 8.4170073588572 113.11755371094 -0.006429 0.014069 1.8975563267949 0.022524865507582 0.0044408108089085 0.019906022416423 0.011438478195954 -0.01310955574119 -0.13431867764828 -0.062062846589861 9.8089706007681 0.0036721264817732 0.0012314753598963 9.8100857405057 0.00051536498131558 -1.431268820995e-05 -8.4134748330613e-05 0.00051411967307847 -1.4855180734868e-05 -9.1273983404119e-05 0.37845078940333 0.033941125496954 4 4 4 4 0
49.01423664766 8.417007491633 113.08556365967 -0.006356 0.014073 1.8917623267949 0.028574470404577 0.0048152744119322 0.025610515823122 0.013557048877236 -0.018097684633941 -0.13581279397927 -0.071542858330796 9.8087724797489 0.0028633621129908 -0.0094148417145231 9.8099690490766 -0.00011737111413717 -0.0007925956848002 0.00046044977637663 -0.00011077369755135 -0.00078961995888401 0.00046708089596547 0.39231747348289 0.039597979746447 4 4 4 4 0
49.014238438173 8.4170072008778 113.10999298096 -0.006427 0.014129 1.8984003267949 0.021997804983525 -0.00055129817092285 0.021005948897645 0.0065541749455183 -0.011764836775522 -0.1357303213714 -0.065497322009606 9.8078896466602 0.0026717594763786 -0.0022886970121768 9.8090468025179 0.00032382482689436 0.00031900007650513 0.00074993726258882 0.00033433005216562 0.00032386877689253 0.00074322369106615 0.37985391929003 0.0367695526217 4 4 4 4 0
49.014238496565 8.4170072095635 113.10749816895 -0.006439 0.014119 1.8986113267949 0.022215785405166 -0.00065024892888707 0.021243121476811 0.0065340423773277 -0.011769798299593 -0.13895438220315 -0.067333563548022 9.8085235997094 -0.00050044787239553 -0.0040114186822951 9.8097382082668 0.00031502047749352 0.00010301238872653 0.00037564293743955 0.00032032173497332 0.00010545165915662 0.00037048848353548 0.37985391929003 0.0367695526217 4 4 4 4 0
49.014238715659 8.4170071197173 113.10102081299 -0.006443 0.014123 1.9002123267949 0.021046357099461 -0.0019900713780845 0.020558993774873 0.0049232735870259 -0.011018318877631 -0.13443017470965 -0.061002943412988 9.8081622703911 0.0041761873930029 0.0022119514414537 9.8092720152941 0.0002157673868279 -6.2475557365185e-05 0.00055809719730059 0.00022366185567783 -5.8910674340127e-05 0.00055537411816518 0.38204711751301 0.038183766184074 4 4 4 4 0
49.014238254699 8.417007212556 113.11056518555 -0.006452 0.014079 1.8971543267949 0.02289039054012 0.00021094053433517 0.021615657370335 0.0075351984364711 -0.012704046729767 -0.13573036180498 -0.063977296950478 9.8103808166844 0.0025170465122176 -0.00056385668341913 9.8115280456514 0.00030353971964943 -0.00014198363390973 0.00065432521952276 0.00031273569342597 -0.00013772800270765 0.00065087114503411 0.37985391929003 0.0367695526217 4 4 4 4 0
49.014238381764 8.4170071957702 113.11218261719 -0.00646 0.014113 1.8982583267949 0.02196833535094 -0.00059904499174459 0.020994410399947 0.0064962645411491 -0.011823455437983 -0.14041863846865 -0.065521363777209 9.8074002947332 -0.0020326035087991 -0.0021737671634674 9.808624195599 3.8457898489829e-05 0.00011583808633914 -0.00023421627818536 3.5139141628341e-05 0.00011432460041142 -0.00023546740040214 0.37985391929003 0.0367695526217 4 4 4 4 0
49.014236459131 8.417007462464 113.12412261963 -0.006386 0.014004 1.8953523267949 0.022217064081024 0.0041551048026497 0.019736627218426 0.011014619844297 -0.013185432809333 -0.13706456943154 -0.069669050258282 9.8066338407285 0.00037409318423633 -0.0069657508066861 9.8078365261945 0.00015982056794733 1.6076476034833e-05 0.0017543033370226 0.00018437001245968 2.7267473682086e-05 0.0017517556685181 0.39231747348289 0.039597979746447 4 4 4 4 0
49.014236764595 8.4170074608475 113.1428527832 -0.006449 0.013935 1.8983363267949 0.014267552729399 0.0070435939019984 0.011241633065752 0.011260577635957 -0.010767878118587 -0.14197509962736 -0.064945678630927 9.8095878164609 -0.0050484882307186 -0.0017330880195033 9.810828716242 -3.3582639112223e-05 -0.00046567363967682 -0.00010845317697533 -3.5039301713104e-05 -0.00046635321570369 -0.00010497503520511 0.37766122385016 0.023345235059858 4 4 4 4 0
49.014236363644 8.4170075277694 113.13737487793 -0.006454 0.013936 1.8978153267949 0.016938094574353 0.0054610127875546 0.014288708068435 0.010609013832176 -0.011160050509642 -0.1373770826502 -0.065666731837128 9.8084660530629 -0.00090031629301716 -0.0026741224075992 9.8096474847174 -0.00055425178508955 0.00052188018475536 0.00045265912661908 -0.00054796564966989 0.00052481507668074 0.00045700577319947 0.37625789028272 0.019849433241279 4 4 4 4 0
49.01423712542 8.4170073822024 113.14418792725 -0.006476 0.013973 1.8974123267949 0.017328025252489 0.0065016252973546 0.014325798130046 0.01171762877767 -0.010949619540595 -0.14103082868136 -0.069179253734147 9.8105515997846 -0.003759498188411 -0.006057953132808 9.8118067851976 -0.00072693385828258 -0.00041516547258615 -0.00019958268495647 -0.00072962767485475 -0.00041638356880217 -0.0001867242293442 0.37704774233511 0.027586228448267 4 4 4 4 0
49.014237592013 8.4170073944359 113.1309967041 -0.006422 0.014126 1.8981773267949 0.02127180793813 0.0065226376515748 0.01804587055861 0.013014665564326 -0.012310742776407 -0.13306756181264 -0.061489250844341 9.8085501849658 0.0051577884459395 0.0016411211749817 9.8096442255522 0.00032237274461755 0.00060670592754902 0.0017517491653173 0.00034699375821996 0.00061795613407493 0.0017430975245186 0.37704774233511 0.030413812651491 4 4 4 4 0
49.014237177127 8.4170073859737 113.14290618896 -0.006434 0.014036 1.8974953267949 0.017890739986585 0.0065042470192041 0.014857003550728 0.011901827066775 -0.011169592475145 -0.13981801591453 -0.062708056313726 9.807144323473 -0.0023391950411432 0.00036060945519266 9.8083412909454 -1.9320997317886e-05 0.00028468942136273 -0.0007385966937454 -2.9712006223203e-05 0.00027994416882367 -0.00074007819279894 0.37704774233511 0.027586228448267 4 4 4 4 0
49.014236458836 8.4170075206891 113.14074707031 -0.006451 0.013901 1.8988643267949 0.013841197964456 0.0062962227989948 0.011075157703272 0.010419273178 -0.010648018289899 -0.13927250849722 -0.070400680739545 9.8112387529229 -0.0029823161468446 -0.0071389970200519 9.8124764893124 -2.6199266063639e-05 0.0001829917353529 0.00036515483080937 -2.1108642803604e-05 0.00018535438061742 0.00036432281737624 0.37625789028272 0.019849433241279 4 4 4 4 0
49.014238201863 8.4170072204431 113.11114501953 -0.00648 0.01407 1.8968553267949 0.022896209091327 0.00062810089606128 0.021489428889918 0.007926908372011 -0.012809444763863 -0.13817573766097 -0.065680303832566 9.8052248240874 -2.0150652788556e-05 -0.0020847969420948 9.8064179869165 0.00019231323033415 -0.00028488918041834 0.00025930827133764 0.00019597173846134 -0.00028320808637097 0.00025839551105168 0.37985391929003 0.0367695526217 4 4 4 4 0
49.014236398635 8.4170075349571 113.13775634766 -0.006404 0.013947 1.8982923267949 0.015159776795712 0.005971278136987 0.012434485743958 0.010528905961925 -0.010767090524489 -0.13285404144555 -0.06505494138358 9.8076193441477 0.0036409595287541 -0.0020216835778628 9.8087339227561 0.00043071166129962 0.00055852363709178 0.00090424735517111 0.00044326730289553 0.00056434536413316 0.00089457172079068 0.37625789028272 0.019849433241279 4 4 4 4 0
49.01423648805 8.4170075217133 113.14013671875 -0.006394 0.013903 1.8988373267949 0.013742575008264 0.0065479499659528 0.010899903596628 0.01062665539613 -0.010560444073701 -0.13420059423277 -0.058483095906486 9.8063778503268 0.0021491373515661 0.0044729784038226 9.8074693187887 0.00047629571486423 -6.4683706086509e-05 -0.00016643553809339 0.0004739539667256 -6.5780646193271e-05 -0.00017265381091642 0.37766122385016 0.023345235059858 4 4 4 4 0
49.0142387531 8.4170070882278 113.09982299805 -0.006369 0.014074 1.9002643267949 0.020596988727874 -0.0025295685269121 0.020307664647752 0.0042702177930219 -0.01076891479251 -0.13350845169597 -0.064683620476546 9.8084436789744 0.0049511976517326 -0.0016051938274774 9.8095642219794 0.0012698338907619 -0.00066106268995172 -0.00095776121670351 0.0012562967896501 -0.00066712668627758 -0.00097132002879729 0.38204711751301 0.038183766184074 4 4 4 4 0
49.01423755114 8.4170073967845 113.13230133057 -0.006396 0.014055 1.8980213267949 0.02092226975504 0.0067630563393785 0.017637393987566 0.013130214086153 -0.012290491644664 -0.13953983930802 -0.06889303389991 9.8088680524659 -0.001503527723946 -0.0058530356171043 9.81010024818 0.00062967679444676 -0.00033587138463875 0.00014143523870829 0.00063164538652868 -0.00033494589648168 0.00013475002080125 0.37704774233511 0.030413812651491 4 4 4 4 0
49.014236361261 8.4170075215027 113.13655090332 -0.006412 0.013893 1.8974123267949 0.017805044013719 0.0050692876894143 0.015239943748099 0.010509920533236 -0.011288981811508 -0.1310402169599 -0.066588728275906 9.8060547361217 0.0054585142176577 -0.0036397187227156 9.8071542140344 0.00014784473234811 -0.00034119873976355 0.00096202948554224 0.00016123951462615 -0.00033503363138046 0.00096208304533863 0.37625789028272 0.019849433241279 4 4 4 4 0
49.014236515506 8.4170075247727 113.138671875 -0.006455 0.013905 1.8988523267949 0.013597898684026 0.0065364760067281 0.010766959690599 0.010568866204776 -0.010738510805065 -0.13344741897641 -0.063640416592833 9.8094361377617 0.0028810418392788 -0.00052462497230211 9.8105496309305 -0.00035224623545715 7.6747418843593e-05 0.0011621431721346 -0.00033605035853254 8.4244442756772e-05 0.0011664241584203 0.37766122385016 0.023345235059858 4 4 4 4 0
49.01423831289 8.4170071929065 113.1125869751 -0.006467 0.014092 1.8977083267949 0.022271850315477 -0.00033859726201144 0.021202218084213 0.0068276873142426 -0.012183454552876 -0.13812389498578 -0.061481955099063 9.8090141894527 0.00020176597916522 0.0020300159060203 9.8101792533304 0.00024337488278558 -4.421919942716e-05 -0.00058542578846896 0.00023511745676196 -4.7991631814646e-05 -0.00058849369651765 0.37985391929003 0.0367695526217 4 4 4 4 0
49.014237750239 8.4170073731877 113.12509155273 -0.006434 0.014109 1.8982093267949 0.0216380216916 0.0053186954913665 0.018778500481005 0.011994188247987 -0.012728708452661 -0.13181382059761 -0.059121544767238 9.8055940794434 0.0063640673971466 0.0041764913048181 9.8066552472353 0.00047432455579188 0.00030167141825948 0.0010453913582352 0.00048896105543586 0.00030839114247192 0.0010366445778445 0.37845078940333 0.033941125496954 4 4 4 4 0
49.014237265933 8.4170073957142 113.14031982422 -0.006384 0.014031 1.8978813267949 0.018685510242672 0.0067111157450538 0.015539890860624 0.01235715790452 -0.01144469991164 -0.13756452410839 -0.062774472913445 9.8072835114357 -3.1244567029484e-05 0.0002471466091824 9.8084491702178 0.00076277725042235 0.00013242619817108 0.00038425301853049 0.00076809505549269 0.00013487452827139 0.00037265014082981 0.37704774233511 0.030413812651491 4 4 4 4 0
49.014236725612 8.4170075638293 113.06016540527 -0.006274 0.014158 1.8896403267949 0.030089215215776 0.0052981777698609 0.026914975449368 0.014457425777809 -0.019577613149656 -0.13253372137141 -0.057759024411572 9.8045687218224 0.006394464215333 0.0039306341641588 9.8056318404818 0.00038059498413715 -3.0729846205087e-05 0.0011352407255927 0.000396627645631 -2.3578039628246e-05 0.0011299223254575 0.39231747348289 0.039597979746447 4 4 4 4 0
49.014238695862 8.4170071587821 113.10051727295 -0.006441 0.014138 1.9000393267949 0.021403792717271 -0.001489954601113 0.020736367147665 0.0055087728402711 -0.011291189594935 -0.1352563790235 -0.066732106855911 9.8100760692766 0.0032346097961264 -0.0033970161771334 9.8112344575034 0.00040235117775527 0.00044073978500336 0.00027262498404626 0.00040610293130985 0.00044249646589608 0.00026406965978681 0.38204711751301 0.038183766184074 4 4 4 4 0
49.014236614055 8.4170074881229 113.14388275146 -0.006435 0.013922 1.8988443267949 0.013531930426372 0.0068720011667112 0.010596267666028 0.010865388912501 -0.010606099940642 -0.14160994549369 -0.063117707692359 9.8117682851268 -0.0051475017581697 -3.4146092007283e-05 9.812992048422 -3.2743594342281e-05 0.00023457987354942 0.00016203982384654 -3.0506131854321e-05 0.00023561504842295 0.0001609866182274 0.37766122385016 0.023345235059858 4 4 4 4 0
49.014237717869 8.4170073768215 113.12693023682 -0.006461 0.014098 1.8981503267949 0.021510262375042 0.0058634801852675 0.018482325006357 0.012468971044667 -0.012599556237047 -0.13541945195372 -0.065682676555958 9.807830998433 0.002711747924866 -0.0023349739584017 9.8089848628732 0.00011079712214857 0.00027167558711519 0.00034723182777585 0.00011566261187309 0.0002738955211499 0.00034388215027502 0.37845078940333 0.033941125496954 4 4 4 4 0
49.014236371558 8.4170075305761 113.13774871826 -0.006432 0.013904 1.8979513267949 0.016069695659564 0.0055328777271105 0.013440232547219 0.010402227336101 -0.010933107976814 -0.13092650136666 -0.061259210224128 9.8074553881245 0.0054930220023338 0.0016143842993335 9.8085191313317 -0.00032181800815934 -1.3149533441805e-05 -0.0008720164853851 -0.00033390070441213 -1.8759785055854e-05 -0.00086734251425668 0.37625789028272 0.019849433241279 4 4 4 4 0
49.014237350714 8.4170074049904 113.13750457764 -0.006459 0.014047 1.8981743267949 0.019093426918098 0.0069075158049967 0.015859213504037 0.012679030145267 -0.01172337295102 -0.13865947306897 -0.068113229059093 9.8103541548643 -0.00085994440780609 -0.0048760870248876 9.8115690801631 -0.00019516616044715 2.6932570183959e-05 0.00015586527933564 -0.00019297786025519 2.793118325607e-05 0.00015841761760485 0.37704774233511 0.030413812651491 4 4 4 4 0
49.014236362824 8.417007514301 113.13491821289 -0.006408 0.013919 1.8969393267949 0.018703980490945 0.0048458168053541 0.016168465644674 0.010578209813151 -0.011624790841132 -0.1374415838545 -0.061174126505777 9.8110309630351 -0.00087298431274918 0.0016224180616976 9.8121843184263 -0.00010694070173226 0.00018908953990899 3.1872041128912e-05 -0.00010651463691118 0.00018927067043415 3.215399991965e-05 0.37625789028272 0.019849433241279 4 4 4 4 0
49.014238051444 8.4170072756278 113.11447906494 -0.006468 0.014074 1.8966133267949 0.023204025400104 0.0025185783512508 0.021175695979748 0.0098161815610515 -0.013173131309852 -0.13806299693107 -0.068462356310969 9.8063169826398 0.00014145042715753 -0.0050866228917297 9.8075264292685 0.00011705076654553 -0.00033083566451869 0.00017440789487657 0.00011952885184578 -0.00032968988675531 0.00017485797001627 0.37845078940333 0.033941125496954 4 4 4 4 0
49.01423649079 8.4170074465256 113.11998748779 -0.006392 0.013995 1.8946503267949 0.023579376173099 0.0037855510194233 0.021153717675307 0.011083217632205 -0.013598601466391 -0.1363134371752 -0.058734767346456 9.8052750023036 0.0013726071355901 0.004022357524206 9.806397570872 0.00023159304816984 -0.00053110304035806 -0.00012641310588283 0.00022984606838657 -0.00053189397351959 -0.00012625371471539 0.39231747348289 0.039597979746447 4 4 4 4 0
49.014237228238 8.417007389275 113.14165496826 -0.006441 0.013982 1.8977343267949 0.018339093299539 0.0066386449473099 0.015237165739565 0.012174683124146 -0.011255107856081 -0.13183978307601 -0.064929757964536 9.8123044988037 0.0055622546553178 -0.0017877773153536 9.8134033968887 -9.83880138678e-05 -0.00037267287585001 0.00024101513650944 -9.4960921687609e-05 -0.00037110827146865 0.00024478110903224 0.37704774233511 0.027586228448267 4 4 4 4 0
49.014238796815 8.4170070608997 113.09799194336 -0.006447 0.01414 1.9003543267949 0.020421481012712 -0.0029686095173039 0.020283249765707 0.0037999982649465 -0.010660725730502 -0.13252045183776 -0.065001630555106 9.806344479237 0.0058727253918963 -0.0018016389344462 9.8074533297846 8.5547643067169e-05 0.00051511893066439 -0.00025709009391944 8.1851764179545e-05 0.00051347018171841 -0.00026160993703921 0.38204711751301 0.038183766184074 4 4 4 4 0
49.014237957643 8.4170073330797 113.11583709717 -0.006465 0.014034 1.8971633267949 0.022748248448721 0.003704213281655 0.020357364430858 0.010806369682384 -0.01329882011753 -0.13574143828471 -0.059824424361523 9.8061647887754 0.0022685943851062 0.0034999004604227 9.8072858885045 3.7715770256657e-05 -0.00076433647875371 0.00044097689871135 4.3941311907506e-05 -0.00076146329149083 0.0004453612582853 0.37845078940333 0.033941125496954 4 4 4 4 0
49.014238852098 8.4170070326181 113.09537506104 -0.006425 0.014094 1.9003583267949 0.020451399645006 -0.0032124135757445 0.020390408019743 0.0035792050382278 -0.010479786146948 -0.13299786677822 -0.061217398012285 9.8087398406657 0.0053815353894031 0.002069313140776 9.8098310715769 0.00057924718055003 -0.00024081062571317 -0.00012673922123572 0.00057743141786178 -0.00024162254748939 -0.00013335100358823 0.38204711751301 0.038183766184074 4 4 4 4 0
49.014236584663 8.417007499628 113.141456604 -0.006437 0.013916 1.8988373267949 0.013687753333888 0.0069935708108338 0.010704898233972 0.01103040460207 -0.010683953640517 -0.13363107354415 -0.06913042358238 9.8069495664484 0.0026923669724918 -0.0061156406581953 9.8081009902181 -0.00014235520182332 0.00024275470788417 0.00071315237425207 -0.00013246045977258 0.00024734444481222 0.00071348258722964 0.37766122385016 0.023345235059858 4 4 4 4 0
49.014237504423 8.4170074032476 113.13403320312 -0.00643 0.014073 1.8981533267949 0.020482597609289 0.0066406541488864 0.017259042796098 0.012874787944228 -0.012154088338976 -0.13235747413077 -0.061212778813296 9.8066985528116 0.0055238734055794 0.0019001838640119 9.8077809294731 0.00014600217343513 0.00018212064026716 8.6664093869712e-05 0.00014718756805875 0.00018267076696739 8.3405222418716e-05 0.37704774233511 0.030413812651491 4 4 4 4 0
49.014237998348 8.4170073085095 113.11504364014 -0.006442 0.014101 1.8968303267949 0.023086326689176 0.0030744337879575 0.020883579571226 0.010310332959369 -0.013212312986825 -0.13023867573331 -0.064727978239774 9.8099160859039 0.0080279149142263 -0.0013953266486066 9.8109906539743 0.00039326315132467 8.0563809658674e-05 0.00022866612808419 0.00039641300197397 8.2022873051046e-05 0.00022256110686431 0.37845078940333 0.033941125496954 4 4 4 4 0
49.01423641768 8.417007480028 113.12902832031 -0.006411 0.013978 1.8960103267949 0.020989088048564 0.0045148260915409 0.018450396913539 0.010977345352677 -0.012439223566611 -0.13862645304398 -0.065808160149139 9.8089171502373 -0.0015444699949388 -0.003157965928239 9.8101169662559 -0.00038330051267856 0.00026547100662829 0.00097198605237026 -0.00036971924274592 0.00027166973863101 0.0009755366075063 0.39231747348289 0.039597979746447 4 4 4 4 0
49.014236673594 8.4170074860992 113.1427154541 -0.006434 0.013929 1.8987153267949 0.013588498258586 0.0070478158607302 0.010594058093775 0.011049208000517 -0.010546614358769 -0.13969532616165 -0.068427020239911 9.8095640620371 -0.0030660287979363 -0.0052579078990172 9.8107952844433 0.00011450803866256 -4.3246695889281e-05 0.00072245543684033 0.00012455257544248 -3.8572526573752e-05 0.0007210328689402 0.37766122385016 0.023345235059858 4 4 4 4 0
49.014236884469 8.4170074226073 113.14367675781 -0.006431 0.013939 1.8979923267949 0.015103673910432 0.0067681866132375 0.012126989241723 0.011263449050497 -0.010847000707083 -0.13386605159887 -0.061617748535802 9.8095882493179 0.0030312700665648 0.0015270868872677 9.8106946519398 0.00016105896215498 -0.00030903972121757 -0.00017790340623039 0.00015858958487152 -0.00031017715419651 -0.00017811676330514 0.37704774233511 0.027586228448267 4 4 4 4 0
49.014238671572 8.4170071832781 113.10090637207 -0.006466 0.014103 1.8999213267949 0.021782686370472 -0.0011684296566562 0.020992250482249 0.0059310672643331 -0.011346639613156 -0.13190894695442 -0.061485244726103 9.8056284865116 0.0065806022575305 0.0018279507287217 9.8067057794474 -2.263605881877e-05 -0.00024198934217221 0.00054266784994577 -1.4979135160694e-05 -0.00023851632422916 0.00054450215187048 0.38204711751301 0.038183766184074 4 4 4 4 0
49.014238140239 8.4170072369411 113.1128692627 -0.006462 0.014098 1.8965353267949 0.02331336325849 0.0012907864479477 0.021674669804556 0.0086825683311424 -0.012949458081947 -0.14116935065628 -0.067428898040264 9.8094959838144 -0.0029503621636291 -0.003986516106597 9.8107423329515 0.00023818984260311 0.00021265517239733 0.00029266485508028 0.00024227702065144 0.00021456069481831 0.00028788773374524 0.37985391929003 0.0367695526217 4 4 4 4 0
49.014236393823 8.4170074950727 113.13194274902 -0.006406 0.013944 1.8963583267949 0.01979900519846 0.0047171022828909 0.017252194861081 0.010798577685446 -0.012024608549897 -0.13743470583173 -0.05948580260838 9.8083584142178 -0.00058108991435301 0.0032267569361838 9.8095011426741 -0.00016309321653071 2.8955821952964e-05 -0.0012322050942912 -0.00018025739140941 2.1075430875624e-05 -0.0012299463636714 0.37625789028272 0.019849433241279 4 4 4 4 0
49.014237025612 8.4170073880748 113.14614868164 -0.006417 0.013992 1.8976303267949 0.016105307954809 0.0065772345662342 0.013139719591346 0.011401227780868 -0.010827270944432 -0.13615698175589 -0.066884134391696 9.8054398874364 0.00090976315830932 -0.0037735871469051 9.8066127687421 0.00039080056100109 0.00013502505769223 0.00060165683005971 0.00039915308490609 0.00013889910944196 0.00059526222081266 0.37704774233511 0.027586228448267 4 4 4 4 0
49.01423643875 8.417007521244 113.1404876709 -0.006426 0.013915 1.8987023267949 0.014212135526078 0.0058160971880632 0.011582679604373 0.010082323437401 -0.010594830178912 -0.13413907162943 -0.060469136210386 9.8093467818549 0.002173466263883 0.002533620268321 9.8104499635784 -1.4449142370622e-05 0.00035650361781533 8.5192610316226e-05 -1.3267212409841e-05 0.00035702964665766 8.3068336459367e-05 0.37625789028272 0.019849433241279 4 4 4 4 0
49.014237071046 8.417007382186 113.14542388916 -0.006427 0.014028 1.8974313267949 0.01678138414826 0.0063458193626603 0.01385743908585 0.011395361540358 -0.010912114405434 -0.13669329447414 -0.063024605864874 9.8072212573859 0.00045965128608013 0.00012088488353883 9.8083763752946 0.00023053556794275 0.00067734978018765 0.00090570495895764 0.00024316239464068 0.00068317305016871 0.00089800840020053 0.37704774233511 0.027586228448267 4 4 4 4 0
49.014236527782 8.4170074295788 113.11505889893 -0.006428 0.014044 1.8940533267949 0.025149986141036 0.0040807076652532 0.02255856353499 0.01184424262872 -0.014609250339103 -0.14177975876614 -0.063573706800765 9.8133853320662 -0.0036627024102422 -0.00076410025247856 9.8146145542767 -0.00030238370162085 -0.00016659069493533 0.00079644528860956 -0.00029115849756021 -0.00016146572233996 0.0008016477830552 0.39231747348289 0.039597979746447 4 4 4 4 0
49.014238643257 8.4170072053968 113.10174560547 -0.006403 0.014121 1.8995733267949 0.021947916060274 -0.00081364443502846 0.021035646467772 0.0063146458186881 -0.01151855509757 -0.13534687276814 -0.06986075335604 9.8110255375896 0.0033413422123094 -0.0066222093701605 9.8122047674713 0.00082827281755758 -0.00019502934951354 -0.00034755090575821 0.00082327816081565 -0.00019723137726619 -0.00035789897749791 0.38204711751301 0.038183766184074 4 4 4 4 0
49.014236978727 8.4170073987385 113.14595031738 -0.006387 0.013992 1.8978433267949 0.01567181016795 0.0067438822295787 0.012673482390473 0.011422272595476 -0.010848594057755 -0.14022268076227 -0.063566601501881 9.8071572334285 -0.0032010705409706 -0.00040679658086412 9.8083651387136 0.0010031551247652 0.00030129358334174 -0.00012894329852908 0.0010012253902945 0.00030045455499744 -0.00014490671387696 0.37704774233511 0.027586228448267 4 4 4 4 0
49.01423684311 8.4170074345059 113.14239501953 -0.00645 0.013934 1.8980353267949 0.014861169456125 0.0069969229050406 0.011823331017289 0.01140262820091 -0.01081624280469 -0.13947061940689 -0.064948376065798 9.8076568199419 -0.0026948713845415 -0.0017474571437976 9.808863206617 -5.6957980698416e-05 -0.00026764501695883 0.0013357326004338 -3.8299659010209e-05 -0.00025903000735327 0.0013380710407373 0.37704774233511 0.027586228448267 4 4 4 4 0
49.014237397535 8.4170074067484 113.13693237305 -0.006436 0.014025 1.8983253267949 0.019591717655103 0.0069882660429942 0.016302972375479 0.01291837741572 -0.011793738430897 -0.13301260420702 -0.064659384433176 9.8070693571419 0.0046881161869534 -0.0015614978377795 9.8081833260556 -2.2905090658773e-07 -0.00028398751827565 0.00064800329118975 8.8767022691333e-06 -0.00027981177957613 0.00064977092608348 0.37704774233511 0.030413812651491 4 4 4 4 0
49.014237307967 8.4170074009504 113.13845825195 -0.006408 0.014088 1.8980333267949 0.018862504946836 0.0067008429300504 0.015708976458837 0.012406597284523 -0.011554116365009 -0.13319462807382 -0.058504849911009 9.8090642993223 0.0045338010196345 0.0045230860309507 9.8101406560612 0.00034226466064249 0.00083410037596403 0.00024051043595234 0.00034552156055137 0.00083560203275142 0.00023029463154401 0.37704774233511 0.030413812651491 4 4 4 4 0
49.014238098531 8.4170072550616 113.11365509033 -0.006467 0.014068 1.8964283267949 0.023324319139924 0.0019043457482557 0.021488284468066 0.0092682999968501 -0.013021306191391 -0.13155393525097 -0.06262271963709 9.8084657184094 0.0066427728573826 0.00077809221702869 9.809545781398 0.00010327720046838 -0.00036205727328695 -0.00029865101535658 9.9101696685689e-05 -0.0003639804649854 -0.00029771953678215 0.37845078940333 0.033941125496954 4 4 4 4 0
49.014236723397 8.4170074757021 113.14283752441 -0.006461 0.013918 1.8985743267949 0.01397804110115 0.0072025473444818 0.010914565009631 0.011319653185374 -0.01063904287685 -0.13476996434318 -0.0618870567967 9.8075555069914 0.0019511644103076 0.0012747103698679 9.8086765476052 -0.00036067260296223 -0.0004601352774402 0.00083543837729382 -0.00034896647343346 -0.0004547288748602 0.00084332935206003 0.37766122385016 0.023345235059858 4 4 4 4 0
49.014237858464 8.4170073654734 113.11991119385 -0.006475 0.014089 1.8977993267949 0.022180854727497 0.0047760509115143 0.019469607402289 0.011650504025804 -0.013003393638043 -0.13819175439464 -0.062902353910195 9.8075648973702 -0.00024753774063671 0.00062119816314081 9.808740468392 0.00014838715304769 0.00037914654895349 -0.00016608693143879 0.00014600465415244 0.00037805462871561 -0.00017058793692763 0.37845078940333 0.033941125496954 4 4 4 4 0
49.014238286049 8.4170071991516 113.11138153076 -0.006497 0.014083 1.8973303267949 0.022611120241753 -6.3591394145571e-05 0.021437507770072 0.0071903427576216 -0.012388231213112 -0.14162196973912 -0.064289372223423 9.809736026224 -0.003330851778177 -0.00062829869067953 9.8109684200024 -1.6158881406645e-05 -0.00016940407197872 0.00015387774830412 -1.3996579499002e-05 -0.00016840409693893 0.0001551799672718 0.37985391929003 0.0367695526217 4 4 4 4 0
49.014237679187 8.4170073934201 113.12772369385 -0.006473 0.014107 1.8982733267949 0.021513042674646 0.0060173651629551 0.018435168501855 0.012616046014694 -0.012608111487014 -0.13167946047335 -0.063601973152269 9.8090135968085 0.0065658959175613 -0.00026245134409661 9.8101015669243 -0.00017096398750336 0.0002622046332503 0.0013657363119541 -0.00015175584661426 0.00027104058523693 0.0013662990492079 0.37704774233511 0.030413812651491 4 4 4 4 0
49.014236808319 8.4170074410206 113.14302062988 -0.006467 0.013916 1.8980133267949 0.01456517117201 0.0069089940391857 0.011569731077191 0.011225818826783 -0.010754765573532 -0.13378618432638 -0.06361082949495 9.8121718465867 0.0030360763618704 -0.0003383504653758 9.8132897672811 -0.00024360197407096 -0.00057326933279316 -0.00050951370162044 -0.00025061472451453 -0.00057655655237043 -0.00050237737881324 0.37704774233511 0.027586228448267 4 4 4 4 0
49.014236387152 8.4170075309478 113.13806915283 -0.006421 0.013903 1.8981393267949 0.015452950493243 0.0055881609856925 0.012836600358362 0.01025875852269 -0.010878949471121 -0.13727571031935 -0.068594897651578 9.8062618747197 -0.00084998026888249 -0.005579740158503 9.8074607845021 0.00011634832825755 -0.00012928395090471 0.0003998861626695 0.00012190534272985 -0.00012669590246357 0.00039905458128846 0.37625789028272 0.019849433241279 4 4 4 4 0
49.014236926335 8.417007413798 113.14472961426 -0.006481 0.013969 1.8979943267949 0.015247601293281 0.0067303789192051 0.012275229015053 0.011274138164162 -0.010878513422247 -0.1398071444379 -0.066466064297118 9.8073413467631 -0.0029807984850856 -0.0031909399964169 9.8085620702282 -0.00045693570972529 0.00028092344047134 -9.2719163181429e-05 -0.00045822034829733 0.00028036785817995 -8.8119506811128e-05 0.37704774233511 0.027586228448267 4 4 4 4 0
49.014236415443 8.4170075306689 113.13868713379 -0.006391 0.013882 1.8984653267949 0.014642886151185 0.0060124559816906 0.01192973082977 0.010404074945231 -0.010795112733597 -0.13920143062565 -0.062096557188276 9.8062012513466 -0.0027412275419964 0.00076937039972804 9.8073852455407 0.00039169460021427 -0.00055438951243852 7.6494520352452e-05 0.0003927936958254 -0.00055387970621663 7.4571643552194e-05 0.37625789028272 0.019849433241279 4 4 4 4 0
49.014236555922 8.417007510645 113.14002227783 -0.006443 0.01389 1.8988713267949 0.013610688557245 0.0067389820360765 0.010713606615733 0.010764910878235 -0.010862406567125 -0.13420956274788 -0.065857886501749 9.8066696275459 0.0020706882424285 -0.0027579549537627 9.8078084170808 -0.00012740137287942 -0.00015112765516451 0.00079337668480251 -0.00011636076793811 -0.00014597846354203 0.00079604576449473 0.37766122385016 0.023345235059858 4 4 4 4 0
49.014237457218 8.4170074021452 113.13583374023 -0.006443 0.01403 1.8982203267949 0.020006436482206 0.0068429136346224 0.016742119379264 0.012914504902244 -0.011939251054004 -0.14073040387978 -0.064826488275672 9.8096823085526 -0.0029912177271475 -0.0016473946128449 9.8109053641252 4.0292349412067e-06 -0.00023530045251279 9.5466777576103e-05 5.403814050071e-06 -0.00023467380793407 9.6913716031701e-05 0.37704774233511 0.030413812651491 4 4 4 4 0
49.014238168319 8.4170072251746 113.11199951172 -0.006506 0.014126 1.8966373267949 0.023131962439173 0.00084809364998326 0.021643594880711 0.0082074454781771 -0.012798114197822 -0.1327429370421 -0.060896480738138 9.8080074825191 0.0055769763241857 0.0025563518475694 9.8090925507299 -0.00051733318131435 0.00047342670858402 -0.00027083691706713 -0.00052114599401583 0.00047160116208694 -0.00026659565995608 0.37985391929003 0.0367695526217 4 4 4 4 0
49.014237643247 8.4170073980866 113.12880706787 -0.006467 0.014083 1.8981483267949 0.021334910869278 0.0061735857703082 0.018217115075661 0.012705452288471 -0.012545586323034 -0.14135297291763 -0.06396096489428 9.8051850439939 -0.0032218680888211 -0.00080700124088376 9.8064121459556 -0.00038023119531259 -5.1788691376608e-05 0.00014747795139815 -0.00037812500681553 -5.0822123149893e-05 0.00015314476183681 0.37704774233511 0.030413812651491 4 4 4 4 0
