49.014231479256 8.4169926264349 116.04000854492 -0.00642 0.014409 2.2220413267949 0.016196153377154 0.013827402981231 0.00450046192009 0.020814868848568 -0.0052986820851493 -0.14752609404316 -0.063832825621348 9.8044480419017 -0.0064157608552505 -0.0010329404860323 9.8057636953185 -0.0002281368448084 0.00024092034426233 0.0010155109764919 -0.00021347908901613 0.00024742591152077 0.0010171130155575 0.38664971227197 0.039597979746447 4 5 4 4 1
49.014230174352 8.4169916620679 115.9995880127 -0.006333 0.014147 2.2118003267949 -0.0002144542164708 0.0030620753128795 -0.0020018226820312 0.0023273358474581 0.0027516059516926 -0.1457245520403 -0.066812862204071 9.8102809568818 -0.0069734749075962 -0.0048101988264883 9.8115872451037 -0.00022652859268141 -0.0001376320080178 0.0011657117571692 -0.00020996527509963 -0.00013026943845186 0.0011696362312755 0.3762937682184 0.039597979746447 4 5 4 4 1
49.014231787235 8.4169927885296 116.02409362793 -0.006432 0.014462 2.2245723267949 0.019822028021191 0.014086623926538 0.0071727381909418 0.023235774962398 -0.0071209648442195 -0.14550086060097 -0.06612766815764 9.8128448275423 -0.0035792061180575 -0.0032857793600855 9.8141448984304 -0.0005380066615439 -0.00012290428897486 0.00047937988585476 -0.00053103670078084 -0.00011983355206667 0.00048787948073607 0.38664971227197 0.039597979746447 4 5 4 4 1
49.014232131146 8.41699289226 116.02394104004 -0.006499 0.01443 2.2241573267949 0.019970811785585 0.011870729839368 0.0086386249555511 0.021566717979135 -0.0093564700828834 -0.14113043483609 -0.060037295009483 9.804419074888 0.00024666009503905 0.0037749659635638 9.8056179603247 0.00034933262447166 0.00026252515475165 0.00065573129620388 0.00035874318053719 0.00026676894005838 0.00064890667435935 0.38944319226301 0.039597979746447 4 5 4 4 1
49.014231652414 8.4169927399243 116.03126525879 -0.006455 0.01442 2.2234803267949 0.01778564725152 0.014024091003107 0.0056198980222715 0.021941361138085 -0.0062219362964322 -0.14508603797172 -0.065411354465497 9.8072989401881 -0.0035389865170421 -0.002453175041424 9.8085893040394 -0.00069346570624691 -0.00033115292132127 0.0013050389987498 -0.00067449492990845 -0.00032277186637446 0.0013169839600169 0.38664971227197 0.039597979746447 4 5 4 4 1
49.014230535004 8.4169920633677 116.02138519287 -0.006171 0.014222 2.2186373267949 0.005842285327644 0.0089481111945425 -0.00073931699311722 0.010660886810504 -0.00056803062055689 -0.1465693080256 -0.070578066840164 9.8106895397637 -0.0071128629616501 -0.0096567735061343 9.812030896226 0.00068573183948032 6.5643719307634e-05 -4.9958906021548e-05 0.00068492082415126 6.5369832426799e-05 -6.0138143590683e-05 0.38047996005046 0.040311288741493 4 5 4 4 1
49.014232156597 8.416992834256 116.00569915771 -0.006478 0.014497 2.2255953267949 0.024166237045456 0.012330152025077 0.011658586239639 0.024497286393094 -0.010133822139586 -0.14903321950728 -0.068133588068677 9.8081509320103 -0.0067851858849755 -0.0048533630210612 9.809516649617 -0.00037535849437468 -5.936166942045e-05 0.00078970227755971 -0.00036386546989895 -5.4226154899181e-05 0.00079545833441356 0.38804638897946 0.039597979746447 4 5 4 4 1
49.014232155839 8.4169929053615 116.02030944824 -0.006494 0.014437 2.2244843267949 0.021114854540078 0.012214308570627 0.0093308878195047 0.022538030174456 -0.009584616947271 -0.14711539565395 -0.063573079183933 9.8135606814676 -0.0054837507035888 0.00013081205341744 9.8148678443237 0.00011384977094357 0.00019605707255585 0.00068638440850917 0.00012377860160978 0.00020048419434438 0.00068339720067084 0.38944319226301 0.039597979746447 4 5 4 4 1
49.01423124133 8.4169925581326 116.02170562744 -0.006258 0.014372 2.2240893267949 0.016891132039812 0.016387930817203 0.0034506210300224 0.023280196512399 -0.0049006232430843 -0.14082321100621 -0.060194672755138 9.8012219378519 -0.00015685555869759 0.00079596217542522 9.8024179964933 -0.0005357404654228 0.00029828354018642 5.4537487196796e-05 -0.00053496143300051 0.0002986167683943 6.0353428962124e-05 0.38525316351719 0.039597979746447 4 5 4 4 1
49.014231727255 8.4169927526967 116.02707672119 -0.006385 0.014463 2.2242413267949 0.0189255214941 0.014011727054824 0.0065185344278281 0.022627867372576 -0.0068538670247965 -0.13885613079424 -0.065705691391951 9.8041074383696 0.0028804364187892 -0.0029847424719965 9.8053103725588 0.00014927598435724 -8.0516631195212e-05 0.0015378185983882 0.00017150153434831 -7.0678096828469e-05 0.0015360104471062 0.38664971227197 0.039597979746447 4 5 4 4 1
49.01423127427 8.4169925691777 116.0244140625 -0.006245 0.014359 2.2235933267949 0.017031860515628 0.016099595814225 0.0037476805587915 0.023135168913476 -0.005118257846562 -0.14139848763988 -0.068318632315606 9.811198137181 -0.00044130657589983 -0.0071394730336547 9.8124523260548 -8.8377169320752e-05 -0.00015658039386611 0.00089188116052449 -7.5523176868174e-05 -0.00015099757121275 0.00089401845607766 0.38525316351719 0.039597979746447 4 5 4 4 1
49.014230131017 8.4169916709103 115.99956512451 -0.00628 0.014116 2.2107413267949 -0.0010497587381752 0.0031311718261607 -0.0027111038976081 0.0018861990147623 0.0030636008903082 -0.13816971671519 -0.065645982350044 9.8129438579006 0.00044072028976502 -0.0036858975935091 9.8141354346305 0.00062912236684467 -0.00034989627412745 -0.00049878732468064 0.00062210601356495 -0.00035299993253584 -0.00050542284817102 0.3762937682184 0.039597979746447 4 5 4 4 1
49.014231556303 8.4169926778263 116.03685760498 -0.006425 0.01444 2.2224963267949 0.016810022347644 0.013892091356577 0.0049429459368595 0.021239938343812 -0.0056214564841689 -0.14247345200876 -0.063384421426895 9.8025715822682 -0.0012643568011178 -0.00039429351266955 9.8038122733527 -8.2501771355175e-06 0.00052972421662174 5.3470668603655e-05 -7.5073887285786e-06 0.0005300773353479 5.0205643203285e-05 0.38664971227197 0.039597979746447 4 5 4 4 1
49.014231598955 8.4169927072035 116.03424835205 -0.006405 0.014404 2.2228593267949 0.017310459195325 0.013992569746794 0.0052715736530422 0.021625351953719 -0.0059751683145329 -0.13691165424926 -0.060077176286745 9.8101956579761 0.0045735568499291 0.0027392049351412 9.8113338049774 -4.3638280862981e-05 -0.00039118646696894 0.00024405250147948 -4.007575628632e-05 -0.00038959442786542 0.00024715921498419 0.38664971227197 0.039597979746447 4 5 4 4 1
49.014231986581 8.4169928183753 116.01249694824 -0.006427 0.014488 2.2253773267949 0.022519926961949 0.01344235470938 0.00968332446969 0.02437373256856 -0.0088843643050866 -0.14011466666868 -0.06460589348869 9.8065310400957 0.0020587804656162 -0.0017836439241432 9.807744489752 -0.00033646168187879 -0.00025928200284088 0.0010029499138955 -0.00032183890542272 -0.00025285994473759 0.0010093405583246 0.38804638897946 0.039597979746447 4 5 4 4 1
49.014231390568 8.4169925768046 116.03984069824 -0.006401 0.014377 2.2217973267949 0.015830156906098 0.014218081692005 0.0039733824371614 0.020903590025659 -0.0048482939332458 -0.13948305567951 -0.0661908279725 9.8052275591081 0.0014369174391537 -0.0037805294227168 9.8064422013536 -0.00052153018334837 4.9631447074376e-05 0.00016881962508809 -0.0005190382547498 5.0661628480989e-05 0.00017601579609648 0.38664971227197 0.039597979746447 4 5 4 4 1
49.014231511607 8.4169926490531 116.03907775879 -0.006428 0.014368 2.2221323267949 0.016414352187382 0.013812101263404 0.0046809462144342 0.020935476785854 -0.0053506457435367 -0.1392030067471 -0.066143331704535 9.8124143363338 0.0020224921005343 -0.0030732665767721 9.8136244093564 1.6514837596907e-05 -0.00047913513471335 -0.00012314574933525 1.4804146319596e-05 -0.00047993562084722 -0.00012025397403862 0.38664971227197 0.039597979746447 4 5 4 4 1
49.014230250227 8.4169916854535 116.00291442871 -0.006319 0.014195 2.2133383267949 0.0013169967875768 0.0031138753435059 -0.00081123215347063 0.0032822438706969 0.0019793288613075 -0.13672737768589 -0.063007108417925 9.8047102878988 0.0023383925858548 -0.0011840673685861 9.8058655860781 -0.00020867714033161 0.00013285627871493 -0.00019751229381231 -0.00021148059090655 0.00013159891420626 -0.0001953595850657 0.3762937682184 0.039597979746447 4 5 4 4 1
49.014232169146 8.4169928527356 116.00514221191 -0.00641 0.014483 2.2255223267949 0.02404037649402 0.012353448272417 0.011546740800847 0.024438090272725 -0.010250773842605 -0.13769418258139 -0.063272042129615 9.8106855463894 0.0044353935062078 -0.00015810667043305 9.811855094378 0.00048169417584198 -2.4627319722658e-05 0.00083226968848822 0.00049367087341581 -1.9315645156331e-05 0.00082536403819219 0.38944319226301 0.039597979746447 4 5 4 4 1
49.014230609403 8.4169920926096 116.02425384521 -0.006186 0.014225 2.2197373267949 0.0071807114143873 0.0097511085722217 -0.00016875717992154 0.012108657145214 -0.00080912655289574 -0.14040056480433 -0.064398761105092 9.8097170637935 -0.00074323533807242 -0.0035074797997313 9.8109324807218 0.00038327444731675 -0.00029773059039757 0.00096264430466464 0.00039695552557817 -0.00029179143273495 0.00095891741190112 0.38047996005046 0.040311288741493 4 5 4 4 1
49.014230380494 8.416991781166 116.00794219971 -0.006254 0.014193 2.2159353267949 0.0036416518535299 0.0043748768907612 0.00027984746355622 0.0056853537971368 0.001046068216434 -0.13621327923355 -0.063505946726274 9.8086941636715 0.003102962279326 -0.0018832719213588 9.8098450345285 0.00050305008569411 -0.00021661572661712 -0.00014980487716139 0.00050088975995035 -0.00021750689957833 -0.00015554965506534 0.37850231174988 0.039597979746447 4 5 4 4 1
49.014230819167 8.4169923470287 116.02803039551 -0.006173 0.014298 2.2226673267949 0.011381121727593 0.013770717036531 0.00069748824055956 0.017851515631619 -0.0020293700453961 -0.14240385091386 -0.060616918964103 9.807064992998 -0.0021919610281199 -0.00016980576544973 9.8082858256742 -0.00020776557827388 -1.9101620161954e-06 0.00088224197456051 -0.00019513863828288 3.5516158341847e-06 0.00088511927781764 0.38187563420569 0.040311288741493 4 5 4 4 1
49.01423113414 8.4169925507536 116.02408599854 -0.0062 0.014402 2.2250383267949 0.016571067464178 0.016714072003811 0.0029746013407908 0.023347631352501 -0.0039579506668015 -0.14044323490184 -0.068307705078935 9.8018783308329 0.00052181537373033 -0.0077993440655225 9.8031190645088 -0.00037062360593371 0.0003327667810257 0.00041484888219151 -0.00036468304262379 0.00033532675415566 0.00041808192007648 0.38385674411165 0.040311288741493 4 5 4 4 1
49.01423214118 8.4169928236598 116.0064239502 -0.006451 0.014479 2.2255893267949 0.02406836833087 0.012301893026341 0.011598189729571 0.024415261538339 -0.0098043432694043 -0.14131385678682 -0.064170800018062 9.808894748021 0.00083945713634143 -0.00098777816250179 9.8101227465082 -0.00010049966110815 -0.00027024138292114 0.00033897959642863 -9.555744572697e-05 -0.00026805148428615 0.00034214157813196 0.38804638897946 0.039597979746447 4 5 4 4 1
49.014232144606 8.4169928918106 116.02537536621 -0.006518 0.014408 2.2240963267949 0.019432209130295 0.011768072794236 0.0082768465194866 0.02115638517187 -0.009293918018125 -0.13938546732012 -0.068592160381497 9.8086471446845 0.0020401738367311 -0.00464270452276 9.8098763114112 0.00013284790824621 -0.00014075723452696 0.00088662129929418 0.00014564687217809 -0.00013496423016757 0.00088550820585812 0.38944319226301 0.039597979746447 4 5 4 4 1
49.014230859811 8.4169923969499 116.02638244629 -0.00616 0.014275 2.2233183267949 0.01186232820711 0.014564520115394 0.00058753561046894 0.018774842660659 -0.0023290729783423 -0.1371758450092 -0.055971355338816 9.8081751053697 0.0029749001147664 0.0044126491780328 9.8092926281514 -0.00010602365270886 -0.00029782546374278 0.00050915795576642 -9.8726263436193e-05 -0.00029468340759748 0.00051243844590781 0.38187563420569 0.040311288741493 4 5 4 4 1
49.014230391707 8.4169919085372 116.02046203613 -0.006267 0.014206 2.2158693267949 0.0036084534230013 0.0062262744813257 -0.00086076961981772 0.0071446932501644 0.00093517904834832 -0.14064412427686 -0.063634420691091 9.8048266849752 -0.0015433263640922 -0.0023212830154082 9.806041634415 -0.000194814899181 0.00035893124411845 0.00042861967965323 -0.00018877329533645 0.00036157679716839 0.00042907373191848 0.37850231174988 0.039597979746447 4 5 4 4 1
49.014231368161 8.4169925831679 116.03829956055 -0.006403 0.014369 2.2219693267949 0.015633340814495 0.014795930572367 0.003467599946351 0.021243755170457 -0.0049786364948561 -0.13754201215106 -0.058434476178611 9.8078532096254 0.0033290689889994 0.0039931547070098 9.8089898709054 -0.00058420811515055 -1.0588237067233e-05 0.00069874858979281 -0.00057410597210883 -6.1571148021601e-06 0.00070714851969427 0.38525316351719 0.039597979746447 4 5 4 4 1
49.014230391094 8.4169918495511 116.01595306396 -0.006281 0.014183 2.2160573267949 0.0037142754743125 0.0052318317564492 -0.00017856477360693 0.0064137332192602 0.0010300406641286 -0.14317682683473 -0.063870773339698 9.811861111374 -0.003923476795509 -0.0022241618443391 9.8131128885077 7.5600593512131e-05 -0.00018433293203152 0.00064415974376801 8.4769121769034e-05 -0.00018027182028251 0.00064418653293434 0.37850231174988 0.039597979746447 4 5 4 4 1
49.014232177328 8.4169929080242 116.0164642334 -0.006491 0.01442 2.2247643267949 0.022370431224613 0.012452393725823 0.010174599613485 0.023494181404245 -0.010057702929994 -0.13479445191841 -0.061027803057904 9.8085108334996 0.0069613197852985 0.0024387537359686 9.8096242185712 -0.00018000861705434 -0.00041513708436822 0.00045087812366913 -0.00017338478331364 -0.00041219932554225 0.00045613503798077 0.38944319226301 0.039597979746447 4 5 4 4 1
49.014230406031 8.4169919355457 116.02139282227 -0.006285 0.014194 2.2161413267949 0.0037086974625461 0.0066993642942719 -0.001065957684197 0.0075828498806658 0.00066801893534959 -0.13616103362735 -0.066137331289109 9.8040226841077 0.0028685195815423 -0.0047731149180976 9.8051894340702 -0.0004467571449695 0.00021195914422283 0.00041042911013562 -0.00044097388417931 0.00021450397986712 0.00041535327273685 0.37850231174988 0.039597979746447 4 5 4 4 1
49.014232031939 8.4169928087328 116.01165771484 -0.006438 0.014488 2.2254583267949 0.023109081498715 0.012848214714675 0.010509904145669 0.02426210744034 -0.008986777994607 -0.13807855037656 -0.062178500795368 9.8089970390523 0.0040810242424045 0.00086073365995552 9.8101651466546 -0.00014262449988691 -0.00017602745265373 0.0011496125294696 -0.00012593045704196 -0.00016861518557472 0.0011526858682072 0.38804638897946 0.039597979746447 4 5 4 4 1
49.01423111359 8.4169925478899 116.0237197876 -0.006172 0.014384 2.2252833267949 0.016048680544181 0.016651411381447 0.0025966848771844 0.022980144713341 -0.0040470968828212 -0.13839913254492 -0.062756814495528 9.8168879176752 0.0026259851432093 -0.00231380167346 9.8180629634161 -0.00019746281128512 0.00026302280624059 0.00037764767496122 -0.00019204521488761 0.0002653471542172 0.00037883411080591 0.38385674411165 0.040311288741493 4 5 4 4 1
49.014230363854 8.4169917586033 116.00702667236 -0.006292 0.014225 2.2157323267949 0.003103785896805 0.0039047013512144 0.00013554470162203 0.0049862850793158 0.0014729142407874 -0.14281918914252 -0.065509886160533 9.8053514735019 -0.0036532702357304 -0.0038305465559207 9.8066090819856 -0.00010394100092766 0.0004544727172512 0.00089502849942197 -9.1256004496462e-05 0.00046009721623288 0.00089351096333042 0.3762937682184 0.039597979746447 4 5 4 4 1
49.014232199515 8.4169929067011 116.01013946533 -0.006491 0.014477 2.2250923267949 0.023118337118612 0.012611846125934 0.010665160111741 0.024078446387962 -0.010327964128378 -0.14358200722736 -0.06992671545597 9.8067118060708 -0.0016579146922659 -0.006605594161161 9.8080098362919 -0.00049516852885253 0.00015631561723629 0.0001995748084698 -0.00049223659488636 0.00015760976762409 0.00020571290845002 0.38944319226301 0.039597979746447 4 5 4 4 1
49.014230431695 8.4169919613576 116.02147674561 -0.006261 0.014163 2.2166953267949 0.0038854999040741 0.0069369457548224 -0.0010699390923946 0.0078787059531044 0.00056227079679148 -0.13763132175089 -0.063151837522011 9.8085758104418 0.0013845722253057 -0.0018182289537574 9.8097442673103 -0.00018526222232081 -0.00024200924716284 0.0013452780399611 -0.00016617090175892 -0.00023358317562088 0.0013492494895835 0.37850231174988 0.039597979746447 4 5 4 4 1
49.014231443691 8.4169926065603 116.04010772705 -0.006431 0.014394 2.2219003267949 0.016045773587235 0.014032226776639 0.0042598456180529 0.020885984885981 -0.0049414019067548 -0.14300998548261 -0.063552654309003 9.8116381954093 -0.0018120453070449 -0.00071431838576694 9.8128860185349 -0.00044396369179496 -7.7436212692935e-06 0.00042765493800464 -0.00043771608650186 -4.981818577293e-06 0.00043402734953676 0.38664971227197 0.039597979746447 4 5 4 4 1
49.014231215211 8.4169925536095 116.02233886719 -0.00617 0.014366 2.2241983267949 0.016753771967827 0.016521830225862 0.0032591037545399 0.02330316644554 -0.0049402274048065 -0.14309937808856 -0.066555448149387 9.8144560242673 -0.0022596395682609 -0.0057112496732445 9.8157229211476 0.0006027469471095 0.00019436049001887 0.00082044786686635 0.0006144370452245 0.00019947165566762 0.00081051990680999 0.38385674411165 0.040311288741493 4 5 4 4 1
49.014230969136 8.4169924373824 116.02108764648 -0.006136 0.01437 2.2250613267949 0.013957203285924 0.015385364436949 0.0017232862718426 0.020701479126216 -0.003164717068524 -0.13788634492761 -0.066583946282573 9.8054834262095 0.0026723062164716 -0.006194625555611 9.806676444714 0.00036380024457347 0.0004377105441317 0.00073842577620982 0.00037430550248299 0.00044223547850571 0.00073041919090668 0.38187563420569 0.040311288741493 4 5 4 4 1
49.014230096789 8.4169916841819 116.00066375732 -0.006332 0.014092 2.2099563267949 -0.0017852105944893 0.0031869562186041 -0.0033331738528947 0.0014948008007561 0.0033590017362645 -0.13828401883846 -0.060970162306723 9.8043617639656 0.00014349273876306 0.00099828223240503 9.8055265304532 -0.00020307210113087 -0.00068216602471121 0.00034284076005059 -0.00019814680450868 -0.00068000292645729 0.00034993629664724 0.3762937682184 0.039597979746447 4 5 4 4 1
49.014231939679 8.4169928187894 116.01449584961 -0.006392 0.014481 2.2252113267949 0.021972164414571 0.013684929248727 0.0091050559878747 0.024231244678179 -0.0084254564536635 -0.14083642182944 -0.065491701617247 9.8028309435352 0.0010925777624728 -0.0026888786619254 9.8040610052089 0.00029448553051282 -6.5607095183283e-05 0.00065256714342728 0.0003039275629685 -6.1425945797717e-05 0.00064864698570994 0.38804638897946 0.039597979746447 4 5 4 4 1
49.014230507047 8.4169920415594 116.02048492432 -0.006212 0.014222 2.2182643267949 0.0053435102232384 0.0083648569126831 -0.00078089442156619 0.009895169893067 -0.00017459401325169 -0.14074480594662 -0.058472062827658 9.804713566223 -0.001366845377706 0.0025247590319878 9.8058977099775 0.00013242765842621 5.8465505910777e-05 0.00092664477306387 0.00014559149424199 6.4246288678186e-05 0.00092428940387563 0.38047996005046 0.040311288741493 4 5 4 4 1
49.014231182646 8.416992554989 116.02323913574 -0.006211 0.014381 2.2242013267949 0.016589114008741 0.016670702939121 0.0030353582966791 0.023321590673171 -0.0047342626970388 -0.14230312283288 -0.063964413611547 9.8014760409768 -0.0014492620888777 -0.0031176533477192 9.8027168768499 3.5537622713216e-05 0.00015209164406511 0.00096105589473102 4.9337392675125e-05 0.00015807927878624 0.00095952372502921 0.38385674411165 0.040311288741493 4 5 4 4 1
49.014230379928 8.4169918028945 116.01041412354 -0.006245 0.014213 2.2157773267949 0.0036749448168362 0.0046508380095133 0.00014018932222735 0.0059258721951243 0.001149145315991 -0.14474417526348 -0.063780361501086 9.8110996496484 -0.0053723798778632 -0.0022757379136646 9.8123730073622 0.00047324687142547 0.00015804407400588 -0.00011282693844266 0.00047156455956628 0.00015737542130783 -0.00012050926052425 0.37850231174988 0.039597979746447 4 5 4 4 1
49.014231031452 8.4169925064537 116.02140808105 -0.006152 0.014388 2.2255303267949 0.015293268807168 0.015924783902809 0.0024335564717661 0.021944521469658 -0.0036377097414997 -0.13986298830881 -0.059183132862407 9.8042799983748 0.00091308044907201 0.0009955485635186 9.8054557561306 -0.0002302365438044 0.00052815197273514 0.0005290661237748 -0.00022267042690062 0.0005313931768717 0.00052904447538332 0.38187563420569 0.040311288741493 4 5 4 4 1
49.014230320134 8.4169917274763 116.0068359375 -0.006283 0.014183 2.2147903267949 0.0022524614052013 0.0037002932003691 -0.00041904300406194 0.0043116964096167 0.0015471201474748 -0.14095665689107 -0.062101463498464 9.8092161887104 -0.0018040862240725 -0.00040304750267074 9.8104255524859 0.00010505112383082 -0.00013909473413986 0.00090334542920296 0.00011787331852645 -0.00013340627084255 0.00090259028276776 0.3762937682184 0.039597979746447 4 5 4 4 1
49.014231297816 8.4169926079112 116.03199005127 -0.006261 0.014355 2.2226203267949 0.016253121836688 0.016123772261638 0.0031361090080919 0.022678315234068 -0.0047692494533412 -0.13886143803229 -0.061414195498031 9.8088438614931 0.0020745637178749 0.0002523063259791 9.8100188634822 0.0005584918050024 -0.00023246160656425 0.0010180221351198 0.00057307267603481 -0.00022606330556128 0.0010113347091624 0.38525316351719 0.039597979746447 4 5 4 4 1
49.014230226688 8.4169916784709 116.00183105469 -0.00628 0.014159 2.2130133267949 0.00075276274193416 0.0030285588930706 -0.0012103469277696 0.0028765671822446 0.0023254150609263 -0.14412351579855 -0.066966915688103 9.8093360238187 -0.0051943094354451 -0.0050065553460137 9.8106205099366 0.00063913311185385 -0.00017095454307997 0.0011266865764863 0.00065505294288176 -0.00016382508556837 0.0011185909067307 0.3762937682184 0.039597979746447 4 5 4 4 1
49.014230902848 8.4169924218053 116.02414703369 -0.006177 0.014357 2.2240443267949 0.012640890501887 0.01495374269427 0.00095738196411536 0.019557434611118 -0.0026663716555924 -0.14340322422884 -0.068818978947979 9.8054323376785 -0.0030892645473615 -0.0083090911967533 9.8067185487551 -0.00015274418697115 0.00074075011905694 0.0010877046331499 -0.0001371912443083 0.00074745685906876 0.0010851751499852 0.38187563420569 0.040311288741493 4 5 4 4 1
49.014232069224 8.4169928126555 116.01034545898 -0.006466 0.014491 2.2255323267949 0.023598052140153 0.01273925135987 0.010963013187224 0.024473848982458 -0.0092210712421733 -0.14572091449573 -0.063226829107741 9.8093674799114 -0.0034133400095296 -7.4154614021157e-05 9.8106532250791 -0.00045635429666606 -0.0003478945769813 0.0018565221823315 -0.00042932238608927 -0.00033588821692078 0.0018651114399864 0.38804638897946 0.039597979746447 4 5 4 4 1
49.014231287071 8.4169925920072 116.02738189697 -0.006289 0.014356 2.2233303267949 0.01694762241991 0.016301213315647 0.0035647141586704 0.023243181795459 -0.0050233304930857 -0.13754144925608 -0.064341020853184 9.8044128029005 0.0032491973569178 -0.0029509844685245 9.8055877309545 -0.00041866575409613 -5.7395385866952e-05 0.00099938971751799 -0.00040427974207278 -5.1140520940576e-05 0.001005649220956 0.38525316351719 0.039597979746447 4 5 4 4 1
49.014232189405 8.4169928828237 116.00415039062 -0.006417 0.014472 2.2254963267949 0.023858445288423 0.012342397746416 0.011409758735328 0.024318255591655 -0.010493318000572 -0.14760274177523 -0.062492876685192 9.803675094997 -0.0055734312501654 0.00050682035747977 9.8049836262247 0.00020121564307766 -0.00022012465965418 0.00076233369348485 0.00021222927969054 -0.00021523806276804 0.00076071859542842 0.38944319226301 0.039597979746447 4 5 4 4 1
49.014232107569 8.4169928295064 116.00775146484 -0.006472 0.014521 2.2256683267949 0.023895844639767 0.012628767790967 0.011262606257613 0.02456931866817 -0.0095339432190476 -0.1470632925147 -0.060743110400943 9.8063711646809 -0.0048554205673458 0.0023900382909012 9.8076607740496 -0.00058629566370276 0.00029530230991866 0.0011549719246452 -0.00056948812007129 0.0003027402889817 0.0011614215216342 0.38804638897946 0.039597979746447 4 5 4 4 1
49.014230486689 8.4169920199884 116.02050018311 -0.006241 0.014244 2.2178833267949 0.0050731358084226 0.0080486031034628 -0.00080194701180503 0.0094802108028359 0.00010686823629896 -0.14586661402259 -0.065394687824295 9.8122407577208 -0.0064760982202462 -0.0041309874272758 9.8135397856385 1.593696084842e-05 0.00060775172675044 0.00063009646215806 2.4844996740736e-05 0.0006116559987208 0.00062597802388759 0.38047996005046 0.040311288741493 4 5 4 4 1
49.014231084111 8.4169925394371 116.02393341064 -0.006159 0.014396 2.2252223267949 0.01580135588229 0.01666172409642 0.0023953410876582 0.022837645842177 -0.0039690919751487 -0.15000420724077 -0.062807533941307 9.8054339102573 -0.0092808861280435 -0.0025305000619926 9.806777847341 -0.00013031205648309 0.00072371167716482 0.00066118920421815 -0.0001208954801668 0.00072779149502971 0.00065848262516595 0.38385674411165 0.040311288741493 4 5 4 4 1
49.014231292311 8.4169926059817 116.03020477295 -0.006277 0.014353 2.2229013267949 0.016524917728582 0.01618353926583 0.0033092770075387 0.022891700383553 -0.0051515650716454 -0.14613277943295 -0.066073487974363 9.8130862293796 -0.005250230543584 -0.0045044657240342 9.8143944546755 5.2562654240566e-05 -4.9577376355939e-05 0.0014629220720273 7.3531108596009e-05 -4.0387911060938e-05 0.0014622903191246 0.38525316351719 0.039597979746447 4 5 4 4 1
49.01423214611 8.4169929055216 116.02848815918 -0.006524 0.014382 2.2240733267949 0.018818636458871 0.011527722274388 0.0079373510172722 0.020591938389852 -0.0092403089028655 -0.1423791505678 -0.064219226583134 9.8076846146192 -0.0010554465688595 -0.00018727272145625 9.8089279038538 0.00016025759100304 -0.00037297471431846 0.00095195666774697 0.00017398660349594 -0.00036675372132708 0.0009519607610418 0.38944319226301 0.039597979746447 4 5 4 4 1
49.014230262654 8.416991691552 116.00375366211 -0.006312 0.014173 2.2136273267949 0.0015401031115784 0.0033023876899613 -0.00074649919906405 0.003566597568868 0.0020128832751491 -0.14227408131215 -0.066322631180492 9.8072255013203 -0.0031491044905937 -0.0045700990524402 9.8084799998063 -0.00025747958342559 -0.000290062337061 0.0010931703392913 -0.00024194254154644 -0.0002831788609811 0.0010984927526428 0.3762937682184 0.039597979746447 4 5 4 4 1
49.014230553692 8.4169920799347 116.0225982666 -0.006233 0.014281 2.2188713267949 0.0063667723487686 0.0093004577968744 -0.00053663319926072 0.011258186734044 -0.00055371499749245 -0.13584857476536 -0.061779612676261 9.8075710052862 0.0037779537543709 -0.00076966816798577 9.8087050457873 -0.0002065716778528 0.00072956863033132 0.00050853194518115 -0.00019937097011795 0.00073273378243438 0.00050688987968335 0.38047996005046 0.040311288741493 4 5 4 4 1
49.014230723742 8.4169921301344 116.02597808838 -0.006216 0.014283 2.2215823267949 0.0093935279423554 0.010361107023665 0.0012013179801387 0.013933779055777 -0.0012823204359368 -0.14057173483164 -0.064173326380787 9.8056350820857 -0.00046814944870536 -0.0036449836327033 9.8068523347905 -0.00079611251892036 -0.00018137454497786 0.00034676343842068 -0.00079107377070122 -0.00017930153760629 0.00035923470908247 0.38047996005046 0.040311288741493 4 5 4 4 1
49.014231878953 8.4169928227938 116.01766967773 -0.006392 0.014498 2.2249943267949 0.02116739149194 0.013901203464286 0.0083403193943701 0.023911155289435 -0.0079714852063519 -0.14505462456021 -0.066046686184656 9.8107415943216 -0.0030119018074265 -0.0032571390134562 9.8120352861994 0.00014237853553747 0.00026527116990829 -9.0405744582037e-05 0.00014102457346638 0.00026469204433643 -9.4122834483476e-05 0.38804638897946 0.039597979746447 4 5 4 4 1
49.014231315584 8.416992596194 116.03591918945 -0.006366 0.014385 2.2219283267949 0.015654528845578 0.015282556367292 0.003186386358934 0.021644085701425 -0.0048388900491436 -0.13871996474375 -0.062557355063307 9.8101625945007 0.0020473907970398 -0.00055469266513967 9.8113426520997 -0.00069881881519655 0.00061572453086964 8.1946952680727e-05 -0.00069763082454144 0.00061624022716007 8.8063404951673e-05 0.38525316351719 0.039597979746447 4 5 4 4 1
49.014230291263 8.4169917120391 116.00579833984 -0.006338 0.014187 2.2141863267949 0.0017755478268858 0.003454586268011 -0.00065073492707608 0.0038293028596017 0.0018046191054764 -0.13858203858757 -0.063288045366474 9.8041508320892 0.00048675411017094 -0.0014953258550937 9.8053344786502 -0.00064258089952497 -4.5318854089547e-05 0.001024664442921 -0.00062801220888565 -3.8868584393766e-05 0.0010338957639689 0.3762937682184 0.039597979746447 4 5 4 4 1
49.014230778524 8.4169922587205 116.02878570557 -0.006165 0.014298 2.2220593267949 0.010778978552849 0.012206632590321 0.0011724058321705 0.01624234985716 -0.0017194415557121 -0.14315521823919 -0.062331264778675 9.8053429717979 -0.0030262477318228 -0.0019928719821934 9.8065856472559 -0.00020110492561016 0.00016998970443175 -4.8498882833503e-05 -0.00020180229294945 0.0001696670114826 -4.6672050933695e-05 0.38187563420569 0.040311288741493 4 5 4 4 1
49.014230395801 8.4169918845731 116.01878356934 -0.006246 0.014163 2.2160323267949 0.003618457482534 0.0058580525573678 -0.00063221977710469 0.0068564188600917 0.00082747404739238 -0.14635533210052 -0.067745463863347 9.8123780506231 -0.0071827457409873 -0.0062728282821242 9.8136986233057 0.00037294286487575 -0.00033981608599567 0.00074678661995821 0.00038350877352726 -0.00033514454687815 0.00074356958716708 0.37850231174988 0.039597979746447 4 5 4 4 1
49.014230791797 8.4169922973969 116.02951049805 -0.006166 0.014278 2.2221873267949 0.010953851649474 0.013004211489971 0.00082742766372414 0.016982690990681 -0.0017451892180005 -0.13637146962502 -0.066683896634517 9.8127722609058 0.0039576837290419 -0.0063560065018043 9.8139433995769 -0.00032924202203108 -0.00037307066042993 0.0011193744974376 -0.00031316125404806 -0.00036619354122566 0.0011262461371272 0.38187563420569 0.040311288741493 4 5 4 4 1
49.014230201108 8.4169916718472 116.00090026855 -0.006312 0.014125 2.2123913267949 0.00030706819927545 0.0029788784478634 -0.0015358513226716 0.0025710229605642 0.0024210014924764 -0.13622182169275 -0.060973169532896 9.8067296550464 0.0024849051322558 0.0010466851155614 9.8078653065287 0.0002141167447406 -0.00046253978096264 0.00066273899682901 0.00022355943657016 -0.00045833866520042 0.00066256992986924 0.3762937682184 0.039597979746447 4 5 4 4 1
49.014231829036 8.4169928071891 116.02185058594 -0.00643 0.014485 2.2248283267949 0.020453742697899 0.013992630458637 0.0077239552199718 0.023547668169844 -0.0076241623688735 -0.13803545879476 -0.061563699439057 9.8027988739238 0.0038563421818896 0.0012514336620871 9.8039630303666 -0.0004092389777417 9.2592450304328e-05 0.001271988962971 -0.00039081221286945 0.0001007397582972 0.0012771825600092 0.38804638897946 0.039597979746447 4 5 4 4 1
49.01423076542 8.4169922103596 116.02735900879 -0.006175 0.014272 2.2221303267949 0.01073835353772 0.011599237934685 0.0015078046521748 0.015734716805967 -0.0014846755359168 -0.14135295206147 -0.065437955406967 9.8105281711091 -0.0011083263570021 -0.0048641570255459 9.8117635554352 -3.2164525415533e-05 -0.00036884948503136 0.00031433811939202 -2.7597847391955e-05 -0.00036692709168691 0.00031703787929673 0.38187563420569 0.040311288741493 4 5 4 4 1
49.014230683467 8.4169921090501 116.02549743652 -0.00618 0.014327 2.2209343267949 0.0086286185237953 0.010150861855836 0.00073014821862773 0.013302734081198 -0.0011132999198907 -0.14120823789213 -0.061986153045878 9.8084716040645 -0.0010538695041646 -0.0013207440796198 9.8096839059844 5.8703146041725e-05 0.00051537780044393 0.00092942780694686 7.1946433499282e-05 0.00052109209860535 0.00092528788766371 0.38047996005046 0.040311288741493 4 5 4 4 1
49.014231041403 8.416992513719 116.0221786499 -0.006135 0.014377 2.2252563267949 0.015402609242324 0.016373465570166 0.0022499243758373 0.022366703455529 -0.0037972409791904 -0.14832061232564 -0.068520868916756 9.8085478792785 -0.0075928226300243 -0.0083225338044454 9.8099020649681 0.00014289962789535 0.00053067805086893 -0.00014645025307083 0.000140705013427 0.0005297626382663 -0.00015173773635662 0.38385674411165 0.040311288741493 4 5 4 4 1
49.014231009202 8.4169924684524 116.02044677734 -0.006123 0.01439 2.2254623267949 0.014956043007443 0.015745554961535 0.0022811718094934 0.021596445018493 -0.003377389996292 -0.14849789776099 -0.06463143616209 9.8114004254068 -0.0076144554618052 -0.0045108644192725 9.8127331272205 8.0209831788569e-05 0.00046118402567533 -0.0001033070464814 7.8667818366969e-05 0.00046054898809622 -0.00010727277757411 0.38187563420569 0.040311288741493 4 5 4 4 1
49.014231299701 8.4169925926913 116.03423309326 -0.006348 0.014347 2.2221503267949 0.015817554619761 0.015930588952658 0.0029152430960374 0.022259400356676 -0.005011463993569 -0.14392766144085 -0.063591468948962 9.8037919197785 -0.0032549460908194 -0.0017130331020235 9.8050538791692 -0.0004842217569005 -4.9226041933826e-05 2.4403076487149e-05 -0.00048382687207214 -4.910241043441e-05 3.1633024783993e-05 0.38525316351719 0.039597979746447 4 5 4 4 1
49.014230574798 8.4169920927936 116.02379608154 -0.006185 0.014258 2.2192063267949 0.0066885871960374 0.0096969038443657 -0.00052304224533864 0.0117683361955 -0.00081167517501605 -0.1441596068834 -0.065111726793253 9.8051086628235 -0.0045718994866538 -0.0043415255537454 9.80638258418 0.0002362455502559 0.00032543588386177 0.00085302717054357 0.00024836363170175 0.00033069893249944 0.00084756897084953 0.38047996005046 0.040311288741493 4 5 4 4 1
49.014232195171 8.4169928995258 116.0066986084 -0.006477 0.01447 2.2253933267949 0.023568360299501 0.012532006825201 0.011065708891377 0.02429134377839 -0.010523966958729 -0.13768733695975 -0.064106570463249 9.8056353289834 0.0042329764379801 -0.00091962507668075 9.8068102418618 -0.00051355958383664 2.0889493305867e-05 0.0018698108973845 -0.00048645923098546 3.295167688365e-05 0.0018768731812155 0.38944319226301 0.039597979746447 4 5 4 4 1
49.014231259803 8.4169925564287 116.02253723145 -0.006257 0.014329 2.2238613267949 0.016957144525186 0.016216316383502 0.0036119181076882 0.023183342176861 -0.0054306256418291 -0.13765244883813 -0.064239061218353 9.8069520804501 0.0031722517816629 -0.0030211386475778 9.8081275042223 -0.00017618550409144 -0.00058102242781443 0.0017486097475339 -0.00015097527079051 -0.00057006640331343 0.0017545532538783 0.38525316351719 0.039597979746447 4 5 4 4 1
49.014231409908 8.4169925862411 116.04027557373 -0.006383 0.014385 2.2217773267949 0.015865008638571 0.014210522994026 0.0040089207760274 0.020918082642181 -0.0050886165925085 -0.13904968706875 -0.065791778904703 9.8051609112966 0.001884935193065 -0.0030764520011441 9.8063670349961 0.00028593686952589 0.00016369024136528 0.00083676018546658 0.00029796093671032 0.00016904107867416 0.00083154225516983 0.38664971227197 0.039597979746447 4 5 4 4 1
49.014231165291 8.4169925479631 116.0230255127 -0.006215 0.014338 2.2245633267949 0.016341220183585 0.016733800900417 0.0027922754460349 0.02322194604363 -0.0042988746886156 -0.14433295655166 -0.065594292058746 9.8168108174159 -0.0033310153441492 -0.004878095902653 9.8180893923567 -0.0004249282009108 -0.00050342295989971 0.0012317427435554 -0.0004071299892733 -0.00049573258425038 0.0012408226308341 0.38385674411165 0.040311288741493 4 5 4 4 1
49.014230637151 8.4169921020847 116.02452850342 -0.006189 0.01431 2.2201413267949 0.007845174819932 0.0099907103746518 0.00021039217976218 0.012701112168864 -0.00099871624168847 -0.14502380432878 -0.063610780728258 9.8080051401193 -0.0050636431406409 -0.0028059391817862 9.8092818221752 0.00018906900219179 0.00061921200205718 0.00074837153000149 0.00019968061816256 0.00062381868297421 0.00074175110527157 0.38047996005046 0.040311288741493 4 5 4 4 1
49.01423038148 8.4169918290621 116.01296234131 -0.006289 0.014183 2.2158593267949 0.0036175466651519 0.0049910677888343 -0.00011008733082444 0.0061632231567807 0.0010048526646886 -0.134719677837 -0.061543729984266 9.8084992436999 0.0045510574749111 4.3734565470414e-05 9.8096166052232 -0.00014571832456094 -0.000279011020572 0.0010982918313924 -0.00013007182499053 -0.00027211656375687 0.0011019719683577 0.37850231174988 0.039597979746447 4 5 4 4 1
49.014230760657 8.4169921592324 116.0267868042 -0.006172 0.014276 2.2222573267949 0.010335536160541 0.010829589635784 0.0016571424670441 0.014878157481466 -0.0014865942113473 -0.14233568247975 -0.065936943069731 9.8053452349679 -0.0022355821049502 -0.0052938108983654 9.8065982773114 0.00018921160098809 -0.00027972162539647 0.0011250176786952 0.00020528834860267 -0.00027278791896648 0.0011239258589872 0.38187563420569 0.040311288741493 4 5 4 4 1
49.014230398584 8.4169918672972 116.01720428467 -0.006226 0.014176 2.2162013267949 0.0037722937965908 0.00545042580534 -0.00026472501256454 0.006623230624645 0.00095554750010761 -0.14239229697819 -0.062281143932402 9.8055254456558 -0.0031693963710872 -0.00090510125947335 9.8067565231965 0.00062135335673367 -0.00039804482842739 0.00087064350836021 0.00063367998958902 -0.00039257569362281 0.00086421907538138 0.37850231174988 0.039597979746447 4 5 4 4 1
49.014230459478 8.4169919901324 116.02089691162 -0.006255 0.014196 2.2173463267949 0.0045261693528868 0.0074951411768832 -0.0009000602466458 0.0087094501880602 0.00018562837836619 -0.13613893590664 -0.062668114779165 9.8056744909288 0.0030098188403271 -0.0013898305946739 9.8068187315229 -0.00013883828019692 2.115232114485e-05 0.0012672831125987 -0.00012085427924 2.9090617782491e-05 0.0012689662640769 0.38047996005046 0.040311288741493 4 5 4 4 1
49.014231057104 8.4169925274577 116.02299499512 -0.006133 0.014347 2.2251173267949 0.015662910747194 0.016646321749511 0.0022944788554043 0.022741197773155 -0.0036865890318522 -0.13841681324674 -0.064394666579841 9.8079032008436 0.0023299187474762 -0.0042081351262134 9.8090902846265 0.00015859827928228 -7.3885897513964e-05 0.00010706455058261 0.0001601206118258 -7.3253261977013e-05 0.00010519809678591 0.38385674411165 0.040311288741493 4 5 4 4 1
49.014231337393 8.4169925909047 116.03804779053 -0.006347 0.014397 2.2218683267949 0.015606753290161 0.015299746183251 0.0031408726779289 0.021628400303201 -0.0047501826244292 -0.15039880502769 -0.067184012149889 9.804991153511 -0.0095164154320866 -0.0050047913002155 9.8063686827725 3.0979992887694e-06 0.00044370199392602 0.0010113987594488 1.7609705613606e-05 0.00045013392973109 0.0010084231577446 0.38525316351719 0.039597979746447 4 5 4 4 1
49.014231146028 8.41699255408 116.02394866943 -0.006144 0.01437 2.2247693267949 0.016584864406772 0.016812914061977 0.0029321681571313 0.023433619707622 -0.0047659530664931 -0.1416772387481 -0.061676855804824 9.8050893536429 -0.00071567813109463 -0.0011727891524054 9.8063067952416 0.00056435802632126 -0.00013878435095692 0.0011221615508477 0.00058042552699231 -0.00013184425403202 0.0011147442915312 0.38385674411165 0.040311288741493 4 5 4 4 1
