49.014242899688 8.416969646268 114.67129516602 -0.006771 0.014834 1.9650053267949 0.011276741456002 0.0051678873935683 0.0084282375594922 0.0091014275399007 -0.011478869143598 -0.14222066497092 -0.066619618006638 9.8096990772455 0.0032841432390085 -0.000425078730859 9.8109555478657 -0.00043395423978676 -9.4490958327414e-06 0.00042745321382012 -0.00042755967760326 -6.5714471501043e-06 0.00043390738950532 0.38210600623387 0.0367695526217 4 5 4 4 0
49.014242630717 8.4169697679183 114.82918548584 -0.00669 0.014899 1.9680723267949 0.012953335740248 0.0059614925017568 0.0096394999976791 0.010507579301606 -0.0080337694705711 -0.14420929947864 -0.071175893207119 9.8081572042661 0.0018239878481395 -0.0054055788014473 9.8094737925665 0.00032296288743627 8.4678475628276e-05 -0.00031941618441566 0.00031816592051875 8.2521096814651e-05 -0.00032476132288261 0.38350097783448 0.0367695526217 4 5 4 4 0
49.014242806001 8.4169707541663 115.00028991699 -0.006596 0.014936 1.9724963267949 0.025843800141397 0.0091079803551837 0.02022555966106 0.018487409619623 -0.0069070612174697 -0.13866110878595 -0.064279343758939 9.8054844422899 0.008008058215534 0.00058691609741488 9.8066725847789 0.00044943050597516 -0.00041695965739589 4.7202316825938e-05 0.00045011011967946 -0.00041662302770008 4.3230952043962e-05 0.38431497498796 0.0367695526217 4 5 4 4 0
49.014242814014 8.4169708097849 115.01289367676 -0.006644 0.014984 1.9722713267949 0.026615448954169 0.0087328655722139 0.021084709668308 0.018441238872789 -0.0067761405816238 -0.14487357837559 -0.069660715761127 9.8078949935206 0.0020128562586083 -0.0042673096751938 9.8092109884227 0.00055526572472544 0.00014291592147712 -0.0002374281877137 0.00055163655652537 0.00014132073249253 -0.00024666567729343 0.38431497498796 0.0367695526217 4 5 4 4 0
49.014242897098 8.4169696116048 114.67247009277 -0.006737 0.014834 1.9647783267949 0.011084061508852 0.0046637871145006 0.0084457819060933 0.0085601059652337 -0.011122093877317 -0.14582937123506 -0.06980349894473 9.8073779335937 -0.00039999379520575 -0.0037102152449116 9.8087096818297 5.0659831540705e-05 7.995908647902e-05 0.00048486629090961 5.7828239709943e-05 8.3181977082045e-05 0.00048355579417345 0.38210600623387 0.0367695526217 4 5 4 4 0
49.014242844481 8.4169697137416 114.68470001221 -0.006732 0.014801 1.9655473267949 0.011379484442884 0.0063868951490114 0.008048961915603 0.010271253990221 -0.012028269782358 -0.1445897995623 -0.068788651759738 9.8071961250744 0.0008991267492825 -0.003056609755555 9.8085027271526 -0.00044544050641465 -0.00056654512415998 0.00038293671402639 -0.00043965990815358 -0.00056399125634418 0.00039329749054155 0.38210600623387 0.0367695526217 4 5 4 4 0
49.01424264001 8.4169698920953 114.84074401855 -0.006619 0.014855 1.9684873267949 0.014077171654776 0.0069767777542943 0.010277287152295 0.01188357283317 -0.0088451266131884 -0.14239045559694 -0.069575787514593 9.8073519816494 0.0036029217511501 -0.0044717349255108 9.8086308783233 0.00034501838288745 -0.00055303340844235 0.00031571790222106 0.00034974009286673 -0.00055094237325047 0.00031419248629057 0.38350097783448 0.0367695526217 4 5 4 4 0
49.014242712007 8.4169696689607 114.73007965088 -0.006737 0.01484 1.9665923267949 0.010584237989387 0.0061325735465412 0.0074019094332785 0.0097389097233168 -0.010602050741359 -0.14984874315058 -0.06798342575095 9.8096946361482 -0.0041712374401628 -0.0018413787651133 9.8110734817117 0.00023325563902982 -0.00017897745722978 -0.00056378108774518 0.00022488146481091 -0.00018276840340474 -0.0005659535627197 0.38350097783448 0.0367695526217 4 5 4 4 0
49.014242641759 8.4169701139562 114.91687774658 -0.006631 0.014911 1.9696473267949 0.016982857577088 0.008417573453872 0.012382737571441 0.014350652800094 -0.0066716677576331 -0.14167320534626 -0.068311883213922 9.8042404344963 0.0045063496419266 -0.003484361472753 9.8055001431767 -0.00022925996202147 -5.621863226613e-05 0.0005379415006479 -0.00022120430887537 -5.2654752710993e-05 0.0005416527725797 0.38292035725461 0.0367695526217 4 5 4 4 0
49.014242748436 8.4169705382422 114.98002624512 -0.006654 0.014974 1.9717343267949 0.022815733252472 0.0094468781511262 0.017322784644454 0.017598976740183 -0.0059568488695614 -0.14640953770192 -0.071330243765646 9.8066860613625 0.00045307531900002 -0.0063004899825466 9.8080361267467 -0.00032681525656473 -0.00014415358453419 0.00056219968432263 -0.00031830429446711 -0.0001404087446234 0.00056801546063259 0.38431497498796 0.0367695526217 4 5 4 4 0
49.014242636941 8.4169701484946 114.92797851562 -0.00657 0.014847 1.9695663267949 0.017322674915507 0.0085848420775303 0.01263003219608 0.014637517782602 -0.0060448159396189 -0.14047786558447 -0.071317300949444 9.8075528762986 0.0056309901464159 -0.0064733105252825 9.8088148368286 0.00081688934252252 -0.00088686184787 -6.4697739019685e-05 0.00081595640057905 -0.0008872256200398 -7.1007107903706e-05 0.38292035725461 0.0367695526217 4 5 4 4 0
49.014242636825 8.4169696428872 114.78466033936 -0.00677 0.014855 1.9671213267949 0.01133834472277 0.005417013028188 0.0083690149889629 0.009373458380353 -0.0088278365255201 -0.14191998064354 -0.06828614900732 9.8080632097604 0.0039569136217444 -0.0023634986469124 9.8093264238086 -0.00078814199424464 -0.0003414082040552 0.00099659976330936 -0.00077318463931886 -0.00033468604507617 0.0010104667933778 0.38350097783448 0.0367695526217 4 5 4 4 0
49.014242667577 8.4169696554415 114.75620269775 -0.006722 0.014852 1.9668553267949 0.010915473864984 0.005827771538231 0.0078225015447081 0.0095874426226254 -0.0099705269388308 -0.14383576603114 -0.068194558104169 9.8051953798545 0.0019154276655651 -0.0023858080084768 9.8064869096933 -7.219923336212e-05 -0.00024510422411549 0.00032233680907461 -6.7379039130463e-05 -0.00024294962711644 0.00032499931239371 0.38350097783448 0.0367695526217 4 5 4 4 0
49.014242630867 8.4169696448582 114.79614257812 -0.006661 0.014865 1.9671613267949 0.011527493240613 0.0052950013463351 0.0085899881515865 0.0093344681951625 -0.0083086869858382 -0.14923776112506 -0.068243813917163 9.8107797144701 -0.0033750096353613 -0.0024587933252352 9.8121512037054 0.00086616463435397 -8.1045339052632e-05 -2.2188250017386e-05 0.00086576640707536 -8.1145859590068e-05 -3.4501532132406e-05 0.38350097783448 0.0367695526217 4 5 4 4 0
49.014242731291 8.4169704946394 114.97575378418 -0.006643 0.015035 1.9714843267949 0.021913054586304 0.009284657812544 0.016561161234795 0.017091467384155 -0.0057152902122759 -0.14429276393991 -0.06981071325459 9.806153528241 0.0025665831405494 -0.0048466814454233 9.8074615753881 -0.00026736378529142 0.00089040779162664 0.0016070710968175 -0.00024329714815917 0.00090109289663556 0.0016049721339271 0.38431497498796 0.0367695526217 4 5 4 4 0
49.014242737689 8.4169696764301 114.71994781494 -0.006715 0.014846 1.9665183267949 0.010629103706006 0.006157297637215 0.0074351532095814 0.0097779774521062 -0.011014407648874 -0.14315855023494 -0.073844676873818 9.8076767220725 0.0025416367012102 -0.0077575838842804 9.8089964627419 0.00050974732442168 -0.00019300710714528 0.0004676222125573 0.00051664829141221 -0.00018988569692599 0.0004613047213963 0.38210600623387 0.0367695526217 4 5 4 4 0
49.014242620379 8.4169696694074 114.80731964111 -0.00672 0.014886 1.9672813267949 0.011616855924874 0.0052041058062671 0.0087063584163745 0.0092861997821676 -0.0079340953196638 -0.14752533366874 -0.064207524990032 9.8100460522373 -0.0016119000079127 0.0016857649218832 9.8113650612922 -3.1769639311472e-06 0.00021964508012308 0.00048327996344082 4.0013703777062e-06 0.0002228673153685 0.00048181023191174 0.38350097783448 0.0367695526217 4 5 4 4 0
49.014242799425 8.4169707160763 114.9945602417 -0.006615 0.014976 1.9725133267949 0.025426199477895 0.0092820147099527 0.019774164344039 0.018483232775907 -0.0067675149558937 -0.15056090099724 -0.071983918663313 9.8081029866256 -0.0037166177464223 -0.0069538295885207 9.8095195631476 0.00034419816436267 3.1836326183981e-05 0.00085310135263332 0.00035691662579301 3.7461918258165e-05 0.00084763213054374 0.38431497498796 0.0367695526217 4 5 4 4 0
49.014242645119 8.4169702349824 114.94019317627 -0.006587 0.014851 1.9696513267949 0.017832808727837 0.009118794549428 0.012891413240246 0.015328821930187 -0.0054527907901096 -0.14833758613496 -0.068282796360949 9.8115155672488 -0.0022927432287035 -0.0034872342497041 9.8128736846886 0.00033070588910779 -0.0006152402582873 -0.00047252325679678 0.00032374194418409 -0.00061829628887542 -0.00047334757190543 0.38292035725461 0.0367695526217 4 5 4 4 0
49.014242908782 8.4169695798795 114.66889190674 -0.006746 0.014812 1.9645193267949 0.011062592847078 0.004325716528018 0.0085573297665277 0.0082379580865541 -0.010976067891252 -0.14241051222879 -0.06720306535104 9.8058366298835 0.0030427655054114 -0.0010128075555118 9.8071005909133 0.00010991583750159 -0.00036733635828774 -0.0003162302725529 0.00010527561850992 -0.00036944886875912 -0.00031531908874002 0.38210600623387 0.0367695526217 4 5 4 4 0
49.01424261682 8.4169697457504 114.82386779785 -0.006722 0.014856 1.9676953267949 0.012251215860482 0.0059998279242103 0.0089805800116533 0.010268381403312 -0.0077799016206444 -0.14514952616126 -0.067839474074295 9.8069793473825 0.00066173716366674 -0.0020312627868725 9.8082875143058 -0.00016274542979844 -0.00025931764092718 -0.00038162300508425 -0.00016838462520919 -0.00026189756518842 -0.00037742093326423 0.38350097783448 0.0367695526217 4 5 4 4 0
49.014242800185 8.4169706429645 114.98762512207 -0.006648 0.014948 1.9723973267949 0.025037517531064 0.0091553084834196 0.019467212429987 0.018213334972468 -0.0065854112613021 -0.14373411928589 -0.068494166814595 9.8111956248356 0.0030285910081733 -0.0033743851175928 9.8124865833572 -8.58311672636e-05 -0.00022069400028582 -0.00021575057513697 -8.9011926300082e-05 -0.00022205765605726 -0.00021294400384642 0.38431497498796 0.0367695526217 4 5 4 4 0
49.014242704449 8.4169696638428 114.7354888916 -0.006703 0.014853 1.9666433267949 0.010603121357079 0.0059872495208342 0.0074748589447636 0.0096124851570714 -0.01046257299774 -0.14491936742491 -0.064461355804037 9.8060879551489 0.00066762982399242 0.0013588928614874 9.8073701626684 0.00027108262148863 7.9882847958732e-05 -0.0004645619851977 0.00026412788001678 7.6737338633872e-05 -0.00046906773462007 0.38350097783448 0.0367695526217 4 5 4 4 0
49.014242660548 8.4169703585375 114.95476531982 -0.006576 0.014894 1.9700123267949 0.018844493874791 0.0097225555125037 0.013585412778997 0.016281272707777 -0.005563909925491 -0.14350732408675 -0.066584745084457 9.8074500549989 0.0027673296229696 -0.0017895560742559 9.808725224037 0.00059528295683532 -0.00043921938602781 0.00072610428357879 0.00060609622683273 -0.00043444033427029 0.00072003369149919 0.38292035725461 0.0367695526217 4 5 4 4 0
49.014242751184 8.4169696838203 114.7116394043 -0.006759 0.014866 1.9662933267949 0.01049228003867 0.0062702359741581 0.0072678523103866 0.0098276174398338 -0.011182800320709 -0.14767853846658 -0.069675301789275 9.8041037975907 -0.0021232377800749 -0.0036016685548545 9.8054626842798 -0.00018754047875685 0.00032415640017069 -0.00027765131005125 -0.00019168347666221 0.00032229452475805 -0.00027701348149758 0.38210600623387 0.0367695526217 4 5 4 4 0
49.014242785505 8.4169710316117 115.03542327881 -0.006693 0.014933 1.9707353267949 0.026628150738849 0.0088604297223903 0.02107012420239 0.018536926099573 -0.0062537658689885 -0.14447251686312 -0.070413101346913 9.8081654768387 0.002199218351349 -0.0049300767939335 9.8094808381789 -0.000225233157386 -0.00027601944798964 -5.7761499276988e-05 -0.00022603266279558 -0.00027640967227799 -5.2508924007866e-05 0.38431497498796 0.0367695526217 4 5 4 4 0
49.014242865673 8.4169697042427 114.68085479736 -0.006703 0.014836 1.9653473267949 0.011666371369651 0.0061340646716304 0.0084130431553455 0.010146495092611 -0.011924125225023 -0.14143712771396 -0.067577458639835 9.8080979630702 0.0041500065906037 -0.0019070808281454 9.809349480858 -9.261079186958e-05 -0.00010603507258741 0.00012004261153233 -9.0818659655654e-05 -0.00010523595828702 0.00012212866165833 0.38210600623387 0.0367695526217 4 5 4 4 0
49.014242633285 8.4169701927118 114.93803405762 -0.006595 0.014892 1.9696683267949 0.017451691483856 0.0086897910133372 0.012707734506713 0.014784706604989 -0.0055989486018191 -0.14567964579187 -0.067421894477641 9.8096468784133 0.00046118378889625 -0.002592853690157 9.8109597044929 0.0002729160794113 -9.7331774973544e-05 0.0017013428231126 0.00029825687378346 -8.6072226021734e-05 0.0016976788831493 0.38292035725461 0.0367695526217 4 5 4 4 0
49.014242798976 8.4169708652761 115.02423095703 -0.006658 0.014953 1.9718023267949 0.026679456724018 0.0085654855366014 0.02121413151469 0.018306297707162 -0.0063385913831805 -0.14631879927526 -0.069153726398199 9.8115193053715 0.00045774048414724 -0.0037994832928529 9.8128532522214 0.00017407035123862 -6.0336917193347e-05 0.00094125291242911 0.00018813590673447 -5.404811817405e-05 0.00093891983004667 0.38431497498796 0.0367695526217 4 5 4 4 0
49.014242604142 8.4169697291105 114.82257843018 -0.006728 0.014864 1.9674603267949 0.011854810550072 0.0058172671342795 0.0086876751257933 0.0099449225973643 -0.007513069628972 -0.14315224256379 -0.067526011077844 9.8056836080661 0.0027731148594914 -0.0016931646694368 9.8069603802296 -0.00022128936688382 -0.00034809852321828 -0.00028464906599122 -0.00022544597479007 -0.00035000520850727 -0.00027899094869149 0.38350097783448 0.0367695526217 4 5 4 4 0
49.014242722165 8.4169704261846 114.96757507324 -0.006589 0.014982 1.9710313267949 0.021148760811693 0.0095791801663548 0.015748743643691 0.017059094504289 -0.0056094106977652 -0.14941031544119 -0.067310002294665 9.8100087737722 -0.0024687025026609 -0.002435188929814 9.8113767939653 0.00053074008293685 -6.0505156649125e-05 -4.7792651618334e-06 0.0005306309494489 -6.055639894253e-05 -1.2349671360642e-05 0.38431497498796 0.0367695526217 4 5 4 4 0
49.014242794284 8.4169709398981 115.03121185303 -0.006662 0.014951 1.9712803267949 0.026564670547493 0.0085305818807796 0.021131366377252 0.018218597434269 -0.0063002923063719 -0.14092191266543 -0.066215370355605 9.8042984277475 0.0057776324722229 -0.00088473226326851 9.8055331400908 0.00011434481208915 -0.00015695614980946 -0.00056516112493153 0.00010591306867634 -0.00016070054074691 -0.00056573348006552 0.38431497498796 0.0367695526217 4 5 4 4 0
49.014242806843 8.4169697066693 114.6926651001 -0.006748 0.014846 1.9659053267949 0.011089141261241 0.0065569332207657 0.0077128388248342 0.010318609017274 -0.011849829865942 -0.14834621817922 -0.071422247590537 9.8079001005964 -0.0028708365918123 -0.0054575499973978 9.8092801438519 -0.00026642525252859 0.00027564609170122 0.0012964228241851 -0.00024719639892585 0.00028437677709684 0.0012983256856672 0.38210600623387 0.0367695526217 4 5 4 4 0
49.014242634965 8.4169698070438 114.834815979 -0.00664 0.014864 1.9682443267949 0.013524863184831 0.0063265875724765 0.01002300053876 0.011067386294738 -0.0081806883016068 -0.14796382837975 -0.069905553703963 9.8082273105706 -0.002015031452941 -0.0044222762198407 9.8095912658253 0.00064934143570791 -0.00031337776588563 0.00069436998124866 0.00065960192997009 -0.00030875411146873 0.00068671924833071 0.38350097783448 0.0367695526217 4 5 4 4 0
49.014242610432 8.4169699909356 114.86573028564 -0.006569 0.014869 1.9686163267949 0.014581964885789 0.0078913709142026 0.010387418133765 0.012923194137331 -0.0085878929057007 -0.15090178891433 -0.067421103831353 9.8108631691628 -0.0049693498792521 -0.0028008826169883 9.8122534527006 0.00038061866304547 -0.00012860203530586 0.0011027450511512 0.00039699992485114 -0.00012134284374116 0.0010978030172309 0.38350097783448 0.0367695526217 4 5 4 4 0
49.014242783468 8.4169696986829 114.69929504395 -0.006711 0.014875 1.9660043267949 0.010777847893201 0.0064913641637146 0.0074485075586576 0.010139977237491 -0.011544638717942 -0.1450773821907 -0.067869831766696 9.8090970230182 0.00053181775851408 -0.0018324541923291 9.8104041338254 0.0005116136932266 0.0005823080884906 -0.00057376521144064 0.00050293857515994 0.00057844219943091 -0.00058517565503829 0.38210600623387 0.0367695526217 4 5 4 4 0
49.014242634233 8.4169700357084 114.89212036133 -0.006598 0.014874 1.9690953267949 0.015917013014041 0.0082382049848796 0.01147762942979 0.013765325199203 -0.0075360820100089 -0.14536348308277 -0.065599637818761 9.8062655998467 0.00076496203742727 -0.0010410543695581 9.8075618865251 -0.00016491701770511 -0.00054751405784524 0.00031158971923863 -0.00016019436653368 -0.00054544501252428 0.00031756215812664 0.38292035725461 0.0367695526217 4 5 4 4 0
49.014242641334 8.4169696407979 114.7769241333 -0.006724 0.014879 1.9670243267949 0.011070930379824 0.0053711317158414 0.0081406844787803 0.0092273486374211 -0.0092058699854954 -0.14311633282807 -0.067299062464404 9.8078812731417 0.0028512061434975 -0.0014570703192667 9.8091558036806 -8.0476509359347e-05 -8.7424304669924e-05 0.00040164979250512 -7.4491773686952e-05 -8.4734794875234e-05 0.00040338503469517 0.38350097783448 0.0367695526217 4 5 4 4 0
49.014242642515 8.416970078817 114.90259552002 -0.0066 0.014923 1.9693813267949 0.01638155947992 0.0082457182226087 0.011899090540581 0.013955629860623 -0.0071675277378249 -0.14761250090589 -0.070475969392522 9.812650294686 -0.0013886313621866 -0.0056682902082721 9.8140117259676 0.00014488033822179 0.00029898755680531 -8.6125799087367e-05 0.00014355137014595 0.00029839000701421 -9.0257743553473e-05 0.38292035725461 0.0367695526217 4 5 4 4 0
49.014242885788 8.4169696800615 114.67630004883 -0.00672 0.014858 1.9652753267949 0.011645396098998 0.005852450959985 0.0085031177690664 0.0098773753833174 -0.011689644329545 -0.14710468564407 -0.068761635189299 9.809137332846 -0.0015085518034553 -0.0028154387574561 9.8104808651313 7.0155287348843e-05 0.00025372456064474 0.00036322054371745 7.5504373595267e-05 0.00025617344493997 0.00036044153635811 0.38210600623387 0.0367695526217 4 5 4 4 0
49.014242623133 8.4169700296336 114.88164520264 -0.006576 0.014893 1.9688223267949 0.015398445754694 0.0083123278392687 0.010973827526205 0.013630186185352 -0.0080716437034015 -0.14745184917296 -0.072911846803361 9.8090162922452 -0.0012501795744998 -0.0082817066101363 9.8103918115796 0.00029448944386398 -0.00023711859636854 0.00036657852154935 0.00029989937196468 -0.00023469835295766 0.00036366650178149 0.38292035725461 0.0367695526217 4 5 4 4 0
49.014242616248 8.4169699576916 114.85516357422 -0.006577 0.014894 1.9684363267949 0.014610965339126 0.007880101233072 0.010418788994739 0.012923820535294 -0.008856834240379 -0.14265432633954 -0.068130884071958 9.8085583933128 0.0032330925449866 -0.003438152079918 9.809831206088 0.00042390615583243 0.00041663182272014 4.3889248869611e-05 0.00042448101339725 0.00041691620593893 3.4850263582969e-05 0.38350097783448 0.0367695526217 4 5 4 4 0
49.014242674431 8.4169704034033 114.95941162109 -0.006593 0.014926 1.9701283267949 0.019515672402038 0.0099676661045163 0.014106508731662 0.016769682791986 -0.0055843980509279 -0.1461560742454 -0.074947709090923 9.8092477959391 0.00032367228132037 -0.010090912587552 9.8106174704827 0.00038055504821114 -0.00017850013559716 0.00050294871105843 0.00038804753585566 -0.00017517369842002 0.00049837503720903 0.38431497498796 0.0367695526217 4 5 4 4 0
49.014242654604 8.4169702934268 114.94486236572 -0.006613 0.0149 1.9697873267949 0.018354689849437 0.009545602114303 0.013205292207462 0.015925868967467 -0.0054943658625748 -0.14708900347214 -0.067550126593796 9.8103914697957 -0.00093261286234203 -0.0027146439719158 9.8117261833036 -3.4813656184712e-05 -1.3980043615838e-05 -0.00025696982055337 -3.8654295506111e-05 -1.5659232140636e-05 -0.0002563218398733 0.38292035725461 0.0367695526217 4 5 4 4 0
49.014242785564 8.4169711022502 115.03541564941 -0.006633 0.014937 1.9703563267949 0.026608307042188 0.0093775222598386 0.020860139126075 0.018994716899654 -0.0065692553195104 -0.14580922604899 -0.071293650792306 9.8087702914693 0.00076754763097055 -0.0058768155062834 9.8101110254619 0.0006656434652174 -3.0873308019985e-05 0.00085036545546483 0.00067828019225667 -2.5207289355371e-05 0.00084052087414703 0.38431497498796 0.0367695526217 4 5 4 4 0
49.014242633212 8.4169698526352 114.83954620361 -0.006653 0.014879 1.9684073267949 0.013806136171618 0.0066501459788649 0.010155021635393 0.011476459598492 -0.0083819071980875 -0.14313943978941 -0.066568067507316 9.8072386651032 0.0028069076946669 -0.0013162242744664 9.8085085196316 1.6558872805502e-05 -5.4735764693015e-05 0.00050438492619743 2.4079066547721e-05 -5.1398050987674e-05 0.00050443165567001 0.38350097783448 0.0367695526217 4 5 4 4 0
49.014242806557 8.4169707881453 115.00772094727 -0.006657 0.014951 1.9724423267949 0.026240260954172 0.0088178617772021 0.020703227807943 0.018376137288144 -0.0067891739212478 -0.14485582344072 -0.071807600542797 9.809861712569 0.0019612577535164 -0.0065807570312994 9.8111915155508 8.2453073541976e-06 -0.00028383455734533 -0.00024234704579572 4.6451747290743e-06 -0.00028545257731429 -0.00024053719892132 0.38431497498796 0.0367695526217 4 5 4 4 0
49.014242790084 8.4169706066964 114.9846572876 -0.006618 0.014955 1.9723283267949 0.024397803428302 0.0091738437342154 0.018874169586331 0.017977217219415 -0.006433113059446 -0.1488075566414 -0.068945417117911 9.80497015171 -0.0020831108113423 -0.0040707484529559 9.8063407592518 4.9209886847713e-05 -0.00022779890445806 0.00025248220378388 5.3012906419216e-05 -0.0002261188188206 0.0002532336354568 0.38431497498796 0.0367695526217 4 5 4 4 0
49.014242639266 8.4169699253954 114.84575653076 -0.00661 0.014911 1.9686303267949 0.014520745956905 0.0075095090501236 0.010478852345499 0.012547434930693 -0.0088727782026615 -0.14585100070391 -0.072879663497695 9.8071380280131 4.4369732481334e-05 -0.0079936355738455 9.8084901908173 0.00013347810758171 0.00062070287690606 0.00079026188141543 0.00014517809787374 0.00062589200089917 0.00078409087415865 0.38350097783448 0.0367695526217 4 5 4 4 0
49.014242696948 8.4169696575262 114.74223327637 -0.006696 0.014858 1.9668313267949 0.010811473316544 0.0058641025595873 0.0077131540194674 0.0095803498283711 -0.010335978721556 -0.14921293044091 -0.072592532333045 9.8088558932164 -0.0033655506988438 -0.00675556656102 9.8102563895095 0.00038109570358171 -0.00021387024230057 0.00068073024439668 0.00039116264116949 -0.00020929882412977 0.00067645552126434 0.38350097783448 0.0367695526217 4 5 4 4 0
49.01424261612 8.4169700124744 114.87252044678 -0.006578 0.01488 1.9686743267949 0.014931510387615 0.0079830602217809 0.010672770737995 0.013144251697086 -0.0083355442170833 -0.14189234055139 -0.068177150538855 9.8083100391644 0.0040469207234141 -0.0035321337865459 9.8095719975391 0.00029726783561774 -1.7313526285076e-05 5.8466536412952e-05 0.00029811351381505 -1.6916102907148e-05 5.411816181195e-05 0.38350097783448 0.0367695526217 4 5 4 4 0
49.014242658947 8.4169696535557 114.76503753662 -0.006696 0.014859 1.9669693267949 0.010938700329809 0.0057110718573684 0.0078882474967274 0.0094893146283201 -0.0097270865370773 -0.14726575913807 -0.069881181470371 9.809671476861 -0.0014271175355027 -0.0041932876035377 9.8110246649733 8.3819544828152e-05 -0.0001819124540279 0.0010056380502624 9.8774879057433e-05 -0.00017517716248834 0.0010054638254979 0.38350097783448 0.0367695526217 4 5 4 4 0
49.014242600645 8.4169697055565 114.81912994385 -0.00669 0.014881 1.9672963267949 0.011685620671797 0.0055821542447158 0.0086232316528406 0.0096619861085703 -0.0075648827214886 -0.14769740555351 -0.07331297832927 9.8113791548978 -0.0017902265018572 -0.0073440533178363 9.8127617995397 0.00063735692063769 0.00022316350251922 0.00023819926244005 0.00064081475202031 0.00022478703644476 0.00022717316519223 0.38350097783448 0.0367695526217 4 5 4 4 0
49.014242691997 8.4169704161644 114.96497344971 -0.006616 0.014967 1.9705853267949 0.020200523091094 0.0099459797668378 0.014741128025689 0.017020127223532 -0.0055724286599766 -0.14458855432122 -0.067172549498007 9.8107020485354 0.0020893636247525 -0.0022641779047015 9.8119967129588 0.0001243932976632 0.00013628930298699 0.00059317494774548 0.00013322222425242 0.00014021753525467 0.00059031259572128 0.38431497498796 0.0367695526217 4 5 4 4 0
49.014242771707 8.4169705779916 114.98335266113 -0.006619 0.014979 1.9721273267949 0.023726250157357 0.0093803824708759 0.018180711000701 0.017899460189614 -0.0060457364505126 -0.14211915348197 -0.068472179041804 9.808056165773 0.0047962427725951 -0.0034866930035819 9.80932310264 0.00019396739718237 -0.00012838727344341 0.00033771905524725 0.00019906027426771 -0.00012616895692387 0.00033562113289094 0.38431497498796 0.0367695526217 4 5 4 4 0
