49.014238962215 8.4169803170754 115.47026824951 -0.006699 0.014164 1.9287533267949 -0.0027988606728582 -0.0065644139392694 -0.00032026022479091 -0.0071289941621399 -0.016842856948861 -0.13662086115786 -0.062729672663536 9.8123307985799 0.002261545176684 0.0031865501545925 9.813481540262 0.00028499038644826 0.00016149373941451 9.1713138250133e-05 0.00028624451398969 0.00016208771328652 8.6571350871869e-05 0.20205444810743 0.017029386365926 4 4 5 5 0
49.014239028078 8.4169805406071 115.50045776367 -0.007003 0.014194 1.9301623267949 -0.0034275148350819 -0.0048334724277605 -0.0015070255347082 -0.0057307895889223 -0.030827138726343 -0.13837499520205 -0.061740185528684 9.8053804884329 0.00083593199543596 0.0070012502755493 9.8065487413465 0.00027104816733125 -0.00012384312979915 -0.0015172775037896 0.00024948720235885 -0.00013444792379416 -0.0015200772428662 0.20280532537387 0.017691806012954 4 4 5 5 0
49.014238959458 8.4169803031379 115.48068237305 -0.006665 0.01408 1.9276263267949 -0.0021529075749123 -0.0048401377080834 -0.00032606759440044 -0.0052873185399803 -0.014617401187096 -0.14005456338146 -0.063189803227618 9.8099139767123 -0.001318706964633 0.0022386066552305 9.8111164607916 0.00012959445274238 -0.0011335756929724 0.0010728346635211 0.00014479250584204 -0.0011263855368016 0.0010783583244926 0.20255616505059 0.018439088914586 4 4 5 5 0
49.014238966274 8.416980314895 115.47566986084 -0.006667 0.014097 1.9276863267949 -0.0022363730859723 -0.0052258184756917 -0.00027005092049353 -0.0056778184552206 -0.015883023229216 -0.13482575682235 -0.061697967505557 9.8081084743181 0.0039207598575169 0.0036246938751177 9.8092281318631 -6.0215482452475e-05 -0.00084048944699682 4.34069025626e-05 -5.9531372387089e-05 -0.00084017004106327 4.9831909985133e-05 0.20255616505059 0.018439088914586 4 4 5 5 0
49.014239079877 8.4169804839405 115.39555358887 -0.006899 0.014137 1.9371133267949 0.0022258177313636 -0.010274995793127 0.0057491124068356 -0.0088025539767598 -0.038014312150635 -0.1340298762112 -0.064753069253682 9.802391611382 0.005035652514366 0.0031435554362824 9.8035203117608 0.00047026100796112 -0.00063655118021243 -0.0010423373606026 0.00045554181473392 -0.00064372344741311 -0.0010444656434106 0.20378910667649 0.018439088914586 4 4 5 5 0
49.014238978634 8.4169800324646 115.46926879883 -0.00696 0.014111 1.9280743267949 -0.0034791868206587 -0.015271907212218 0.0020758712243658 -0.015525093022342 -0.01956114814583 -0.13909054320337 -0.064675356153981 9.8105900842106 -0.00044603208057332 0.0035046704462986 9.8117886145694 -0.00022017375806308 -0.00029400689486831 0.00019873189443357 -0.00021731665004867 -0.0002926224451927 0.00020385672522029 0.20292116695899 0.017691806012954 4 4 5 5 0
49.014238958033 8.4169803103657 115.47876739502 -0.006668 0.014175 1.9279193267949 -0.0022604655522989 -0.0050497517223693 -0.00035334332563494 -0.0055213173578114 -0.015242883047915 -0.13885031904239 -0.069477728029649 9.8046565783217 -0.0001237279197698 -0.004118135631319 9.8058851761542 1.44068218953e-05 0.00048393287891574 0.0011005603771108 2.999844497137e-05 0.00049123988463141 0.0010969679259733 0.20255616505059 0.018439088914586 4 4 5 5 0
49.014238954372 8.4169800899857 115.46455383301 -0.006895 0.014053 1.9300323267949 -0.0037615358621274 -0.014103115470796 0.0014302824584831 -0.01452597469463 -0.019251452696172 -0.13434531086203 -0.064644749321288 9.80925516045 0.003914116293461 0.003311519959777 9.8103869768303 0.00040305958310632 -0.0006345600072988 -0.00036600788285312 0.00039794893034843 -0.0006370767102349 -0.00036724281485747 0.20292116695899 0.017691806012954 4 4 5 5 0
49.014239020884 8.4169805650484 115.50736236572 -0.007025 0.014195 1.9307563267949 -0.0037996900185527 -0.003825781127998 -0.0022068121029955 -0.0049200963760002 -0.030552376854514 -0.13941317429929 -0.067739821059058 9.8111862615462 -0.00027382056749385 0.0011347372328859 9.812410714303 7.3955639765341e-05 0.0001049777022504 0.00043705537272071 8.0124380168548e-05 0.00010806202658894 0.00043520400219046 0.20280532537387 0.017691806012954 4 4 5 5 0
49.014238972194 8.4169803248784 115.46882629395 -0.006688 0.014139 1.9278463267949 -0.002352114829459 -0.0056211510421289 -0.00023735993699117 -0.0060888076564647 -0.016847077010175 -0.13258974675236 -0.067003212032378 9.805791851017 0.0062269734556463 -0.0014662812783028 9.8069149778103 -3.3256660272504e-05 -0.00034589646933297 -0.00035462918237324 -3.8191740671112e-05 -0.00034822443169424 -0.00035179844943708 0.20205444810743 0.017029386365926 4 4 5 5 0
49.014238973675 8.4169803204367 115.47072601318 -0.006678 0.014139 1.9275573267949 -0.0022307560355952 -0.0054448864708873 -0.00018797118027856 -0.0058811431387267 -0.016699402521295 -0.14082203534077 -0.063078143034867 9.8096764581075 -0.0019469615906929 0.002370209888542 9.8108895181132 -5.8315888305092e-05 -0.00032026791959336 0.00017701915940795 -5.5753643827271e-05 -0.00031908900609253 0.0001799675413713 0.20255616505059 0.018439088914586 4 4 5 5 0
49.014238941853 8.4169802687791 115.47536468506 -0.006752 0.01414 1.9300423267949 -0.0035813954338239 -0.0084827469545284 -0.00036823559663206 -0.0092004136586016 -0.016566225720641 -0.1383778812129 -0.067643083277527 9.8056842480454 1.2027629529091e-05 -0.0014524672265054 9.8068938953026 -0.00012742226015068 0.00047444099514396 -0.00028298562435545 -0.00013143073248949 0.00047257061155006 -0.00028434272006305 0.20205444810743 0.017029386365926 4 4 5 5 0
49.014238967982 8.4169803292464 115.46922302246 -0.006667 0.014157 1.9282853267949 -0.0025432153153968 -0.0059720500768538 -0.00029079986187535 -0.0064844997742871 -0.016807404296158 -0.13702837000015 -0.066468658640803 9.8070474839235 0.0017891724006813 -0.0008156534282243 9.8082297131154 0.00047282504332598 1.1233667107424e-05 -0.00024909754980293 0.00046927478965033 9.5771598776801e-06 -0.00025582817832688 0.20205444810743 0.017029386365926 4 4 5 5 0
49.014239046171 8.4169804592082 115.48075866699 -0.007083 0.014216 1.9291143267949 -0.0024716973644006 -0.0072750697155177 0.00023787430154172 -0.0076798649085765 -0.032522498113247 -0.13860081965285 -0.063158282706059 9.8070371403881 0.001007727350453 0.0060706373537795 9.8082178072024 -0.00031295359393393 -0.00040262382388249 0.00016445117872572 -0.00031056287813983 -0.00040140591511232 0.00017172554872186 0.20280532537387 0.017691806012954 4 4 5 5 0
49.014239065155 8.4169804465937 115.3977355957 -0.006951 0.014149 1.9376143267949 0.0010718744887682 -0.009978836630957 0.0045870309074463 -0.0089268926749547 -0.036575843541771 -0.1407994829432 -0.070042617467282 9.8050075861728 -0.0019932107514127 -0.0020813319978038 9.8062684106772 -0.00017823565877985 -0.00034618681521774 8.0701389742172e-05 -0.00017701562273491 -0.0003456133406455 8.5644223009994e-05 0.20378910667649 0.017691806012954 4 4 5 5 0
49.014239179326 8.4169802637303 115.46518707275 -0.007073 0.014327 1.9225683267949 0.00065606835267048 -0.012333798636561 0.0048787709972468 -0.011347409825067 -0.03344398197237 -0.14153243399368 -0.066305134545156 9.8038338322516 -0.00084760991146077 0.0031296283544926 9.8050788001511 0.00027631524997221 -0.00069318793394913 9.381070701193e-05 0.00027772413568966 -0.00069255137946431 9.4716885918322e-05 0.20329535164386 0.017691806012954 4 4 5 5 0
49.014238887082 8.4169802603903 115.43435668945 -0.006974 0.014101 1.9430613267949 -0.0035389616273639 -0.012542601216322 0.0012671020139782 -0.012970731616767 -0.02790508821331 -0.13658929550042 -0.064190045648953 9.8083856125354 0.0017597142148295 0.00442730798891 9.8095453922785 0.00039721083324714 -8.1854478510744e-05 0.00052868482507223 0.00040462149734204 -7.8157877314915e-05 0.00052356567654548 0.20378910667649 0.017691806012954 4 4 5 5 0
49.014239011833 8.4169800708409 115.46369171143 -0.007001 0.014175 1.9287683267949 -0.003090079895943 -0.014696023361884 0.0022755051251902 -0.014844990061206 -0.021324491033065 -0.13835132085362 -0.065134075107049 9.8054864650389 0.0002789185054029 0.0032548434829914 9.8066781764908 -0.00035369014108527 0.00046580962900613 -0.00018792242588595 -0.00035634230291352 0.00046449285504292 -0.00018614272937928 0.20378910667649 0.018439088914586 4 4 5 5 0
49.014238884496 8.4169802457195 115.43645477295 -0.007013 0.014056 1.9427393267949 -0.0038399603938505 -0.012785989287375 0.0010712684859347 -0.013307130192352 -0.027639983870413 -0.14026060274781 -0.065992117186007 9.8095009458809 -0.0021014624108129 0.0025892475937681 9.8107249639953 -0.00037551024825841 -0.00050809911492977 0.00055703523651172 -0.00036762456060222 -0.00050416664764284 0.00056578893327591 0.20378910667649 0.017691806012954 4 4 5 5 0
49.014239246166 8.4169802882159 115.42176055908 -0.00702 0.014319 1.9249693267949 0.0044233277856311 -0.013986461471844 0.008984542267562 -0.011595693945295 -0.03605658562505 -0.14067819170618 -0.064650138508556 9.8127295773916 8.9038978539742e-05 0.0041195785907897 9.8139499270297 -0.00041646859146463 -0.00024116143332193 -2.7564717602833e-05 -0.00041678913881057 -0.00024132391363902 -1.9890665628465e-05 0.20378910667649 0.018439088914586 4 4 5 5 0
49.014238936031 8.4169802464354 115.47677612305 -0.006758 0.014111 1.9305413267949 -0.0036489218480309 -0.0091543033564814 -0.00019227409534262 -0.009852857373028 -0.016477402272191 -0.14586932437327 -0.065595428896235 9.8116789859275 -0.0075648630159553 0.00083108856851553 9.8129799718668 0.00014996710261885 0.00029805046954489 -0.0001605753810182 0.00014768270714121 0.00029697898132776 -0.00016468224949117 0.20205444810743 0.017029386365926 4 4 5 5 0
49.014239293129 8.4169801541353 115.45937347412 -0.007116 0.014395 1.9181433267949 0.0038623296766867 -0.015524839403714 0.0089167395305132 -0.013283140242035 -0.032289628041119 -0.13723748306652 -0.064162511567221 9.8098192079497 0.0041038943851657 0.0055805919506314 9.8109865647491 -0.00018654120014636 -0.00026973760592554 -0.0010472025776632 -0.00020158801407481 -0.00027716190503958 -0.0010424912430414 0.20329535164386 0.017691806012954 4 4 5 5 0
49.014239216337 8.4169803449118 115.40809631348 -0.006992 0.014284 1.9276843267949 0.004106231177414 -0.013275511837719 0.0084728629209301 -0.011014127579592 -0.037643705805779 -0.13987173308894 -0.064655485915684 9.8045373507145 0.00043338110998501 0.003866858184214 9.8057474331264 -0.0002382293877811 -0.00025998404124701 -5.7878261639094e-05 -0.00023900478275434 -0.00026037967885702 -5.2636864831137e-05 0.20378910667649 0.018439088914586 4 4 5 5 0
49.014238980629 8.4169801209165 115.45977783203 -0.006965 0.01413 1.9313973267949 -0.0037973625743348 -0.013868008566691 0.0013673536948977 -0.014314384561618 -0.022251314453853 -0.13736153321559 -0.062087645566837 9.811452816366 0.0012420100926819 0.006143707831302 9.8126087839118 -5.6164553486914e-05 -0.00020026829691081 -0.0010358957072366 -7.0769453637234e-05 -0.00020748272996586 -0.0010335847852177 0.20378910667649 0.018439088914586 4 4 5 5 0
49.014239135701 8.416980320534 115.46376800537 -0.007119 0.014346 1.9245813267949 -0.00029229265358231 -0.011237030132131 0.0036263318564833 -0.010640371101078 -0.033452557115864 -0.13333976679563 -0.063643731840666 9.809080918649 0.0071538759547633 0.0058199122385507 9.8101889182836 -0.00059581728953359 0.00023991988793851 -0.00034964838348459 -0.00060079792945747 0.00023741293862519 -0.00034276342447614 0.20329535164386 0.017691806012954 4 4 5 5 0
49.014239218875 8.4169803598452 115.40077972412 -0.007006 0.01429 1.9279983267949 0.0041778952323902 -0.012656220773144 0.0083362610732413 -0.010399003789557 -0.038610923458698 -0.13429820462391 -0.066215937518666 9.8111651136755 0.0059645826946239 0.0022838185853279 9.8123054174984 -0.00054362156657627 -1.685283867714e-05 -0.00092303319431416 -0.00055675100326471 -2.3298837350387e-05 -0.00091503297758682 0.20378910667649 0.018439088914586 4 4 5 5 0
49.014238957498 8.4169803056314 115.4720916748 -0.006676 0.014103 1.9290353267949 -0.0029668300870072 -0.0071754933947467 -0.00025992392309058 -0.0077603044952808 -0.0167235809272 -0.13706125279253 -0.067123057604431 9.8064843628102 0.0014079242584663 -0.0013116563603519 9.8076715311365 0.00053237186092298 -0.00031467264990979 -0.000921687083576 0.00051934247754535 -0.0003208354122785 -0.00092699867804007 0.20205444810743 0.017029386365926 4 4 5 5 0
49.014238993476 8.4169800408491 115.46508789062 -0.006936 0.014161 1.9272843267949 -0.003152115055217 -0.015148805258738 0.0023314359998579 -0.015296670635416 -0.020321514970644 -0.1372252075195 -0.064457895097822 9.8077892292666 0.0015453989275429 0.0037671049540682 9.8089598987693 0.00033730160841542 0.00031301485709383 -0.0006088395396612 0.00032864916167564 0.00030877066218544 -0.00061566672475091 0.20292116695899 0.017691806012954 4 4 5 5 0
49.014238888983 8.4169802290512 115.43949127197 -0.006985 0.014109 1.9418853267949 -0.0039511648183815 -0.01279257347677 0.00095485547492764 -0.013354781158117 -0.026736599204623 -0.13880542351708 -0.069700999208641 9.8068064665341 -0.00046396553362091 -0.001174972959406 9.8080364874254 3.8897232138459e-05 5.7173710762551e-05 0.0011728746738053 5.5446171766266e-05 6.5340094360399e-05 0.0011717976239615 0.20378910667649 0.018439088914586 4 4 5 5 0
49.014239004381 8.4169806089666 115.5092010498 -0.006986 0.014199 1.9316843267949 -0.0041961859959041 -0.0028495616081482 -0.0029178890808552 -0.0041493384381845 -0.030828823621633 -0.13570835120728 -0.064324863172834 9.8024778741615 0.0031958497354812 0.0040724214786998 9.8036269609411 2.4200741865668e-05 0.00037395816844287 -0.00032332105936877 1.9544459409008e-05 0.00037170256298965 -0.00032626422218379 0.20280532537387 0.017691806012954 4 4 5 5 0
49.014238961835 8.4169802855602 115.47850036621 -0.006722 0.014142 1.9269153267949 -0.001938759215426 -0.0045682863115134 -0.00022450972770255 -0.0049575931179881 -0.014174934367855 -0.14169150953095 -0.067344378331287 9.8089264054654 -0.0029050077001601 -0.0016851588252896 9.8101801902189 -0.0004383294477651 -0.00011465155916595 0.00042590180662444 -0.00043226351168281 -0.0001118064599861 0.00043284318946333 0.20255616505059 0.018439088914586 4 4 5 5 0
49.014239108802 8.4169804689159 115.39597320557 -0.006916 0.014155 1.9354623267949 0.0028060199081929 -0.010717623221821 0.0064302267642371 -0.0090222224706444 -0.03839209523465 -0.13852723849879 -0.06998329606716 9.8119399137145 0.00096640304290164 -0.0018900559577736 9.8131666722865 0.00034633044589652 -0.00078784779845195 -3.4127902526972e-05 0.00034589620600503 -0.00078805762577012 -3.3593433620784e-05 0.20378910667649 0.018439088914586 4 4 5 5 0
49.014239000269 8.4169800494082 115.46266174316 -0.006949 0.014203 1.9274283267949 -0.0030522282829288 -0.015466221793889 0.0025333293198992 -0.015559891424495 -0.02050266241185 -0.13877699437637 -0.069615477505248 9.8068353452443 0.00015584647372641 -0.0012049545225556 9.8080638108009 0.00032113956489203 0.00084250579822109 0.00065315500397512 0.00033032732325126 0.00084701102181426 0.00064267827500773 0.20292116695899 0.017691806012954 4 4 5 5 0
49.014239215959 8.4169802074011 115.46801757812 -0.007103 0.014392 1.9208953267949 0.0017390971813369 -0.013644793336604 0.0063237318534073 -0.01221597254768 -0.032503730151058 -0.13835344658143 -0.065654366280216 9.8088101770761 0.0026013194389775 0.003994779061088 9.8100044786605 6.3255276649563e-05 0.00017111934745909 -6.5279997729652e-05 6.2293251993077e-05 0.00017064175863147 -6.7391898918435e-05 0.20329535164386 0.017691806012954 4 4 5 5 0
49.014238871913 8.4169802446041 115.44383239746 -0.006975 0.014078 1.9417493267949 -0.0047655160642613 -0.012854604166846 0.00022224830966639 -0.013707689822608 -0.025391304547364 -0.14160836079402 -0.06782773521571 9.8088442992154 -0.0034668966698173 0.00055640536309642 9.8101001743006 -0.00020523865869587 -5.8476818530019e-05 6.680586847884e-05 -0.00020427828841059 -5.8010006864863e-05 7.009274322989e-05 0.20378910667649 0.018439088914586 4 4 5 5 0
49.01423910719 8.4169803582851 115.46718597412 -0.00709 0.014312 1.9259883267949 -0.0012005022453874 -0.010017243308349 0.0023667976420586 -0.009807844564184 -0.03358235407879 -0.13917237670115 -0.068273079922907 9.8088184443297 0.00104869553824 0.0010543497777075 9.8100431255288 -0.00032096574196706 7.1616487438019e-05 4.6390470694371e-05 -0.0003202887169347 7.191478327265e-05 5.0501751646839e-05 0.20329535164386 0.017691806012954 4 4 5 5 0
49.014238943239 8.4169801959679 115.46395874023 -0.006788 0.01408 1.9311243267949 -0.0036370046876066 -0.011482773665261 0.00064412840003202 -0.012027813882046 -0.01955856192089 -0.14012139752175 -0.069266619853506 9.8093758716698 -0.001909417181641 -0.0022044986728309 9.8106205653251 0.0006945269943324 -8.5428342966574e-05 7.514651442527e-05 0.00069552425974007 -8.4927753646435e-05 6.5895008803568e-05 0.20292116695899 0.017691806012954 4 4 5 5 0
49.01423904057 8.4169804870302 115.48691558838 -0.007078 0.014237 1.9294383267949 -0.0027356450106183 -0.0065228855467762 -0.00027107329308674 -0.0070682147624174 -0.032059031206789 -0.1409140571246 -0.065619533637459 9.8096288509775 -0.0014550551671197 0.0034113669493449 9.8108597710954 -0.00062218185261815 0.00030903935714762 0.00018257037982642 -0.00061954113347654 0.00031032361526653 0.00018922435504112 0.20280532537387 0.017691806012954 4 4 5 5 0
49.014238900954 8.4169802485003 115.43560791016 -0.006966 0.014071 1.9413433267949 -0.0038530191927975 -0.012878616676364 0.0010826528898486 -0.013399028461249 -0.027223882447998 -0.13223070672715 -0.062488824319555 9.8075007377909 0.0058431723756809 0.0059449350909042 9.8085876197042 0.00010629220479568 -0.00020792587778538 -0.0012736060069128 8.8360040848503e-05 -0.0002167863209498 -0.0012734831861663 0.20378910667649 0.018439088914586 4 4 5 5 0
49.014238953697 8.4169801454004 115.45919799805 -0.006871 0.01414 1.9305273267949 -0.0037005357783809 -0.013033713408389 0.0011214591562023 -0.013502431728366 -0.02002770263699 -0.13858179766226 -0.065699096216388 9.8045060723083 -0.00034997002615734 0.0018287842252721 9.8057054323785 -1.550235073396e-07 0.00077402550979412 0.0008503527516948 1.1823513340373e-05 0.00077983062663724 0.00084492830007967 0.20292116695899 0.017691806012954 4 4 5 5 0
49.014239151443 8.4169804371177 115.39550018311 -0.006892 0.014215 1.9328333267949 0.0033840244833096 -0.011438948515329 0.007204878863201 -0.0095077437212411 -0.038804092062867 -0.1344284523652 -0.061743836874705 9.8086036185204 0.0051899622568856 0.0063615471285321 9.809715966506 0.00081416263894137 -9.815774560341e-05 0.00025526109785604 0.00081774013865379 -9.6407106903685e-05 0.00024436198220028 0.20378910667649 0.018439088914586 4 4 5 5 0
49.014238931248 8.4169801884121 115.45275878906 -0.006936 0.014116 1.9356143267949 -0.0044302854815168 -0.012898898298747 0.0004865042274985 -0.013630668006251 -0.023619647715941 -0.13394260753673 -0.065146956952243 9.8038748640495 0.0043454422210242 0.0027596829313724 9.8050048170136 -7.124198774244e-05 -4.5249799637328e-05 -0.00030114970514647 -7.5474930181057e-05 -4.7345970261224e-05 -0.00029980001302425 0.20378910667649 0.018439088914586 4 4 5 5 0
49.014238952379 8.416980165049 115.45865631104 -0.006862 0.014089 1.9307273267949 -0.0035362556651505 -0.01235180393105 0.0010380874758797 -0.012806054802162 -0.01993589199905 -0.13514758417101 -0.062904415441101 9.8061205075291 0.0030736142040698 0.0043863891681053 9.8072522583855 -0.00015454322915811 -5.2733780999228e-05 0.00031381814175972 -0.00015007869006272 -5.054722899886e-05 0.0003162696109295 0.20292116695899 0.017691806012954 4 4 5 5 0
49.01423904925 8.4169804355728 115.47560882568 -0.007056 0.014257 1.9288653267949 -0.002284055202287 -0.0082945138136685 0.00076885238179426 -0.0085688829364942 -0.033077147285509 -0.1362535887026 -0.06365984324409 9.8081227974582 0.0034348374155922 0.0055895870113071 9.8092736338569 0.000179079047584 0.00022057966872833 -0.00013023490487992 0.00017717138021967 0.00021964463173502 -0.00013432188100145 0.20329535164386 0.017691806012954 4 4 5 5 0
49.014239044366 8.4169805039188 115.39541625977 -0.006938 0.014136 1.9390883267949 0.0014923893687965 -0.0098141368001938 0.0049162746191691 -0.008624528685552 -0.037534936677297 -0.14034058197261 -0.063767987958426 9.8117003419438 -0.0013574650655756 0.0040926169173903 9.8129103905075 -0.00042259568564899 -0.00028891134347048 0.00036726718386063 -0.00041729304014166 -0.00028637636851487 0.00037520871273297 0.20378910667649 0.018439088914586 4 4 5 5 0
49.014239009441 8.4169803672798 115.41996765137 -0.006973 0.014136 1.9395133267949 0.00037200485140789 -0.011114934631354 0.0043460690537981 -0.010237121936927 -0.032652144963801 -0.14013929756633 -0.065399092933074 9.8101037623453 -0.0011817078494287 0.0028292930972537 9.8113221333915 -0.00012966550765608 -0.00036261019819925 -0.00025505241406734 -0.00013322409696934 -0.0003643607120737 -0.0002506545060025 0.20378910667649 0.017691806012954 4 4 5 5 0
49.014238966528 8.4169802894224 115.48175811768 -0.006727 0.014148 1.9268183267949 -0.0020683904198913 -0.0047469499756061 -0.00028306722774832 -0.0051702773133778 -0.014249318201389 -0.13802114475948 -0.062108588231893 9.8093444812781 0.00076273450019042 0.0034875465892154 9.8105114885484 -0.00064958273313667 -3.8477349428881e-05 -2.6229488991912e-05 -0.00064989551703659 -3.865401255036e-05 -1.6799635634305e-05 0.20255616505059 0.018439088914586 4 4 5 5 0
49.014238941756 8.4169802165243 115.47460174561 -0.006779 0.01409 1.9305683267949 -0.0035619534788384 -0.010379143728193 0.0003216052351927 -0.010968617163456 -0.017592618876566 -0.13976383133296 -0.067150379082295 9.807002797614 -0.0016993539852795 -0.00040711087073923 9.808228443418 0.0003741654224649 0.00024812152829828 -3.6103433002526e-05 0.00037357803743329 0.0002479501827518 -4.302010664351e-05 0.20205444810743 0.017029386365926 4 4 5 5 0
49.014239063387 8.4169804064307 115.4711151123 -0.007061 0.014254 1.9281383267949 -0.0020725537766895 -0.0090717811218972 0.0012356069103368 -0.0092232128032004 -0.033244418679496 -0.14035811396331 -0.065613523380937 9.8081225342162 -0.00053454850204027 0.0035746070181222 9.8093457098367 -3.5575037951579e-05 -0.00014611404833088 -0.00030888233347517 -3.9958543797224e-05 -0.0001482997074596 -0.00030728991646494 0.20329535164386 0.017691806012954 4 4 5 5 0
49.014238933304 8.4169802884553 115.43533325195 -0.007001 0.014098 1.9417163267949 -0.001951457311695 -0.012255003100161 0.0026197457782408 -0.012129882169551 -0.028926890796181 -0.13569259283387 -0.063684407263741 9.8097146360453 0.0028583798899531 0.0049323032920943 9.8108581239414 3.3047486967821e-05 -0.00036333229409493 -0.0011420726772547 1.6870824805581e-05 -0.00037126176821071 -0.0011398756094963 0.20378910667649 0.017691806012954 4 4 5 5 0
49.014239268646 8.416980239163 115.43535614014 -0.007019 0.014371 1.9225763267949 0.0044620262148955 -0.014698410445014 0.0092407864173298 -0.012269945230705 -0.034560041425938 -0.13503093467481 -0.064751160538445 9.8045425599601 0.0058444039757824 0.0044289974157193 9.805683515219 0.00042418640872119 0.00018933365202329 -0.00035035179276497 0.00041910229481396 0.00018687697573407 -0.00035771933643156 0.20329535164386 0.017691806012954 4 4 5 5 0
49.014238896523 8.4169802706386 115.43684387207 -0.006993 0.014112 1.9432193267949 -0.0028661159656017 -0.012461760460681 0.001855489867167 -0.012652121362612 -0.028285134704919 -0.14190570580384 -0.066137986081152 9.8076895188651 -0.0034860511612219 0.0024583331409434 9.8089379644714 0.00013950054210597 0.00012433004191604 0.00034034152727115 0.00014423701862408 0.00012667557759314 0.00033746839174991 0.20378910667649 0.017691806012954 4 4 5 5 0
49.01423903679 8.4169805115441 115.49304962158 -0.007013 0.014231 1.9297153267949 -0.0031191389018683 -0.0056756263479931 -0.00092515073023851 -0.0064099743032366 -0.031531492218573 -0.13930245488938 -0.069928868833317 9.8057072278537 6.3117580781048e-05 -0.0011248273188371 9.8069460462962 0.00021188838339897 0.00024213050277883 -0.00024271926932192 0.00020843424023713 0.00024044911910896 -0.00024739726154723 0.20280532537387 0.017691806012954 4 4 5 5 0
49.014238962491 8.4169802961037 115.48108673096 -0.006643 0.014147 1.9272343267949 -0.0022070601852589 -0.004802305114106 -0.00039179496479283 -0.0052706468916921 -0.014425234702065 -0.14447293169937 -0.065982581909481 9.8100630729941 -0.0057780896467455 -0.00057996465186211 9.8113470441125 0.00046840221073597 0.00013400989285908 0.00016897822673553 0.00047071068107206 0.00013509283007853 0.00016139979698514 0.20255616505059 0.018439088914586 4 4 5 5 0
49.014238954003 8.4169803126681 115.43196868896 -0.007004 0.014108 1.9412783267949 -0.0012478371658474 -0.011785199114265 0.0030982245134932 -0.011439158358612 -0.029967404504506 -0.14171450103043 -0.063686592082896 9.8098884534931 -0.0030518913634555 0.0048143004608283 9.81111663099 -0.00021191939036868 -0.00035690556335396 -0.00019681803099536 -0.00021463170461093 -0.00035826296277827 -0.00019131119847245 0.20378910667649 0.017691806012954 4 4 5 5 0
49.014239047118 8.4169803985194 115.40969085693 -0.006924 0.014168 1.9382183267949 0.001149184672348 -0.010763096990534 0.0049338749238634 -0.0096346228955924 -0.034306437215428 -0.13866469393349 -0.064403891645646 9.8051371824379 0.00033002034613646 0.00353155355367 9.8063283736148 0.0001985060735154 -3.9908242829763e-05 0.00018565682058049 0.00020111833497723 -3.8617591877808e-05 0.00018308444915692 0.20378910667649 0.017691806012954 4 4 5 5 0
49.014238872281 8.4169802619198 115.44471740723 -0.00694 0.014074 1.9409943267949 -0.0048960800801472 -0.01230389785656 -0.00010769934613438 -0.013241752566518 -0.02498418876672 -0.13879552313831 -0.069098578283679 9.8079596946866 -0.00080378276845648 -0.00084062528400095 9.809184936778 0.00019265605462493 0.00011547689062162 -0.00031016311147127 0.0001882864295062 0.00011330171002794 -0.00031363060250379 0.20378910667649 0.018439088914586 4 4 5 5 0
49.01423887172 8.4169802314843 115.44315338135 -0.006985 0.01407 1.9424133267949 -0.0044098867784151 -0.013020182186511 0.00061780521556532 -0.013732892628617 -0.025944346614746 -0.13656486563805 -0.060691678525879 9.8083884939993 0.0016206479292175 0.0078195051679565 9.8095235279562 -8.7663830388959e-05 -0.0002621744423757 0.0002136820316342 -8.4663986173712e-05 -0.00026068676005 0.00021672074996364 0.20378910667649 0.018439088914586 4 4 5 5 0
49.014238942488 8.4169802040834 115.46886444092 -0.006838 0.014038 1.9308383267949 -0.0036008083880803 -0.010844258408062 0.00045204820798998 -0.011417511150531 -0.018632889045335 -0.13642992912697 -0.06190493776522 9.8084461586148 0.001744541111939 0.0050710691601764 9.8095891395819 -0.00025640717798493 -0.00082042712465053 -0.00063575323742369 -0.00026522115418752 -0.00082474759318321 -0.00062646053663244 0.20205444810743 0.017691806012954 4 4 5 5 0
49.01423902101 8.4169805144529 115.39427185059 -0.006915 0.014202 1.9402203267949 0.0008713060522325 -0.0095911210318475 0.004269041952153 -0.0086331075755869 -0.037220543738676 -0.13623068257463 -0.065309881631425 9.8014429890761 0.002555667377119 0.0023303367154913 9.8026067244134 -0.00025137234900074 0.00091657660931905 -1.0598962461322e-05 -0.00025153231936089 0.00091649589370586 -1.3352469015551e-05 0.20378910667649 0.018439088914586 4 4 5 5 0
49.014238964652 8.4169800608363 115.46807098389 -0.006941 0.014113 1.9292743267949 -0.0036580637920705 -0.014785275846168 0.001753731475511 -0.015129861538997 -0.019342199030807 -0.14134928944036 -0.066492906111046 9.8079979371511 -0.0027900117559156 0.0015352077708726 9.8092413533561 -0.00022380877369968 -0.00015572980201802 5.0302347710726e-05 -0.00022303268341815 -0.00015540997463564 5.4546379853952e-05 0.20292116695899 0.017691806012954 4 4 5 5 0
49.014238948739 8.4169802840616 115.47371673584 -0.006731 0.014113 1.9296083267949 -0.0032596387161762 -0.0078432219663085 -0.00029585004420832 -0.0084884640427837 -0.016677353722875 -0.13614375531451 -0.066923743020754 9.8096454208714 0.0023564462244271 -0.00078790884493647 9.8108181150631 0.00011552372800199 -0.00011472058268241 8.6814847930138e-05 0.00011678022412831 -0.00011412540659418 8.5933604746019e-05 0.20205444810743 0.017029386365926 4 4 5 5 0
49.014239032792 8.4169800170609 115.46619415283 -0.006986 0.01418 1.9261943267949 -0.0025256914883205 -0.016111063999655 0.0032371560756579 -0.015983551611321 -0.020127598849581 -0.14218746184716 -0.065557664503389 9.8048624196802 -0.0032265257733213 0.0029835264644301 9.8061114129783 3.506613696516e-05 0.0002617422661887 -0.00055795222546238 2.7117550606585e-05 0.00025785236301346 -0.00056021450229327 0.20292116695899 0.017691806012954 4 4 5 5 0
49.014239074725 8.4169804160986 115.40342712402 -0.006918 0.014185 1.9369903267949 0.0015933922747105 -0.010639744449636 0.005296717320672 -0.0093644263104416 -0.035491989347169 -0.13509597523629 -0.065971902812027 9.8092513173395 0.0040450642425795 0.0020049645370679 9.8104021904223 0.00028149032249726 1.3872819087365e-05 -8.9539175935708e-05 0.00028017347787704 1.3239487573924e-05 -9.3630174334237e-05 0.20378910667649 0.017691806012954 4 4 5 5 0
49.014239276714 8.4169801656972 115.46611022949 -0.007065 0.014391 1.9182783267949 0.0029049642914814 -0.014722761184676 0.0077612977520132 -0.012844489217546 -0.031957556984009 -0.14497586933606 -0.066605462451027 9.807216083495 -0.003676386877702 0.0029388937716981 9.8085126172786 0.00048928274450437 -0.00058045770668298 -0.00083353799180018 0.00047732316338657 -0.00058630873680623 -0.00083637511386093 0.20329535164386 0.017691806012954 4 4 5 5 0
49.014238984121 8.4169803416834 115.42547607422 -0.006947 0.01416 1.9403333267949 -0.00047564264971198 -0.011370493201156 0.0036579441399049 -0.010776851365607 -0.031381680380032 -0.1377444090341 -0.064766446049342 9.807351341284 0.0011155543784817 0.0035031646426155 9.8085318079674 0.0004129969394506 0.00013959151145703 -0.00036256466033047 0.00040782021300413 0.00013706655089183 -0.0003693378822621 0.20378910667649 0.017691806012954 4 4 5 5 0
49.01423927605 8.416980206589 115.44681549072 -0.007082 0.01442 1.9208903267949 0.0042502758539684 -0.015329688530226 0.009233931924251 -0.012953559520306 -0.033234048992918 -0.1391879287827 -0.06783717967356 9.803785632482 0.0019466368295616 0.0016209883810619 9.8050080679052 -0.0002239219127364 0.00059531397751567 -0.00046316100643604 -0.00023063593679333 0.00059200758574102 -0.00046409332814506 0.20329535164386 0.017691806012954 4 4 5 5 0
49.014239183536 8.4169804084015 115.39813232422 -0.006971 0.014237 1.9306283267949 0.003986698223853 -0.012049356108003 0.0079588701842492 -0.0098862534210872 -0.038796780654102 -0.13885423530083 -0.063916283105512 9.8044824192107 0.0011366978898718 0.0042955918288689 9.8056729699146 -0.00041720840514395 -0.0004063687766652 0.00031288745935823 -0.00041266254244876 -0.00040416484311686 0.00032162193825811 0.20378910667649 0.018439088914586 4 4 5 5 0
49.01423888739 8.4169802468788 115.44686889648 -0.006894 0.014063 1.9393333267949 -0.0049827294060029 -0.012052210745219 -0.00029089210173733 -0.013038387056846 -0.024469284029485 -0.13491284632479 -0.06509415142487 9.8074259807002 0.0031458680204512 0.0028925967282399 9.8085689059657 0.00066406244306571 -0.0003714981031464 -0.00021458516583742 0.00066100708707822 -0.00037298889009888 -0.00022129972396017 0.20378910667649 0.018439088914586 4 4 5 5 0
49.014238937928 8.4169802311744 115.47686767578 -0.00681 0.014101 1.9306193267949 -0.0035950510098705 -0.0099338661629256 0.00013276176250663 -0.010563538335257 -0.016969188928099 -0.13737850659298 -0.063558134522088 9.8080262310226 0.00076836060419145 0.0031201920218786 9.8091939434658 -0.00029745097972982 0.00034229117954801 -0.00045647804746394 -0.00030388493883329 0.0003391993780524 -0.00045456667361348 0.20205444810743 0.017029386365926 4 4 5 5 0
49.014239048855 8.4169800148974 115.46850585938 -0.006931 0.014197 1.9258203267949 -0.0025781509405838 -0.01558792483968 0.0030259630929421 -0.01550786374311 -0.020595110845206 -0.14291188887827 -0.063107588643606 9.8056245172749 -0.0040067208518212 0.0050336467065875 9.8068669103401 0.00043984663350504 0.00033199100179307 -0.00059307112234779 0.00043134617817117 0.00032791336603956 -0.00060150686517931 0.20378910667649 0.018439088914586 4 4 5 5 0
