49.014233841033 8.4169964875111 113.50989532471 -0.006744 0.014786 2.2432353267949 0.038541997934691 0.015397940626408 0.020561485751005 0.03605284461313 -0.0056375974510408 -0.13931109939503 -0.06862950176072 9.809151340103 0.0061355421099148 -0.0021925583747883 9.8103787491578 0.00058730609703909 -0.00072546624565572 0.00091748868091216 0.00060092543176551 -0.00071925121845587 0.00091356721467097 1.338255580971 0.094752308678997 4 11 4 0 0
49.01423541162 8.4169929082056 113.94901275635 -0.006934 0.014802 2.2432063267949 0.038864071516635 0.010401157212925 0.023925534860852 0.032344536155642 -0.0045221154570661 -0.14009539977436 -0.074595210538759 9.8037732274905 0.004913581712901 -0.0066097550018492 9.8050547185624 9.951759461341e-05 0.0002235536997957 0.00062087035773203 0.00010864094840712 0.00022783847596349 0.00061773129775634 1.3259551274459 0.094047860156412 4 11 4 0 0
49.014237455258 8.4169881208472 114.54648590088 -0.007258 0.014651 2.2432593267949 0.033360695801568 0.0024531132699668 0.02456944840392 0.022700134763856 -0.0030504943996442 -0.1445468618994 -0.074878278614787 9.8075444822289 -0.00068567052695529 -0.0039575736739744 9.8088945322775 -0.00039971066742338 -0.00027724793673269 0.00019306467661283 -0.00039678586428126 -0.00027588493005677 0.00020091534546498 1.3121219455523 0.094752308678997 4 11 4 0 0
49.014237629787 8.4169876963285 114.60050201416 -0.007247 0.01467 2.2433953267949 0.032822542160759 0.0019446733505961 0.024463522541718 0.021969014587461 -0.002830600325911 -0.14583677160432 -0.069952789605169 9.8062413851858 -0.0021801093101215 0.0011567326509881 9.8075749324226 0.00013769335370223 0.00038230085797716 0.00095434039685086 0.00015160662429247 0.0003891932407356 0.00094941338973414 1.3121219455523 0.094752308678997 4 11 4 0 0
49.014233766877 8.4169966516198 113.48960113525 -0.006761 0.014824 2.2432253267949 0.038574360125417 0.0159836822804 0.020222671230651 0.036530853148408 -0.0057635734164361 -0.14595567125728 -0.071749247417023 9.8076288734721 -0.00044569415166959 -0.005293947905457 9.8089758754733 0.00035366127372195 -0.00019363434115472 0.001047140322244 0.00036914294120597 -0.00018653118874862 0.0010430698762022 1.338255580971 0.094752308678997 4 11 4 0 0
49.01423818204 8.4169863016281 114.77973175049 -0.007276 0.01455 2.2438983267949 0.029402640824872 -0.0001239744499248 0.023068056667188 0.018231721949345 -0.0023951990021748 -0.14099227734623 -0.072172668899366 9.8112470273253 0.0017450695700961 -0.00040561495244495 9.8125255156085 0.0007393456658561 6.7120262787452e-05 0.0011922058060071 0.00075660310589967 7.579496772192e-05 0.0011808346238197 1.3077690927683 0.094047860156412 4 11 4 0 0
49.014234017273 8.4169960516452 113.56275177002 -0.006783 0.014813 2.2431973267949 0.038565032994706 0.014931775239385 0.020868251803323 0.035703438887456 -0.0054393146220666 -0.14160713112825 -0.068380403400747 9.8084323169067 0.0037709754583186 -0.002049271460824 9.8096919034536 -0.00025324379280145 -0.00012448770785131 -1.7899267487303e-05 -0.00025345741195593 -0.00012459708387307 -1.3242858624376e-05 1.3324901500574 0.094752308678997 4 11 4 0 0
49.014235631311 8.4169924128242 114.01043701172 -0.006937 0.014778 2.2431503267949 0.038504645334676 0.0096192720774142 0.024133211586499 0.031507556839139 -0.0043068801210561 -0.14318208979071 -0.069772955106859 9.8084950798176 0.0019118920227225 -0.0014671577632767 9.8097878356999 0.00055106136173778 -0.00022954705508133 0.00043273196759425 0.0005574236509867 -0.00022653867565849 0.00042613254035662 1.3215994098062 0.094752308678997 4 11 4 0 0
49.014234425051 8.416995138028 113.67443084717 -0.006861 0.014793 2.2432083267949 0.038796200517912 0.01359434467046 0.021884052658343 0.0347999929405 -0.0052635149690742 -0.14232768580894 -0.075809470286963 9.807069233745 0.0030822053872289 -0.0088223325708561 9.8083903594969 -0.00044433372976157 -0.00058193012975333 0.00078553046676095 -0.00043256561020567 -0.00057657241381998 0.00079598848094962 1.3324901500574 0.094752308678997 4 11 4 0 0
49.014236269143 8.4169909146088 114.19756317139 -0.007044 0.014789 2.2431263267949 0.037046390636784 0.0070667215310391 0.02458274626622 0.028601788567955 -0.0038347741886364 -0.14747809406185 -0.070319462954964 9.8041574861888 -0.0028668438408342 -0.0011591209913615 9.8055184553908 0.00025780491398327 0.0007130511345738 0.00065057836047173 0.00026732331493853 0.00071762418675952 0.00064166273764141 1.3164755979508 0.094047860156412 4 11 4 0 0
49.014237072135 8.416989042878 114.43083953857 -0.007131 0.014704 2.2431563267949 0.034794265191094 0.0040415398033507 0.024704471336009 0.024832722702939 -0.0032715973906161 -0.1369123915734 -0.067953248877037 9.8068857181539 0.0073246349545883 0.0022428631458783 9.8080739473618 0.00054105614717749 -3.2114218246075e-05 0.00062367044113142 0.00055016327306404 -2.762498852442e-05 0.00061590141019101 1.3121219455523 0.094752308678997 4 11 4 0 0
49.014236318289 8.4169908032365 114.21150970459 -0.007054 0.014723 2.2430333267949 0.036791128021244 0.0067568422744209 0.024577234094269 0.028199314659063 -0.0038007517750762 -0.14015897486658 -0.07259101858053 9.8091317709728 0.0044077971348298 -0.0032961116629277 9.8104001627171 0.0002680782021517 -0.00022698965935039 -0.00027259575388293 0.00026410226028786 -0.00022893601486669 -0.00027493479331884 1.3164755979508 0.094047860156412 4 11 4 0 0
49.014234924847 8.4169940279514 113.81085205078 -0.006861 0.014808 2.2432463267949 0.039011395384174 0.011949619200655 0.023075953286307 0.033647921347893 -0.0048750084158409 -0.14649067834881 -0.070901599906127 9.8102988981665 -0.0010338979598603 -0.003508617487743 9.8116481606651 0.00022874437022365 -0.00031583228793796 0.00087900182579624 0.00024179076700704 -0.00030979958615763 0.00087770664435449 1.3259551274459 0.094047860156412 4 11 4 0 0
49.014238129487 8.4169864457655 114.76114654541 -0.007289 0.014573 2.2437923267949 0.030108166439859 0.00018829881719402 0.023426087714076 0.018914437569567 -0.0025492238582337 -0.13613326271322 -0.067616879170343 9.8018036840056 0.006609078643969 0.0038965333355938 9.8029790196875 0.00019584925587325 0.00020770001074948 0.00021388074984162 0.00019887564504294 0.00020924370063703 0.00020949842622482 1.3077690927683 0.094047860156412 4 11 4 0 0
49.014234695549 8.4169945440882 113.74737548828 -0.006836 0.014852 2.2432823267949 0.038950160200805 0.012648903215057 0.022590805980406 0.034157945945197 -0.0050991953494132 -0.13854312660801 -0.071517655678159 9.8048749177822 0.0069977593879228 -0.0045144034145821 9.8061109463647 3.0417337060811e-05 0.00016122068289157 0.00078987189266927 4.2130042963585e-05 0.00016662672304068 0.00078821058060952 1.3259551274459 0.094047860156412 4 11 4 0 0
49.014235022852 8.4169937983492 113.83911132812 -0.00691 0.014825 2.2432573267949 0.038982044925246 0.011663198248723 0.023230471447268 0.033406215749827 -0.004768315666752 -0.14196388797569 -0.073149575129436 9.8067090441053 0.0034619878457394 -0.0055371314885371 9.8080070871743 -0.00018202027194744 -4.8343970056059e-05 0.00075554083402503 -0.00017081725971552 -4.3166555573329e-05 0.00075847087115564 1.3259551274459 0.094047860156412 4 11 4 0 0
49.014237013943 8.4169891774675 114.41412353516 -0.007148 0.014692 2.2430613267949 0.035239473500975 0.0043816519111408 0.024841592276679 0.025375470917423 -0.0032598078106129 -0.14635909240563 -0.074020798067437 9.8073316652496 -0.0020529771826366 -0.003811305022277 9.8087018202712 0.0002798820002667 -0.00034029848710124 -0.00061913999140959 0.00027074850370539 -0.00034472889847738 -0.00062070838521935 1.3121219455523 0.094752308678997 4 11 4 0 0
49.014234344856 8.4169953275039 113.65145111084 -0.006797 0.014806 2.2431573267949 0.038737443713209 0.01387209184905 0.021665357802853 0.034980511791852 -0.0052343719344752 -0.1404700639593 -0.067918909735934 9.8144466641738 0.0051749625057019 -0.0011491833452948 9.8156856559793 0.00019628101797931 -0.00056660571102827 5.140393934093e-05 0.00019710029233813 -0.0005662466836409 5.2339100284792e-05 1.3324901500574 0.094752308678997 4 11 4 0 0
49.014235089026 8.4169936567475 113.8567276001 -0.006873 0.014801 2.2431973267949 0.039060089505212 0.011539394367161 0.023369706085616 0.033357232310629 -0.0047862700289736 -0.14415707497597 -0.073808099088864 9.8089892646625 0.0012582047858708 -0.0063434998037206 9.8103241973898 0.00016653153887648 -0.00038464697204494 0.00028493124668904 0.00017077115887307 -0.00038268921773982 0.00028503926162951 1.3259551274459 0.094047860156412 4 11 4 0 0
49.014237401382 8.4169882486204 114.53048706055 -0.007179 0.014677 2.2432653267949 0.033687734742307 0.0026621657935254 0.024695505340062 0.02306692371463 -0.0029570186190679 -0.14008187699132 -0.067562273771548 9.8068952127711 0.0038976033115728 0.0031165219438729 9.8081270696923 0.00056565553009194 -5.2765973565931e-05 0.00058452154522041 0.0005741594506269 -4.8546026130196e-05 0.00057652802739547 1.3121219455523 0.094752308678997 4 11 4 0 0
49.014236536243 8.4169903075428 114.27349853516 -0.007115 0.014729 2.2431083267949 0.036661994172213 0.0061637889959371 0.024845005563906 0.027655378006107 -0.0036884291115511 -0.14236794631303 -0.070220075683933 9.8091090102453 0.0023406458883252 -0.00047082504131616 9.8103931589636 -4.518436297338e-06 -0.00038532781909068 0.00040287166323914 1.471199977563e-06 -0.00038245199558021 0.00040562792109232 1.3164755979508 0.094047860156412 4 11 4 0 0
49.014233657382 8.4169969179383 113.45705413818 -0.006771 0.014848 2.2431373267949 0.038412380141504 0.016132313590552 0.020004050791277 0.036545866212321 -0.0057759644707408 -0.14379528762081 -0.074760600499376 9.8058670541124 0.0017605697037803 -0.0084803439802995 9.8072023298828 -0.00011191167624018 9.6294935559012e-05 0.00014598159987195 -0.0001097752380365 9.7277987353894e-05 0.00014696330589956 1.338255580971 0.094752308678997 4 11 4 0 0
49.014235334902 8.4169930771814 113.92802429199 -0.006945 0.014813 2.2431873267949 0.038849715402566 0.010772450911664 0.023682819365934 0.032626220727973 -0.0045771807008126 -0.14291282715299 -0.072875891276617 9.8063562121356 0.0022564075071847 -0.004909615278325 9.8076666182697 -0.0001371068937415 0.00020504157055238 0.00012997167531772 -0.00013521071718845 0.00020594578916596 0.00013052873816925 1.3259551274459 0.094047860156412 4 11 4 0 0
49.014237336198 8.4169883975623 114.51180267334 -0.007186 0.014702 2.2432133267949 0.034106253722932 0.0031415029730338 0.024725368202958 0.023701515952644 -0.0030739462962912 -0.14423075356848 -0.073006451194573 9.8119649646371 -0.00013071900951576 -0.0022282065563741 9.8132964965046 0.00057074164506866 0.00032151567242946 0.0004264478799079 0.00057690760405291 0.00032458602691646 0.0004156952423482 1.3121219455523 0.094752308678997 4 11 4 0 0
49.014234523077 8.4169949282476 113.700340271 -0.006833 0.014818 2.2432623267949 0.0391328200486 0.013426274746557 0.022251031237967 0.03487885311799 -0.0051382658638387 -0.13853780421986 -0.071504181337586 9.8062897149254 0.0069040006513055 -0.0044106959737419 9.8075256521708 0.00023348220334457 -0.0002270677622872 0.001039851253995 0.0002489038978561 -0.00021995588704319 0.0010378040715046 1.3324901500574 0.094752308678997 4 11 4 0 0
49.014236682826 8.4169899584483 114.31681060791 -0.007124 0.014727 2.2431733267949 0.036112667234501 0.0055565737109115 0.024792496099256 0.026839008459221 -0.0035793537723071 -0.14114804123655 -0.073543501307425 9.8054590014623 0.0033873501338825 -0.0037036216270742 9.8067493640374 4.534638897709e-05 -0.00020605634461584 0.0011714843873178 6.2637387730825e-05 -0.00019771688558145 0.0011721380072216 1.3164755979508 0.094047860156412 4 11 4 0 0
49.014234283984 8.4169954531783 113.63594818115 -0.006805 0.014858 2.2431953267949 0.038863144744991 0.014257182524445 0.021522000238367 0.035361202062012 -0.005350990739357 -0.14353432081095 -0.072142427270622 9.8031362238483 0.0019231184392611 -0.0055452290963102 9.8044507524372 -0.00010338479547095 0.00038402868932186 -0.00015206568314317 -0.00010567714743814 0.00038298069961282 -0.00015312267316572 1.3324901500574 0.094752308678997 4 11 4 0 0
49.014237829657 8.4169871787757 114.6662979126 -0.007254 0.014586 2.2435133267949 0.031746730275758 0.0013360125541986 0.023997135911231 0.020827320375025 -0.0026877931780157 -0.13774117140951 -0.070578022490421 9.8097471199678 0.0054563719987453 0.00064815418953414 9.8109666077257 0.00020404557688227 -0.00015164888179499 -6.4776843651902e-05 0.0002031106824415 -0.00015210189093149 -6.6661818960596e-05 1.3077690927683 0.094047860156412 4 11 4 0 0
49.014233969169 8.4169961857015 113.54679107666 -0.00677 0.014821 2.2432403267949 0.038739235365354 0.015281378798018 0.020786709842804 0.036085474054317 -0.0055490943906208 -0.14016203343738 -0.073769443941134 9.8080419321738 0.0051080389462331 -0.0073678243012413 9.8093168096236 8.1348330778861e-05 0.00019181902560809 0.00038763340689475 8.7090965427521e-05 0.00019442298661156 0.0003850757293104 1.3324901500574 0.094752308678997 4 11 4 0 0
49.014236446982 8.4169904971913 114.24970245361 -0.007086 0.014773 2.2430773267949 0.03675005268816 0.0066392741727942 0.024618512083261 0.028081582771274 -0.0037157789596832 -0.14358723177188 -0.075464187293166 9.8063157700926 0.0010817861170751 -0.0058901397615471 9.807655611181 0.00025365215937838 0.00039778095406742 0.00033242609867235 0.00025848062977559 0.00040015386345195 0.00032579288098177 1.3164755979508 0.094047860156412 4 11 4 0 0
49.014237713763 8.4169874735974 114.62884521484 -0.007289 0.014628 2.2434593267949 0.032343249051586 0.0015394937343228 0.024339537521232 0.021355170476121 -0.0027639975730552 -0.14238991449136 -0.069146069314104 9.8091909104374 0.0010521676650704 0.0020996721204445 9.8104674152195 -0.00038028140878424 0.00012087288871921 0.00098748390690457 -0.00036578765054974 0.00012803934247107 0.00099202918371183 1.3121219455523 0.094752308678997 4 11 4 0 0
49.014235222822 8.4169933510784 113.89436340332 -0.006889 0.01481 2.2431913267949 0.038772062703738 0.010959109476494 0.023507943816211 0.03272233576697 -0.0046368394064044 -0.14462299596512 -0.070762976293215 9.80753072322 0.00065787792992462 -0.0031747197137062 9.8088518689823 0.00010661226127117 -3.3030490914499e-05 0.0012713972664361 0.00012544312591145 -2.4260049143463e-05 0.0012698738295555 1.3259551274459 0.094047860156412 4 11 4 0 0
49.014236926742 8.4169893927449 114.38733673096 -0.007182 0.014684 2.2431843267949 0.035425593038092 0.0045468703246971 0.024882916257797 0.025622004617619 -0.0033923478372225 -0.1424493009885 -0.074787415748763 9.8111322674033 0.0020496066668868 -0.0045554289746369 9.8124498163933 -0.00034335633450437 -0.00075086977366707 0.0004466945966083 -0.00033669853991609 -0.00074765418594087 0.00045707069312751 1.3164755979508 0.094047860156412 4 11 4 0 0
49.014237775164 8.4169873345642 114.64650726318 -0.007267 0.014576 2.2435193267949 0.032028327582988 0.0013955274269014 0.024180958704812 0.021048578935826 -0.0027182791650721 -0.14333442073421 -0.078933853322244 9.8037908513849 -0.00024780336320643 -0.0076918256650758 9.8051536602061 7.1349519196978e-05 -0.0003059511789763 0.00043705657716298 7.7785669097836e-05 -0.00030272877990263 0.00043815305452522 1.3077690927683 0.094047860156412 4 11 4 0 0
49.01423411409 8.4169958400758 113.5887298584 -0.00677 0.014813 2.2432773267949 0.038566891426829 0.01451484403433 0.021129187204676 0.035378571231596 -0.0054262608992019 -0.14020911165024 -0.070499483843043 9.8086672948933 0.0050779022801831 -0.00413965241743 9.8099205982359 3.0643202724633e-06 3.2028259205836e-05 0.00082144541940231 1.5216010443453e-05 3.7594541638914e-05 0.00082110995322178 1.3324901500574 0.094752308678997 4 11 4 0 0
49.014235491671 8.4169927169906 113.97248077393 -0.006974 0.014819 2.2431673267949 0.03868376230501 0.0099359316090323 0.024074171235142 0.031868324167825 -0.0044565161596207 -0.14640139018366 -0.070301969734041 9.808127056917 -0.001257952515955 -0.0019541542469739 9.8094713961786 -2.8416963360135e-07 0.00040897096257532 3.8941691709037e-06 -2.6907293786322e-07 0.00040898515290514 1.0360084733567e-06 1.3215994098062 0.094752308678997 4 11 4 0 0
49.014235887449 8.4169918026049 114.08615112305 -0.006976 0.014741 2.2431603267949 0.038217427045577 0.0087860483019595 0.024426941974208 0.030677202559528 -0.0041553100670059 -0.13788802860373 -0.069442488971931 9.8074756232027 0.0069654590885773 -0.00072505687082483 9.8086885326035 0.00062507285589386 -0.00046124741638787 0.00073732451338164 0.00063593008909701 -0.00045608301727035 0.00073127427119326 1.3215994098062 0.094752308678997 4 11 4 0 0
49.014238014582 8.4169867245338 114.72510528564 -0.007278 0.014514 2.2436513267949 0.030793267429379 0.00042364562484413 0.023817700269275 0.019522358866281 -0.0025867338576015 -0.14136847735427 -0.070964074176903 9.8087973590692 0.0014261633639805 0.00034689880642014 9.8100725875391 -5.3574883461191e-05 -0.00073213388537269 -0.00010754586214964 -5.5036997649661e-05 -0.00073292326895748 -0.00010137361301296 1.3077690927683 0.094047860156412 4 11 4 0 0
49.014234216215 8.4169956007765 113.61781311035 -0.006826 0.0148 2.2432593267949 0.038754277166309 0.014484327148397 0.02129450903368 0.035471588528777 -0.0052652527700307 -0.14171179595808 -0.072471664172011 9.8122860396888 0.0037268507433325 -0.0059326322201123 9.8135743447727 -0.00068863373141441 -0.00035701372568974 0.00047338012278459 -0.00068148045677037 -0.00035377408559644 0.00048595729885361 1.3324901500574 0.094752308678997 4 11 4 0 0
49.014236126263 8.4169912523461 114.15519714355 -0.007091 0.014737 2.2431343267949 0.03748547287667 0.0077824891962834 0.024480885521455 0.029434908902967 -0.0040223270799056 -0.14221020734832 -0.07761080138869 9.8070587933187 0.0023300386420607 -0.0083480789888995 9.8083929986749 -0.00041839081308181 1.1726580879865e-06 0.00084458008566922 -0.00040589387491621 7.1610445660953e-06 0.00085060975583898 1.3215994098062 0.094752308678997 4 11 4 0 0
49.014234830108 8.416994230406 113.78560638428 -0.006841 0.014859 2.2432333267949 0.039068438415322 0.012324214778366 0.022887068520305 0.033976624527 -0.0049478779271164 -0.13779476653316 -0.068947442260586 9.8049479223469 0.0077794184864823 -0.0017305057727956 9.8061553515185 0.00034161922467817 0.00024152385467268 0.00076075699452746 0.00035286461417291 0.00024671111524518 0.00075389792643859 1.3259551274459 0.094047860156412 4 11 4 0 0
49.014236198169 8.4169910940382 114.17518615723 -0.006989 0.014721 2.2431793267949 0.037450376101652 0.0075316614857705 0.024609240625155 0.029217152968559 -0.0038527488110581 -0.14136341676783 -0.070044821525679 9.8101304655634 0.0033398648489061 -0.0010540252911081 9.8113985351293 0.00083298385676676 -0.00049463121955933 0.0013424273889272 0.00085274229790031 -0.00048520538667494 0.0013334310286508 1.3215994098062 0.094752308678997 4 11 4 0 0
49.014233912203 8.4169962972905 113.53270721436 -0.00678 0.014833 2.2432943267949 0.038491401290134 0.015158517123889 0.0206697101789 0.035834785574525 -0.0056126234544503 -0.1444962771703 -0.076601974807879 9.8028857194999 0.00073658091176676 -0.010121537348066 9.8042445875551 0.00012033074782169 0.00034074311199282 0.0016106919302817 0.00014416935663885 0.0003516655652805 0.0016063735406729 1.338255580971 0.094752308678997 4 11 4 0 0
49.014236044121 8.4169914370544 114.13188171387 -0.007059 0.014714 2.2431283267949 0.037502157745689 0.0080087095480133 0.024352964738547 0.029622357637195 -0.0040844059082606 -0.13886618062738 -0.071108801375856 9.8025250035039 0.0055134794493437 -0.0020994968308882 9.8037647072928 -0.00024071373796215 -0.00022197428676726 0.00072075641380769 -0.00023003856294064 -0.00021689760105671 0.0007257744798796 1.3215994098062 0.094752308678997 4 11 4 0 0
49.01423581632 8.4169919880508 114.0633392334 -0.006983 0.014786 2.2431833267949 0.038350360043271 0.0088521496704369 0.024489498291405 0.030811928165572 -0.0042935343789646 -0.14311365923044 -0.076299409869915 9.8119217443918 0.0020672924033015 -0.0077322615367006 9.8132586884506 0.0001688991375375 -0.00016426283754512 0.00060700703612543 0.00017787717768006 -0.00016002236365828 0.0006055720008005 1.3215994098062 0.094752308678997 4 11 4 0 0
49.014236742404 8.4169898077597 114.33543395996 -0.007131 0.014739 2.2431513267949 0.035972196289418 0.0053939689213597 0.024783001650232 0.026625109619592 -0.0034764174547895 -0.13871624683169 -0.070405063468318 9.811841794094 0.0059116719461931 -0.00046872053116257 9.8130730846749 2.6752966251532e-05 2.32596296558e-05 0.00044971112583012 3.3389991701739e-05 2.6460093446792e-05 0.00044908848635294 1.3164755979508 0.094047860156412 4 11 4 0 0
49.014236620929 8.4169900918346 114.30019378662 -0.007095 0.014731 2.2431253267949 0.036251271482655 0.0057416773592661 0.024786201556907 0.027069647154268 -0.0035991171742746 -0.14707189712241 -0.069536458929912 9.8106828120588 -0.0023639747915929 0.00018710356364324 9.812031165007 0.00029693727490515 -0.0002898992698199 0.00075521715813252 0.00030808717191517 -0.00028452931589942 0.0007527851422335 1.3164755979508 0.094047860156412 4 11 4 0 0
49.014237920239 8.4169869644474 114.69408416748 -0.007218 0.014592 2.2436113267949 0.031221118656045 0.00087471011107118 0.02387286852955 0.02013976122155 -0.0026617198162944 -0.14661080140448 -0.069623635852434 9.8085569152666 -0.0034415590321845 0.0013662539121765 9.8098989624855 0.00041551255435791 -3.8988887517218e-05 0.00068334971523306 0.00042549682720792 -3.4039036624814e-05 0.00067746847922921 1.3077690927683 0.094047860156412 4 11 4 0 0
49.014235545906 8.4169925988882 113.98711395264 -0.006999 0.014816 2.2431303267949 0.038577566595072 0.0098283420326251 0.024059235553365 0.031717155357316 -0.0044444611596013 -0.14146509905977 -0.071420377840321 9.8127253255241 0.0038002518751557 -0.0029983734675655 9.8140034597447 -0.00036642046363079 0.00025764501598242 1.9802051542651e-05 -0.00036611021038786 0.0002577216664638 2.3436246749793e-05 1.3215994098062 0.094752308678997 4 11 4 0 0
49.014237543955 8.4169878948348 114.57515716553 -0.007243 0.014652 2.2432313267949 0.033100830711753 0.0022804314826515 0.024474067989223 0.02240279811771 -0.0028935508552602 -0.13993846333477 -0.073304249941867 9.8067617667271 0.0037588784605801 -0.0023841822168238 9.808033003109 -0.0001174099473469 2.8746390357939e-05 -0.00027005812242231 -0.0001213774987189 2.6823510391305e-05 -0.00026849734295087 1.3121219455523 0.094752308678997 4 11 4 0 0
49.014237244347 8.4169886359153 114.4818572998 -0.007269 0.014696 2.2431743267949 0.034360389077183 0.0034441076130816 0.024736471737151 0.024095750645431 -0.0031761419076709 -0.1398419603433 -0.070147409085056 9.8054108982051 0.0042737619137328 0.00072308353289966 9.8066582099066 -0.00064840055204893 -3.5868315848411e-06 0.00017802073557736 -0.00064571311222979 -2.3104115462928e-06 0.00018751191847289 1.3121219455523 0.094752308678997 4 11 4 0 0
49.014235741639 8.416992150609 114.04301452637 -0.006965 0.014763 2.2431913267949 0.038330463470346 0.0091088462533187 0.024313576856703 0.031000738259805 -0.0043552536002386 -0.1399884213013 -0.067744192412843 9.8113246461978 0.0052133390001118 0.00071654030480482 9.8125557096342 0.00030841558401024 -0.00061972728443504 0.0004487269532289 0.00031509236014229 -0.00061657534161033 0.00044841457313619 1.3215994098062 0.094752308678997 4 11 4 0 0
49.014234622553 8.4169946889466 113.72937011719 -0.006859 0.014849 2.2432553267949 0.0390471014004 0.013049752223291 0.022417978325489 0.034531240146805 -0.0050415781360382 -0.14395507897338 -0.07078307890825 9.8067611962535 0.0015734003503177 -0.0037515839022437 9.8080721387472 -0.0003257749026935 0.00019496463492501 0.0008716292710596 -0.00031281553596964 0.00020092885813306 0.00087499968841102 1.3324901500574 0.094752308678997 4 11 4 0 0
49.014235943887 8.4169916904736 114.10027313232 -0.007073 0.014724 2.2431233267949 0.037858518582265 0.0085135890127034 0.02431647599239 0.030239996789305 -0.0042048468728202 -0.14127709599716 -0.070498253511413 9.8079726263766 0.0033987675981438 -0.0014730871353042 9.8092427107993 -0.00054198103815345 -0.00044442401111526 0.00023633885125621 -0.00053837630156721 -0.00044277471051583 0.00024744107680282 1.3215994098062 0.094752308678997 4 11 4 0 0
49.014234760727 8.4169943746184 113.76769256592 -0.006813 0.014869 2.2431353267949 0.039079685333036 0.012571489242222 0.022741700305368 0.034177167572573 -0.0048969637130232 -0.13841106899205 -0.077003471271036 9.8066798445044 0.0070949576045476 -0.0098726011539216 9.807951296386 0.00069539413020317 0.00060906503128454 -0.00075258889724998 0.00068407495327854 0.00060391061615351 -0.00076695753209576 1.3259551274459 0.094047860156412 4 11 4 0 0
49.014235152097 8.4169934936024 113.87651062012 -0.006901 0.01479 2.2431483267949 0.038943784430512 0.011249292633381 0.02346138836266 0.033056436330004 -0.0046830477978852 -0.13979071099849 -0.071830585926695 9.8059042877373 0.0054202097850684 -0.004390769188421 9.8071614805318 -0.00032935097653033 -0.00029437428916361 0.00081345929418066 -0.00031725424848348 -0.00028874445153474 0.00082024657413259 1.3259551274459 0.094047860156412 4 11 4 0 0
49.014236841846 8.416989584572 114.36338806152 -0.007176 0.014751 2.2431653267949 0.035569744502321 0.0048724816750674 0.024792900786815 0.025966511085031 -0.0034636037448237 -0.1442891860523 -0.069679956736955 9.8049346537283 0.00026114882192826 0.00029769363544117 9.8062439294465 -0.00060379979373656 0.00017549310138538 0.00015523930959601 -0.00060145124158901 0.00017660328270286 0.0001628553284553 1.3164755979508 0.094047860156412 4 11 4 0 0
49.014238076196 8.4169865746482 114.74451446533 -0.007276 0.014594 2.2437533267949 0.03056289070954 0.00047163040726702 0.023606643996078 0.019417499832131 -0.0025271748945755 -0.14343682866658 -0.074386425400962 9.8096233766211 -0.00051123326986813 -0.0028843569254015 9.8109536199345 0.00029826904164177 0.00045625565793118 0.00092050131870138 0.00031156043626064 0.0004629103450201 0.00091271086565699 1.3077690927683 0.094047860156412 4 11 4 0 0
49.014237148302 8.4169888475058 114.45513153076 -0.007236 0.014703 2.2431193267949 0.034466197713064 0.0036946940550301 0.024663917005112 0.024356943626868 -0.003227925923576 -0.14384478360837 -0.07588330783589 9.8078399702047 0.00035119101534673 -0.0053123645641734 9.809186908789 -0.00062643618711714 6.1360591662056e-05 -3.4310827822744e-05 -0.00062688535478297 6.110200564759e-05 -2.5525955190733e-05 1.3121219455523 0.094752308678997 4 11 4 0 0
