49.014231343938 8.4169963618116 115.35768890381 -0.006587 0.013684 2.2302513267949 -0.024620118826204 0.052515969282592 -0.051641533434643 0.026405307975388 -0.063181570140754 -0.13978169796005 -0.064518361094981 9.8040563163474 -0.0054599373564187 0.00014380843779996 9.8052634972469 0.00024265260805586 -0.00042835515209617 0.0014215556663475 0.00026213262910443 -0.00041901753598663 0.0014208947927738 0.37734334497908 0.02475883680628 4 5 4 4 1
49.014231505558 8.4169966174549 115.30549621582 -0.006775 0.013961 2.2162363267949 -0.031668388902658 0.040694520067256 -0.049782073800739 0.013442131591435 -0.058431108556268 -0.14634478858092 -0.065926414954437 9.8061710651054 -0.0096938536981748 0.00054536088621422 9.8074794589746 0.0001666629002622 0.00032368065217011 0.0008673796760989 0.00017870517688298 0.00032957421567707 0.0008627175918304 0.37619144062565 0.031827660925679 4 5 4 4 1
49.014231338052 8.4169963242385 115.36212158203 -0.006613 0.013698 2.2307313267949 -0.02411390374746 0.052587700119318 -0.05129959746086 0.026745251396829 -0.063186010506783 -0.14185673109446 -0.064811544618545 9.8063791451489 -0.0074367235613594 -0.00011292441319462 9.8076165862327 -0.00016111285944758 -0.00026653148293875 -0.00060601052256672 -0.00016935708131362 -0.00027053472524677 -0.00060196905504804 0.37734334497908 0.02475883680628 4 5 4 4 1
49.014231318545 8.4169965141153 115.34906005859 -0.006638 0.013718 2.2301613267949 -0.026922049194027 0.05247912916092 -0.053425406132477 0.024991609861289 -0.062756671176916 -0.14374008168746 -0.066974401084398 9.8067983036054 -0.0093440689883612 -0.0020242902274276 9.8080760280913 -0.0001616688915873 0.00023506209479295 0.0014149564069714 -0.00014227071554759 0.00024443485183782 0.0014154656129483 0.37734334497908 0.02475883680628 4 5 4 4 1
49.01423154907 8.4169965870232 115.30033874512 -0.006773 0.013955 2.2140873267949 -0.031562463351769 0.03813643236747 -0.048135521298202 0.011556698117203 -0.057353014915476 -0.13931108885087 -0.062824953727116 9.8083105738506 -0.002197192106318 0.0035428781569111 9.8095000789163 -8.1006673039006e-05 -0.00061257468040542 0.00031534910050083 -7.6524130083987e-05 -0.00061042897315027 0.00032056687621929 0.37619144062565 0.031827660925679 4 5 4 4 1
49.014231312125 8.4169967011827 115.33589172363 -0.006672 0.013705 2.2284593267949 -0.030357065505599 0.051519609690789 -0.055523840444338 0.022202145860942 -0.061468948341938 -0.13801733566764 -0.064788292478561 9.8093254713227 -0.003459888118006 0.00073504291557681 9.8105098199709 0.00023356874910089 -0.00034700308696625 0.0016360363386542 0.00025600875012908 -0.00033606918057091 0.0016349733811005 0.37676650594234 0.029 4 5 4 4 1
49.0142318007 8.4169963662359 115.26667022705 -0.006688 0.014209 2.2036953267949 -0.026864554064177 0.03037975718054 -0.03963801779624 0.0085716242864904 -0.056658167421093 -0.14695188847567 -0.065916281302607 9.8140060828422 -0.00788571679336 -1.5725896114774e-05 9.8153245437331 0.00054762051527673 0.00042128892862335 0.00065941542930664 0.00055687925592733 0.00042571984123501 0.00064873204768624 0.37676650594234 0.035355339059327 4 5 4 4 1
49.014231819528 8.4169963437573 115.2638092041 -0.006694 0.014255 2.2030453267949 -0.026236471795946 0.029512911159288 -0.038609907877815 0.0082851577640605 -0.056627127703371 -0.14102274840505 -0.063415190050035 9.7990228625504 -0.001865615239818 0.0024456938255606 9.8002420530358 0.00049687075571739 0.00077446079106706 0.001802052686672 0.00052239658705808 0.00078651386479383 0.0017895778029623 0.37676650594234 0.035355339059327 4 5 4 4 1
49.014231451508 8.4169966691585 115.31511688232 -0.006732 0.013887 2.2204233267949 -0.030589942345373 0.046156613570571 -0.052292518865378 0.018212197617408 -0.060398336093512 -0.14115418912921 -0.070303305313571 9.8088814023874 -0.0051497281089586 -0.0043310482852711 9.8101466386961 9.4798836104394e-06 0.00011815992946465 0.00058125046757305 1.7514418860714e-05 0.00012207689027117 0.00058025035054849 0.37619144062565 0.031827660925679 4 5 4 4 1
49.01423136595 8.4169967244581 115.32594299316 -0.006709 0.013789 2.2247083267949 -0.030887650350516 0.04938154820884 -0.054568129528946 0.020369409984102 -0.060995828118664 -0.1346978231018 -0.071425128406317 9.8095863303536 0.00050618298015745 -0.005690707741345 9.8107694674107 -2.5020933628844e-05 -0.00013381656304233 0.00076537714722547 -1.4416795812867e-05 -0.00012869886823286 0.00076652949183095 0.37676650594234 0.029 4 5 4 4 1
49.014231458278 8.4169966676381 115.31285858154 -0.006702 0.013879 2.2195843267949 -0.030633173932483 0.045133147582524 -0.051687848452255 0.017429396847236 -0.06019182034125 -0.14003729380233 -0.060595757196935 9.805537767535 -0.0039818515987747 0.0054181926067498 9.8067227248264 0.00064435978993783 -0.00010792517131676 0.00084502529686898 0.00065602416631696 -0.00010220735622606 0.00083672418233273 0.37619144062565 0.031827660925679 4 5 4 4 1
49.014231308385 8.4169966713905 115.33993530273 -0.006689 0.013762 2.2290133267949 -0.030094395009196 0.051964732398672 -0.055603644188584 0.022677179335644 -0.061769881053498 -0.14658196626367 -0.064548292528349 9.8040745577323 -0.01211060304125 0.00066524404413483 9.8053757902707 -0.00053963667309724 0.00066992835916881 0.00055503887555908 -0.00053205740891526 0.00067357824244494 0.00055792835829759 0.37676650594234 0.029 4 5 4 4 1
49.014231472166 8.4169966501731 115.31243133545 -0.006778 0.013925 2.2187553267949 -0.030991258893186 0.044216510152781 -0.051405128349345 0.016525575995668 -0.059930877150734 -0.1422751136855 -0.065576583066552 9.8089086664151 -0.0059157638698023 0.00058048366043458 9.8101584639746 -0.00046229491835505 0.00022188529880992 0.0012528836087067 -0.00044488015126892 0.00023036230328582 0.0012576407668598 0.37619144062565 0.031827660925679 4 5 4 4 1
49.01423185872 8.4169962833463 115.25810241699 -0.006687 0.014268 2.2010453267949 -0.025181926374231 0.027487609483311 -0.036547642050454 0.0073466930728955 -0.056294573936624 -0.13859325413944 -0.066290519322976 9.8045533777312 0.00095754559676695 -0.00049994252321171 9.8057568844557 0.00047523937359514 0.00046638996267433 -0.00013112012864659 0.00047328021869052 0.00046550097025965 -0.00014100978750458 0.37816001903956 0.037483329627983 4 5 4 4 1
49.01423133698 8.4169962726182 115.36795043945 -0.006602 0.013693 2.2313343267949 -0.023586864660076 0.052552613555649 -0.050878011981206 0.027010300276838 -0.063154025199885 -0.14649940269065 -0.068220895316172 9.8105518108221 -0.012124103388229 -0.0036251242031569 9.8118746774229 -0.00018594501962294 -0.00020848992784322 0.00089077174244391 -0.00017365449535932 -0.00020263692640547 0.00089460244909129 0.37734334497908 0.02475883680628 4 5 4 4 1
49.014231499919 8.4169966274191 115.30584716797 -0.00677 0.013937 2.2169373267949 -0.031574848405229 0.041504156171764 -0.050204349247637 0.014110517339973 -0.058665911433644 -0.14042913853003 -0.064741607099767 9.8051912098331 -0.0040292839602838 0.0017838114270447 9.8064091362093 0.00038571984928233 0.00032451708075068 0.0010336624953036 0.00039998408322562 0.00033155732797073 0.0010259670925572 0.37619144062565 0.031827660925679 4 5 4 4 1
49.014231340442 8.4169967030138 115.33238983154 -0.006672 0.013722 2.2270083267949 -0.030522114132204 0.050955770101223 -0.055288906697717 0.021708153392249 -0.06125253048198 -0.14586186664508 -0.063209358237372 9.8081710262778 -0.011124428297425 0.0022492091032418 9.8094527978122 0.00015787295532077 -0.0005252525429283 0.00032497236782934 0.00016237907256011 -0.00052307063970352 0.00032626897477928 0.37676650594234 0.029 4 5 4 4 1
49.014231897939 8.4169962132425 115.25389862061 -0.006729 0.014339 2.1996393267949 -0.024098467029293 0.025893803372795 -0.034722571488047 0.0067507198792694 -0.055938170975287 -0.13535221900633 -0.059109164015783 9.8058866415402 0.004598881877407 0.0065898411433041 9.8069956595952 -0.0004626884819957 0.0010162740475135 0.0011844707531634 -0.00044593818569249 0.0010241412651262 0.0011841096879117 0.37816001903956 0.037483329627983 4 5 4 4 1
49.014231285551 8.4169966547706 115.3424911499 -0.006652 0.013664 2.2296573267949 -0.029354581990138 0.052216467845436 -0.055182727726268 0.023305061778505 -0.061818137322513 -0.13782412051677 -0.057098524589266 9.8114559866931 -0.0034431629616155 0.008002205901118 9.812585921089 -0.00018800458496611 -0.00063238852662368 -0.00022430240536306 -0.00019097904276173 -0.00063390340870286 -0.00021749616832579 0.37676650594234 0.029 4 5 4 4 1
49.014231330114 8.416996462276 115.35079193115 -0.006626 0.013671 2.2299373267949 -0.026113415651415 0.052475142011475 -0.05278245844314 0.025486634146036 -0.062896519344335 -0.14199354853833 -0.062486301074435 9.8062929550712 -0.007620665912319 0.0023894344607703 9.807516787643 -8.2569449866413e-05 -0.00062734937978184 0.00094421166862557 -6.9575732562301e-05 -0.00062110073211608 0.00094937228874456 0.37734334497908 0.02475883680628 4 5 4 4 1
49.014231836802 8.4169963205805 115.26100158691 -0.006708 0.014183 2.2021333267949 -0.025774268558248 0.028666326337165 -0.03772933167007 0.0079104644696682 -0.05654320089067 -0.14405594227343 -0.0684249403408 9.8093434471609 -0.0047220537730248 -0.0025341413255841 9.8106383019989 0.000204805815533 -0.00051463107523029 0.0002120986227038 0.00020784768757137 -0.00051319184335253 0.00021266342638682 0.37676650594234 0.035355339059327 4 5 4 4 1
49.014231500121 8.4169966286033 115.30796051025 -0.006754 0.013878 2.2174573267949 -0.031295369058603 0.042355048685187 -0.050503006692685 0.014927001572678 -0.059207489981556 -0.14699356557257 -0.064030187815089 9.8089836659259 -0.010554193071077 0.0021991971192729 9.8102876268731 7.9687937062705e-05 -0.00071400166409467 0.0011613206790689 9.5913950993163e-05 -0.00070615044472338 0.0011649241075113 0.37619144062565 0.031827660925679 4 5 4 4 1
49.014231305653 8.416996564171 115.34691619873 -0.006612 0.013711 2.2301913267949 -0.027831476021446 0.052490947476585 -0.054154975679633 0.024436143255218 -0.06241735984396 -0.13709652280097 -0.066128182900059 9.8083066910348 -0.002535779561989 -0.0010069422331994 9.8094874761329 0.00059380312939884 -0.00014957248735463 -5.2048858636838e-06 0.00059371506545323 -0.00014956787908128 -1.2326855570508e-05 0.37734334497908 0.02475883680628 4 5 4 4 1
49.014231504467 8.416996621606 115.3042755127 -0.006788 0.013952 2.2158783267949 -0.031842179633547 0.039720535501282 -0.04933000206481 0.012578051457059 -0.057905270787999 -0.13821100409174 -0.062511088095624 9.8102729013596 -0.0013913224445239 0.0038899490076382 9.8114448118769 -0.00025944170329393 -2.1803021766429e-05 2.5444486527489e-05 -0.00025906414193844 -2.1670780648409e-05 2.920251162687e-05 0.37619144062565 0.031827660925679 4 5 4 4 1
49.014231624306 8.4169965691952 115.28762054443 -0.006738 0.01406 2.2111803267949 -0.030061177118258 0.03582545260054 -0.045516460525145 0.010741889318299 -0.056710553556635 -0.13370964358328 -0.064161340536526 9.8101309895175 0.004261044971171 0.0021603498114023 9.81125095215 0.00038789722119818 -0.00027213565615681 0.0011163124748845 0.00040357439528222 -0.00026459152741788 0.0011125564268076 0.37676650594234 0.035355339059327 4 5 4 4 1
49.014231295952 8.4169966124662 115.34510040283 -0.006656 0.013668 2.2300193267949 -0.028681295733924 0.052490151295031 -0.054824002593101 0.023919929524442 -0.062192283043322 -0.14606862523357 -0.065667980306718 9.8090010734814 -0.011657591839214 -0.00052257016576263 9.8103015712943 -0.00014518227321172 -0.00065746183506001 0.00027917158749266 -0.00014125332190437 -0.00065558631349858 0.00028549385507405 0.37676650594234 0.029 4 5 4 4 1
49.01423174659 8.4169964410244 115.27417755127 -0.006738 0.01406 2.2063873267949 -0.028092020357276 0.032637905522133 -0.04199150132276 0.0095455936186815 -0.056791950374534 -0.14560926804806 -0.065824488058533 9.8069880620123 -0.007281552867917 0.00023696465616168 9.808286990926 -1.2654238870394e-06 -0.0011182463013934 0.00092074562987225 1.183479484478e-05 -0.0011120152992448 0.00092813830025837 0.37676650594234 0.035355339059327 4 5 4 4 1
49.014231419034 8.4169966966131 115.31824493408 -0.006689 0.013804 2.2220683267949 -0.031125581401995 0.047438041902747 -0.053524649917276 0.018823525675598 -0.060744293083784 -0.14316184120303 -0.064113344417225 9.8088577140444 -0.0075485336937095 0.0015983485607129 9.8101093220048 0.00028719100173735 -0.00061725740583657 0.00076506631488626 0.00029780481482506 -0.00061209757343877 0.00076513196031948 0.37676650594234 0.029 4 5 4 4 1
49.014231766552 8.4169964156753 115.27048492432 -0.006748 0.014144 2.2052063267949 -0.027357504770637 0.031551711370077 -0.04074207837567 0.0091670661503672 -0.056925238264705 -0.13881506765768 -0.063050138746577 9.8059841605469 -0.00014212998909886 0.0028992356499642 9.807168597248 -0.00034777258945284 -0.00020741606465278 0.0013295165298891 -0.00032890132020255 -0.00019847116907378 0.0013356869368839 0.37676650594234 0.035355339059327 4 5 4 4 1
49.01423133231 8.4169964112027 115.35408782959 -0.006596 0.013696 2.2300513267949 -0.025289022090426 0.052367228478747 -0.052069877487085 0.025895924887266 -0.063171804319664 -0.14209013512964 -0.06414803142589 9.8065572598774 -0.0075804787380246 0.00064455586167059 9.8077934328219 0.00030462971087414 -0.0004379227736128 0.00057147949223603 0.00031247581502854 -0.00043417478652046 0.00057011017521999 0.37734334497908 0.02475883680628 4 5 4 4 1
49.014231700446 8.4169964912964 115.2780380249 -0.006753 0.014093 2.2081703267949 -0.02859736691886 0.033660931033963 -0.043020299881113 0.010006438396187 -0.05692301784977 -0.13682757302044 -0.060188367773906 9.8103673236936 0.0012952299101444 0.005952341984418 9.8115041542303 -0.00013681823898921 2.5823944052966e-05 0.00074205763608931 -0.00012636215257685 3.0808103330455e-05 0.00074372091292508 0.37676650594234 0.035355339059327 4 5 4 4 1
49.014231603672 8.4169965696815 115.29318237305 -0.006726 0.014012 2.2120523267949 -0.030576923461317 0.036468670993974 -0.046325035296805 0.010904246468593 -0.05700196965031 -0.13759737121818 -0.062310649390994 9.8062120610196 -0.00020432985953342 0.0039170556373249 9.8073746626199 0.00044614086545834 -0.00023178852505581 0.00085781420631883 0.00045813714395824 -0.00022597599319576 0.0008530261474822 0.37676650594234 0.035355339059327 4 5 4 4 1
49.014231928229 8.4169961919585 115.24913024902 -0.0067 0.01431 2.1986993267949 -0.023425957701994 0.024996086539446 -0.033644798835576 0.0064504934438842 -0.055874096214291 -0.13725447759226 -0.062187758151551 9.8063314667404 0.0029305561184041 0.0035155518470963 9.8074881933362 6.3796195897594e-06 8.7875635072843e-05 -5.8656833221067e-05 5.509503965102e-06 8.7458898549708e-05 -5.932424870246e-05 0.37816001903956 0.037483329627983 4 5 4 4 1
49.014231869564 8.4169962639609 115.2553024292 -0.006669 0.014267 2.2003843267949 -0.024571741779684 0.026806023033803 -0.035647005092119 0.0071850157240667 -0.056232555223149 -0.14200227556869 -0.066915171196187 9.8086214860851 -0.0021849429209472 -0.0012260651652231 9.8098774971681 0.00054927053705564 8.3268071893565e-05 0.0010160841583798 0.0005637005723424 9.0074503483747e-05 0.0010075475129442 0.37816001903956 0.037483329627983 4 5 4 4 1
49.014231520432 8.4169966096517 115.30228424072 -0.006766 0.014009 2.2151943267949 -0.031939151172289 0.039082557954558 -0.049015817436754 0.012042239439305 -0.057509196031257 -0.14662759193249 -0.069878855079347 9.8027631804021 -0.0096181733615396 -0.0034995889282462 9.8041034921501 0.00014079424991595 0.00042204267887893 0.00092776612123713 0.00015370509508368 0.00042832512415137 0.00092280487671761 0.37619144062565 0.031827660925679 4 5 4 4 1
49.014231566693 8.416996581132 115.29736328125 -0.006759 0.014033 2.2131913267949 -0.031258844047031 0.037183715500075 -0.047310384944391 0.011021896340518 -0.056868843552773 -0.14151526942579 -0.063798708812702 9.8080995374304 -0.0041834799967265 0.0024437888977431 9.8093267259938 -7.920673192497e-05 0.00036117858975272 0.00070772769395342 -6.9343598404413e-05 0.00036596003254186 0.00070630062411182 0.37676650594234 0.035355339059327 4 5 4 4 1
49.01423135259 8.4169967165097 115.32857513428 -0.006668 0.013706 2.2259513267949 -0.030994624737648 0.050050142055227 -0.055085917443144 0.02076689846502 -0.061359862555456 -0.13967811333154 -0.05858621971709 9.8045820544815 -0.0049897244354912 0.0069108110325917 9.8057478722956 0.00031568993900695 -0.00079905026591933 0.00073245347712393 0.00032580699391438 -0.00079407629915765 0.00073339951266149 0.37676650594234 0.029 4 5 4 4 1
49.014231679109 8.4169965147995 115.28257751465 -0.006734 0.014069 2.2093133267949 -0.029304651047648 0.034787525225105 -0.044274974486397 0.010424058059119 -0.057027078246215 -0.1360035112493 -0.062227418919932 9.800360209811 0.0017064026996918 0.0039110533145663 9.8015008529842 0.00027840906327339 -9.8211501266288e-06 0.00019949742779216 0.00028119446164868 -8.4722795282195e-06 0.00019564734211763 0.37676650594234 0.035355339059327 4 5 4 4 1
49.014231395627 8.4169967087613 115.32201385498 -0.006662 0.013824 2.2233493267949 -0.030746406677719 0.048493177975349 -0.05389127716178 0.019816215606939 -0.060862816971708 -0.14356410859297 -0.062686678215356 9.8026969789928 -0.0082332154689165 0.0028663725503493 9.8039446790722 0.00056308272367311 5.2906284864779e-05 0.00077236794223913 0.00057371670292882 5.8044150871783e-05 0.00076415867564917 0.37676650594234 0.029 4 5 4 4 1
49.014231482372 8.4169966524703 115.30960845947 -0.006699 0.013899 2.2182103267949 -0.031052073498895 0.043237808445711 -0.050851110907877 0.015745440306916 -0.059333988709839 -0.1339752728067 -0.060126699693771 9.8060558696496 0.0023587388772276 0.0058838126093403 9.8071531068482 0.00066270649003243 -0.00020827699072347 0.00098541725751859 0.00067636053474412 -0.00020161549892747 0.00097746385788165 0.37619144062565 0.031827660925679 4 5 4 4 1
49.014231969841 8.4169961631108 115.24541473389 -0.006658 0.014286 2.1978193267949 -0.022551740325412 0.024319694131205 -0.032534514140659 0.0064444054872244 -0.055873790048617 -0.14572682944518 -0.064422959259351 9.8100662354054 -0.0054846464511401 0.0011389491692949 9.8113584149172 0.00040019295167834 -0.00037908073020166 0.0007241640843953 0.00041055888886041 -0.00037424313501053 0.00072088817676542 0.37816001903956 0.037483329627983 4 5 4 4 1
