49.014238813699 8.4169964577741 113.38990020752 -0.007425 0.014487 2.2362733267949 -0.014415461777263 -0.0041867838734655 -0.0087550579797006 -0.012193593491702 -7.6865814846244e-05 -0.14447223661773 -0.074989902073487 9.8066625093879 -0.0023259544418502 -0.0023094081320163 9.8080127173616 -0.00024358992226238 -0.00015888207988271 0.0010460633270726 -0.00022839584478093 -0.0001511081674343 0.0010506470561345 1.3993369858615 0.093338095116624 4 10 4 0 0
49.014238282532 8.4169971060418 113.33219909668 -0.007294 0.014551 2.2369473267949 -0.010214031488389 -0.0016693622924187 -0.0069982949132366 -0.0076247717520721 -0.0012547484322685 -0.14136205569976 -0.072632216840898 9.8081965497545 0.0014135218311675 -0.00098442197031324 9.8094841391927 0.00022009026472634 -0.00010780041758781 -0.00078497646649146 0.00020870562723363 -0.00011351246038095 -0.00078726465578745 1.396376023856 0.093338095116624 4 10 4 0 0
49.014238841221 8.4169964343492 113.39276885986 -0.007378 0.014466 2.2362323267949 -0.014606772760274 -0.0043070571355358 -0.0088315486899188 -0.01240613977299 -3.4364077762803e-06 -0.14153130252013 -0.069434285142021 9.8112797925343 0.00056672048982163 0.0031290059434122 9.8125458943074 0.00031788189390511 -0.00034022458595923 0.00067939679297574 0.00032773972174361 -0.0003351641299951 0.00067725148835245 1.3993369858615 0.093338095116624 4 10 4 0 0
49.014238752308 8.4169965162428 113.38291168213 -0.007416 0.014503 2.2363913267949 -0.013914029322416 -0.0040567745552533 -0.0084390380196773 -0.011783050389158 -0.00021670210559181 -0.14140935511216 -0.068135450141441 9.8103349895242 0.00088366342720154 0.0044272689502138 9.8115896012817 -0.00033239555570955 -3.9952613417477e-05 0.00031445011763679 -0.00032780910221 -3.7629942307149e-05 0.00031951670601285 1.3985596161766 0.094047860156412 4 10 4 0 0
49.014238199342 8.4169972247474 113.32350158691 -0.007238 0.014558 2.2370283267949 -0.0095494410554202 -0.0012627505842459 -0.0067270249568716 -0.0068944556574401 -0.0012837214048391 -0.14121043639676 -0.07457420294798 9.8062687458767 0.0013743629399926 -0.0035871844255999 9.807568114247 2.4358859505592e-05 0.00029483104383245 0.00043770906907409 3.0661401648798e-05 0.0002979970592058 0.00043518300493781 1.3948225693614 0.094047860156412 4 10 4 0 0
49.014238639068 8.4169966314563 113.36947631836 -0.007327 0.014488 2.2366453267949 -0.01270358332138 -0.0033537938884824 -0.0079190299424747 -0.01048418069343 -0.0004386138868275 -0.14230976757069 -0.076254773444217 9.8106210134691 1.3591429346965e-06 -0.0043619518952326 9.8119486489013 2.7904702814195e-06 -0.00034351916296794 0.0013778855900779 2.2803713931139e-05 -0.00033339129440596 0.0013801536515071 1.3985596161766 0.094047860156412 4 10 4 0 0
49.014237988049 8.4169975251202 113.3024597168 -0.007199 0.014567 2.2374083267949 -0.007359457199375 4.5732579955622e-05 -0.0058125797719506 -0.0045141640828432 -0.0017363280971071 -0.13910590204792 -0.073390204036183 9.8065681130146 0.0036766470818781 -0.0027886138449502 9.807828150306 8.9003203118941e-06 0.00010112542569691 0.0014318674522731 2.975240027176e-05 0.00011143264960827 0.0014308456170329 1.3934159465142 0.094047860156412 4 10 4 0 0
49.014237977587 8.416997541923 113.30142211914 -0.007206 0.014509 2.2373923267949 -0.0069551895993969 0.00027451537561657 -0.0056359953422218 -0.0040848051964087 -0.0017729815712516 -0.14655216563897 -0.072947358785562 9.8089704377188 -0.0038661442016459 -0.002209800383596 9.8103353532104 0.00011406920484054 -0.00067582210111644 -0.00015132313035306 0.00011196792934629 -0.00067689308051034 -0.00014807049881665 1.3934159465142 0.094047860156412 4 10 4 0 0
49.014238471912 8.4169968450876 113.35179138184 -0.007359 0.014537 2.2367253267949 -0.011294290328387 -0.0024568984031713 -0.0073635825330199 -0.0089092644589428 -0.00080617233631549 -0.14520275882268 -0.069267553056141 9.804696618308 -0.0028670941402415 0.0025832178914258 9.8060154822565 -0.00054428226677698 0.00033309786328142 0.00066455873056493 -0.00053462461052439 0.00033800229363579 0.00066991157831974 1.396376023856 0.093338095116624 4 10 4 0 0
49.014238542309 8.4169967504772 113.35941314697 -0.007343 0.014532 2.2366043267949 -0.012099228875572 -0.0028303093887852 -0.0077668401179009 -0.0096993923822671 -0.00063518186800836 -0.14560848776323 -0.074860678683062 9.8093224277647 -0.0030554282846222 -0.0031251994725625 9.8106878626495 -0.00051348902015539 -3.2946707365827e-05 0.00029358575116936 -0.00050914778669528 -3.0775732875929e-05 0.00030128277905686 1.3985596161766 0.094047860156412 4 10 4 0 0
49.014238431555 8.41699690232 113.34750366211 -0.007309 0.014518 2.2367213267949 -0.011224828687334 -0.0024010532527907 -0.0073430670335817 -0.0088227652163315 -0.00091823556028561 -0.14746882251296 -0.070508443517252 9.8131862029395 -0.004776701998686 0.0013997731508376 9.8145460059745 0.00034056771204737 -0.00042579172287728 -0.00012085630099185 0.00033883956458851 -0.00042661960019155 -0.00012264101869684 1.396376023856 0.093338095116624 4 10 4 0 0
49.014238654272 8.4169966119519 113.37161254883 -0.007303 0.014464 2.2365553267949 -0.013090924977108 -0.003716560799265 -0.0080001798286275 -0.011008281858985 -0.00039557455660295 -0.14282877308139 -0.067313046395395 9.809610683479 -0.00050544885240711 0.0045994790782518 9.8108806126271 0.00049817716897058 -0.00082195578185039 0.0007754860990036 0.00050945804516102 -0.00081616360496922 0.00077412940069318 1.3985596161766 0.094047860156412 4 10 4 0 0
49.014238404537 8.4169969376795 113.34481048584 -0.007362 0.014497 2.2368373267949 -0.01118603053893 -0.0022711328613851 -0.0073923980628508 -0.0086970003397636 -0.00085115152560811 -0.1449458115941 -0.071998514273229 9.812291997702 -0.00246498313275 -5.1870152762843e-05 9.8136261628306 -0.00051930628174267 -0.0004433386619314 0.00099126806160634 -0.00050480786620562 -0.00043604276315933 0.0010019319809513 1.396376023856 0.093338095116624 4 10 4 0 0
49.014237951087 8.4169975793531 113.29940032959 -0.00724 0.014529 2.2375433267949 -0.0065809839917988 0.00038170719771693 -0.0054078451452269 -0.0037696510007813 -0.0018674670702785 -0.14366937753443 -0.073832020085017 9.8045830635548 -0.0010662720049068 -0.0030691936623787 9.8059134455814 -0.00038774126700977 -0.00030345942171974 0.00098632180966974 -0.00037335187822326 -0.00029636308522509 0.00099401163015168 1.3934159465142 0.094047860156412 4 10 4 0 0
49.014238859776 8.416996412978 113.39524078369 -0.007356 0.014487 2.2362263267949 -0.014766083385145 -0.0042756999074424 -0.0089767431565108 -0.012479464060237 0.00012888704218992 -0.14560183543785 -0.074420503746109 9.8088498751636 -0.0035369403430847 -0.0019095903846795 9.8102118117557 0.00064042389795046 3.8191379115367e-05 0.0012333298648342 0.00065821712340033 4.7308685610852e-05 0.0012236136061198 1.3993369858615 0.093338095116624 4 10 4 0 0
49.01423832609 8.4169970458178 113.33667755127 -0.00729 0.01458 2.2369803267949 -0.010420782398747 -0.0018711391229801 -0.007036375965349 -0.0079109614040567 -0.0012085310344624 -0.14347617626628 -0.070667056727303 9.8053313754057 -0.00077378549053371 0.00085690251993958 9.8066356869313 9.0121319141423e-05 0.00045268687851245 0.00031257132801306 9.4618778316412e-05 0.00045496374793098 0.00030791357253881 1.396376023856 0.093338095116624 4 10 4 0 0
49.014238602947 8.4169966728435 113.36590576172 -0.007316 0.014543 2.2366413267949 -0.012466030245917 -0.0033328932205514 -0.0077447783574223 -0.010321263470678 -0.00054199468779442 -0.13952996016971 -0.070906350839253 9.8021601831447 0.0027407509730253 0.00069635429374405 9.8034092962418 -0.00019218493493882 0.00047618697094694 0.00083400328781025 -0.00018007629204409 0.00048230088905977 0.0008332330404156 1.3985596161766 0.094047860156412 4 10 4 0 0
49.014237932264 8.4169976091306 113.29788970947 -0.007141 0.014531 2.2376963267949 -0.0058424605772937 0.00079719935243085 -0.0050839996045439 -0.0029871244626062 -0.0019964204197334 -0.14614615819594 -0.071944893549966 9.8096772584002 -0.0034060147084825 -0.0015601102685993 9.8110287443268 0.00060627095973722 -0.00037602068595732 0.0012584460170196 0.00062456330253526 -0.00036698653714704 0.0012521321551748 1.3934159465142 0.094047860156412 4 10 4 0 0
49.014238671394 8.4169965962923 113.37351989746 -0.007307 0.014511 2.2364653267949 -0.013255237042761 -0.0037472255652736 -0.0081110621396942 -0.011133448665441 -0.00038882952369915 -0.14627270309004 -0.072043556385229 9.8098892779708 -0.0039511908611881 -0.00011644035886712 9.8112434313393 0.00044904058334342 2.4091129807547e-05 0.00017043910927393 0.0004514459565497 2.5389594961121e-05 0.00016372753771554 1.3985596161766 0.094047860156412 4 10 4 0 0
49.014238768119 8.4169965021943 113.38465118408 -0.007398 0.014476 2.2364003267949 -0.014024855351174 -0.0039849372841367 -0.0085709919332944 -0.011794678364206 -0.00018368770702263 -0.14643844308568 -0.06992709925535 9.8084550278809 -0.0042627894107207 0.0026877826072395 9.8097959046683 9.5803742007801e-05 -0.00037358052077483 0.0011387534700713 0.0001123165881119 -0.00036515597750812 0.0011399682651618 1.3985596161766 0.094047860156412 4 10 4 0 0
49.014237963313 8.4169975636005 113.3002243042 -0.007232 0.014504 2.2374643267949 -0.0067880537093843 0.00038588520305022 -0.0055733881803127 -0.0038940949323314 -0.0017921156680644 -0.14369606825748 -0.071376880174104 9.809194672941 -0.00098310459388862 -0.00058010901622687 9.8105066690761 -0.00024806303725502 -0.00081146429563598 0.00064123506560413 -0.00023865610600268 -0.00080678189564896 0.00065060765621138 1.3934159465142 0.094047860156412 4 10 4 0 0
49.014238358602 8.4169970035559 113.33986663818 -0.007314 0.014534 2.2369583267949 -0.010506555616794 -0.0018563495486655 -0.0071131699132051 -0.0079521437070564 -0.0010609273079637 -0.13667246167127 -0.068816507518159 9.8099756933188 0.0060536447657003 0.0028267431837837 9.8111666607174 -0.00018013290063985 -0.00028598321909825 0.00033655285033167 -0.00017514080991663 -0.00028356637871871 0.00034121557923145 1.396376023856 0.093338095116624 4 10 4 0 0
49.014237908235 8.4169976451206 113.29625701904 -0.007089 0.014609 2.2378313267949 -0.0049046591422247 0.0013353203312286 -0.0046795726756259 -0.0019850582806431 -0.0021733112016453 -0.13808574606466 -0.072561562062283 9.8026600929591 0.0048677933573354 -0.002815185477942 9.8038995563502 0.00047949599845566 0.00043045640558469 0.00058184480779172 0.00048787094932668 0.00043457701789598 0.0005717164163969 1.3934159465142 0.094047860156412 4 10 4 0 0
49.014238721861 8.41699654794 113.37924194336 -0.007439 0.014512 2.2363733267949 -0.013669429761508 -0.0040266254807221 -0.008264947301655 -0.011608515305437 -0.0001978324856952 -0.14379031712769 -0.073188393478518 9.8074930157935 -0.0015916306991702 -0.00051593258317659 9.8088202183715 -0.00050409862045089 0.00020790739828133 -0.00039657769026241 -0.00050983815687862 0.00020493521100531 -0.00039075372187803 1.3985596161766 0.094047860156412 4 10 4 0 0
49.014238254466 8.4169971441455 113.32939147949 -0.007252 0.01453 2.2370463267949 -0.0099833121522686 -0.0013623531102004 -0.0070067541069963 -0.0072407134304456 -0.0011985502638836 -0.14528064679779 -0.073439048751113 9.8109559763644 -0.0026232274412133 -0.0019279679731857 9.8123059174026 0.00065354766726452 -0.00021202071133717 0.0011878109584399 0.00067076507901346 -0.0002033965567064 0.0011796956756968 1.3948225693614 0.093338095116624 4 10 4 0 0
49.014238093267 8.4169973707931 113.31275939941 -0.007204 0.014572 2.2370913267949 -0.0088664695591503 -0.00071169726535043 -0.0065302618761211 -0.0060395747786257 -0.0014909168158501 -0.14026124342813 -0.06896736921311 9.8055036788057 0.0024016182068503 0.0017606928366334 9.8067487893672 0.00017510730648141 0.00038505029012184 0.00035497034375339 0.0001802227077255 0.00038758794040333 0.00034962592273747 1.3948225693614 0.094047860156412 4 10 4 0 0
49.014238695579 8.4169965697696 113.3765411377 -0.00732 0.0145 2.2364973267949 -0.013393192166937 -0.0038266421513606 -0.008170631981439 -0.011281025285137 -0.00029848250458288 -0.14020806846766 -0.071575857524315 9.8064171908206 0.0019556051618308 0.00068933883248815 9.8076804243242 0.00086927745568661 2.7279008830826e-05 0.00089965176277568 0.00088221678643136 3.3896177449757e-05 0.00088673245461225 1.3985596161766 0.094047860156412 4 10 4 0 0
49.014238020919 8.4169974761691 113.30553436279 -0.00717 0.014578 2.2372113267949 -0.0079565494598248 -5.1441047977667e-05 -0.0062223722311388 -0.0049589801305249 -0.0015955310188324 -0.14293289480644 -0.064281259163562 9.8103597613797 -8.4322141583159e-05 0.0061177475975588 9.811609789112 0.00011955994656263 0.00027367122548626 6.9680627555005e-05 0.00012051065382282 0.00027415256988291 6.5952585889931e-05 1.3948225693614 0.094047860156412 4 10 4 0 0
49.014238503515 8.4169968064613 113.35482025146 -0.007335 0.014487 2.2367023267949 -0.011532798151207 -0.0026507695825245 -0.0074314989532409 -0.0092089550382756 -0.00071494862447739 -0.1432952483977 -0.074304970676059 9.8105855833037 -0.00096724841955194 -0.0023929499277267 9.8119131396726 -9.3877132563619e-05 -0.00038371340531624 0.00045449720321788 -8.7219854241017e-05 -0.00038036069450736 0.00045859467777275 1.396376023856 0.093338095116624 4 10 4 0 0
49.014238003751 8.4169974992888 113.30405426025 -0.007217 0.014547 2.2373223267949 -0.0077545386803461 9.452216206349e-07 -0.0060955942271763 -0.0047933939988578 -0.0017093560143468 -0.14315230747331 -0.072873409422758 9.8079003321784 -0.00031969363140618 -0.0023085540234813 9.8092154413502 -0.00038445741550676 -0.00030234421548216 0.00060652630221837 -0.00037554344438665 -0.00029798380043737 0.00061424205112756 1.3948225693614 0.094047860156412 4 10 4 0 0
49.014238786415 8.4169964853605 113.38668060303 -0.007408 0.014503 2.2363433267949 -0.014184282342616 -0.0040216891495761 -0.0086744478644102 -0.011921490173517 -0.00023467237383115 -0.13905533122902 -0.073736282469288 9.8065873679076 0.0031672930825652 -0.0010812833694801 9.8078499384818 1.7659309703043e-06 -3.1784553808464e-05 0.0012678521910993 2.0179095552335e-05 -2.237905859357e-05 0.0012679011522799 1.3993369858615 0.093338095116624 4 10 4 0 0
49.014238046335 8.4169974399178 113.30779266357 -0.00714 0.014523 2.2372243267949 -0.0081706862669247 -0.00021251882276975 -0.0062914162930256 -0.0052176100506831 -0.0016276921420352 -0.14612645489254 -0.076645677483149 9.8113722560931 -0.0032812340541628 -0.0063141498031413 9.8127568124871 0.00050003074920558 -0.00065405464818773 0.0012778679225757 0.00051859085601234 -0.00064491662759525 0.0012750870299546 1.3948225693614 0.094047860156412 4 10 4 0 0
49.014238119524 8.4169973343224 113.31545257568 -0.007209 0.014545 2.2370803267949 -0.0090204480970413 -0.00064827240342019 -0.0066906608728475 -0.0060847273608619 -0.0014005788659865 -0.14509126351112 -0.070155222151371 9.8105482974854 -0.0023293665858925 0.00066664793163047 9.8118716362268 0.00018718984870531 -0.00014509531980057 0.00063839422909126 0.00019648909671638 -0.00014046809859154 0.00063663127414039 1.3948225693614 0.094047860156412 4 10 4 0 0
49.014237925832 8.4169976195503 113.29732513428 -0.007151 0.014583 2.2377353267949 -0.0056388844876825 0.00072690118545983 -0.0048803670662823 -0.0029167495006174 -0.0021424762590718 -0.14321992662051 -0.069615469741002 9.8054262679486 -0.00050097127624197 0.00057729424807419 9.8067196561156 0.00014924472898792 0.00047367531174385 0.00086793235242012 0.00016184835910097 0.00047987662134521 0.00086226824077325 1.3934159465142 0.094047860156412 4 10 4 0 0
49.014237940971 8.416997593293 113.29866027832 -0.007184 0.014562 2.2375883267949 -0.0061743423272591 0.00060559860379445 -0.0052265372324228 -0.0033425451221136 -0.0020001665345915 -0.13859734463363 -0.074559940528393 9.8079668918579 0.0041418326474381 -0.0038184642724034 9.809227696625 0.00052148406555187 0.00013501808197517 0.0007404818824608 0.00053220755138384 0.00014032448533357 0.00073181654974079 1.3934159465142 0.094047860156412 4 10 4 0 0
49.014238226805 8.4169971875001 113.32626342773 -0.007271 0.014553 2.2370213267949 -0.0096998147595703 -0.0013348888959921 -0.006800748473007 -0.0070440158085628 -0.0012677471336309 -0.13846691450181 -0.069663518775772 9.8044620790773 0.0041298316623009 0.0016056643771289 9.8056862623003 -2.6044800572087e-05 0.00012513373571686 0.0005145949509553 -1.855497097729e-05 0.00012884978183132 0.00051400646877042 1.3948225693614 0.094047860156412 4 10 4 0 0
49.014238150399 8.4169972918729 113.31855773926 -0.007229 0.014596 2.2370333267949 -0.009270714488294 -0.0010263631095126 -0.006653950100474 -0.0065363999176534 -0.0014631932604674 -0.14267574677044 -0.074981507079191 9.8046377907345 -6.7601329616783e-06 -0.0041221001098452 9.8059617442416 -1.857626408339e-05 0.00076647915277813 0.00048427911634531 -1.1597799567104e-05 0.00076993454812807 0.00047891283147473 1.3948225693614 0.094047860156412 4 10 4 0 0
49.014238572984 8.4169967088716 113.36283111572 -0.007284 0.014483 2.2366063267949 -0.01235720805065 -0.0031206914394349 -0.0077902427234249 -0.010087189192705 -0.00067156611889559 -0.14569586431606 -0.074641451865054 9.8074865650026 -0.0033739628302386 -0.0030023504979449 9.8088514768215 0.00037963940073806 -0.00051610632238275 0.00012711666305684 0.00038149812656201 -0.00051516244147377 0.00012536983184903 1.3985596161766 0.094047860156412 4 10 4 0 0
49.01423806632 8.4169974118315 113.30976867676 -0.007166 0.014505 2.2371353267949 -0.008539129208571 -0.00056254952058442 -0.0063648033101733 -0.0057203648544963 -0.0015858427428938 -0.13884624387197 -0.070820299835236 9.8090551128526 0.0038231045885694 -0.00030443967286433 9.8102924423029 0.0004221904845496 -0.00071926800524407 0.00012554081208056 0.00042401056921807 -0.00071830398441035 0.00012451197863533 1.3948225693614 0.094047860156412 4 10 4 0 0
49.01423852191 8.4169967761407 113.35723876953 -0.007336 0.014518 2.2366863267949 -0.011872173027873 -0.0027396821910103 -0.0076438119509191 -0.009488233739674 -0.00075184278969446 -0.14243858752244 -0.070873234549239 9.803433019279 -0.00012721062934003 0.00074623979714293 9.8047236847859 -0.00052750519928288 -1.2105829004732e-06 0.00086130201409337 -0.00051492864672323 5.1097354328046e-06 0.00086883111243543 1.396376023856 0.093338095116624 4 10 4 0 0
49.014238376478 8.4169969782698 113.34178924561 -0.007331 0.01455 2.2369683267949 -0.010830079968139 -0.0019316961278254 -0.0073215229529885 -0.0082108217224401 -0.0010308670636275 -0.1450982952249 -0.075406749964204 9.8066845736105 -0.0025089274127694 -0.0034696088943893 9.8080470098341 6.138412733884e-05 0.00014462982241077 0.0017554399374617 8.6903935428265e-05 0.00015750695988104 0.0017532400474334 1.396376023856 0.093338095116624 4 10 4 0 0
49.014237916889 8.4169976337545 113.29672241211 -0.007139 0.014534 2.2378073267949 -0.0053282998461649 0.0010279070069245 -0.0048224372657841 -0.0024882855254049 -0.0021563507110166 -0.14439358309105 -0.076259449130973 9.8140335861261 -0.0013496367429412 -0.0060876962186245 9.8153900854371 0.00020298130636666 -0.00076030934279952 0.0015489579047056 0.00022556480917741 -0.00074921432979669 0.0015512139865807 1.3934159465142 0.094047860156412 4 10 4 0 0
