49.014246473293 8.416968533379 113.43824768066 -0.006675 0.014732 1.9593733267949 0.0083309142926268 0.014692284590758 0.0021438911079419 0.016753242486576 -0.013105241276856 -0.14064858199181 -0.068683690798216 9.8135423937106 0.0040572328689904 -0.0030722320273855 9.8147891586309 0.00030863682134287 -0.00020397062011922 0.001357207072481 0.00032865669569532 -0.00019485548608057 0.0013538171190472 0.3762937682184 0.026172504656605 4 5 4 4 0
49.014248588667 8.4169697567108 112.97002410889 -0.006711 0.014983 1.9507693267949 0.018714099256614 -0.0014146439286318 0.017903883173016 0.0056275850410447 -0.0087127530906696 -0.14295190752741 -0.067609681206168 9.8085969161154 0.0039994429171859 -0.0017218800741788 9.809870590458 0.00016360125946474 2.1502464327673e-05 -0.00064791696391777 0.00015392576319196 1.7219910051582e-05 -0.00065040336027466 0.39020251152446 0.036069377593743 4 5 4 4 0
49.0142462521 8.4169683996761 113.50428771973 -0.006751 0.014757 1.9588613267949 0.0063981965169433 0.013651182994219 0.00075920114601093 0.015057068304709 -0.01102951321265 -0.14531766243855 -0.067879748122175 9.8045172328397 -0.00056091669833225 -0.0021134230308809 9.8058288331809 -0.00061639285170581 -0.0001514070338958 0.0010136805497041 -0.00060134444466496 -0.00014459462041457 0.0010236697949513 0.37489865297171 0.029 4 5 4 4 0
49.014246313331 8.4169684450824 113.48754882812 -0.006662 0.014734 1.9585613267949 0.0068799785095677 0.014055626701264 0.0010524177906438 0.015613694763771 -0.011293499265487 -0.14166679463483 -0.067548543967051 9.8065721352149 0.0029517193589162 -0.0018890173726314 9.8078276414754 0.00071709112167216 -0.00016636553372273 -0.00022564815078159 0.00071370482857034 -0.00016783351875527 -0.000235081569847 0.3762937682184 0.026172504656605 4 5 4 4 0
49.014248007108 8.4169688834421 113.13815307617 -0.00671 0.014996 1.9519173267949 0.023369870918657 0.0045509037611173 0.020001271291499 0.012915491179506 -0.013247620157913 -0.14517396134392 -0.069642499891145 9.8097115565568 0.0018221220957433 -0.0040943936015466 9.8110320393498 -0.00044496558954538 0.0002674901432698 0.00085875754784676 -0.00043206610253153 0.00027325010204636 0.00086353059869504 0.39041004085448 0.0367695526217 4 4 5 5 0
49.014246970962 8.4169688787271 113.28726959229 -0.006609 0.014729 1.9559793267949 0.010064868820915 0.016804185175209 0.0030173149400091 0.019354010005075 -0.016128389627192 -0.14104993168259 -0.06912920561781 9.8081325849506 0.0034882564137535 -0.0042605846959014 9.8093887514275 0.00019801062890301 -0.00018687943409683 -1.9693142696061e-05 0.00019772035038495 -0.0001869934969281 -2.1348307277709e-05 0.37966827626232 0.021931712199461 4 5 4 4 0
49.014246285531 8.4169684287088 113.49523925781 -0.00671 0.014734 1.9587343267949 0.0066169577049848 0.013888990995505 0.00087270056778958 0.015359899169349 -0.011095809776922 -0.15022222088263 -0.070980074661694 9.8143713190527 -0.0052312967500267 -0.0050854092835224 9.8157749318201 0.00014962435971474 -0.00069250324563524 0.0015834548184504 0.00017306267828369 -0.0006818458259456 0.0015856837439263 0.3762937682184 0.026172504656605 4 5 4 4 0
49.014246900785 8.4169688402713 113.3041305542 -0.006574 0.014771 1.9567563267949 0.0099833529864098 0.016884562461403 0.002895592097871 0.019400285421644 -0.016318377644372 -0.1408710059035 -0.064375024608518 9.8043365099483 0.0037942142802006 0.0003742827676766 9.805559175012 0.00064383996268852 0.00025694697178202 -6.836173214822e-05 0.00064272813776179 0.00025654000201374 -7.9563568360517e-05 0.37966827626232 0.021931712199461 4 5 4 4 0
49.014248607272 8.4169698371088 112.95864868164 -0.006682 0.01492 1.9508693267949 0.018242022733404 -0.0011398237554999 0.017363726982759 0.0057071196852155 -0.0087891008197925 -0.13977679992266 -0.068543216028771 9.8123962029672 0.0071218008617752 -0.002667497146401 9.8136286098567 0.00055937954456573 -0.00091734836761869 0.0017960496660375 0.0005862488782019 -0.00090532072564563 0.0017935679470523 0.39020251152446 0.036069377593743 4 5 4 4 0
49.014246402871 8.4169684987209 113.46055603027 -0.00668 0.014761 1.9589493267949 0.0076298271676756 0.014262671883442 0.0016623245180581 0.016089596791049 -0.012097705382883 -0.14019505314152 -0.067415089483058 9.8079630846771 0.0044223709434513 -0.0017594729182998 9.8091955186735 0.00037793214905987 0.00035410647913644 0.00053669899681405 0.00038576263811822 0.00035765466469194 0.00052869013659191 0.3762937682184 0.026172504656605 4 5 4 4 0
49.014246364696 8.4169684762091 113.47261047363 -0.006743 0.01472 1.9588303267949 0.0071495652910336 0.014240074340469 0.0012297413799714 0.015886613694984 -0.011696875693006 -0.14696082861352 -0.070775833283494 9.8082044065467 -0.0023790181132178 -0.0049225453507385 9.8095591807103 -0.00039818300277238 -0.00032334214384006 0.0012394350828129 -0.00037983983838139 -0.00031498808821014 0.0012473192571916 0.3762937682184 0.026172504656605 4 5 4 4 0
49.014246153771 8.4169682400446 113.5447845459 -0.006714 0.014781 1.9605683267949 0.0068411153576408 0.011717924217985 0.0018783270879117 0.013438178428835 -0.01054167328274 -0.14153748686432 -0.068835013590741 9.8107084794021 0.003580044519093 -0.0027109385620029 9.8119697075142 0.00059883255699133 -0.00028687015383188 -0.00056205223860458 0.00059051210598737 -0.00029062225532162 -0.00056890729679682 0.37489865297171 0.029 4 5 4 4 0
49.014246613983 8.4169686206581 113.39122772217 -0.006651 0.014769 1.9593303267949 0.0092364552871661 0.015428876708265 0.0027054205371021 0.017777611917661 -0.014746732042826 -0.14563913667649 -0.069984873017912 9.8097847210571 -0.00081949655261534 -0.0044422698382515 9.8111143770235 0.00075411413238192 9.7309074837267e-05 -0.00078341353113151 0.0007424270623947 9.2085490968623e-05 -0.00079509070484855 0.3762937682184 0.026172504656605 4 5 4 4 0
49.014246442371 8.4169685187133 113.44850158691 -0.00668 0.014749 1.9592193267949 0.0080648243861189 0.014477559898704 0.0019805232508245 0.016453532822772 -0.012591618514458 -0.14468801256596 -0.066419877097504 9.8072788957624 -6.298204365607e-05 -0.00097333362058296 9.8085711850177 -6.1533837653046e-06 7.9310007740445e-05 0.00071576602971401 4.4083728417572e-06 8.4085173045796e-05 0.00071521413760332 0.3762937682184 0.026172504656605 4 5 4 4 0
49.01424857632 8.4169696406279 112.98068237305 -0.006685 0.014997 1.9510883267949 0.020375233321242 -0.00017873502650791 0.018986393742054 0.0073958295663581 -0.0098912794352347 -0.14483688411283 -0.065203288406549 9.8043710508508 0.0021664752181583 0.00024212927820484 9.8056574861224 -0.00022560539587891 3.6558749394336e-05 0.00071914431231157 -0.00021480910867205 4.1333900255909e-05 0.0007222102731424 0.39020251152446 0.036069377593743 4 5 4 4 0
49.014247947023 8.416968785847 113.14850616455 -0.006646 0.014993 1.9520473267949 0.023708813085838 0.004983188322087 0.020152935195592 0.013446153414646 -0.014688989475789 -0.14501842548288 -0.06802116555958 9.8097254967621 0.002064192026591 -0.0025220842347131 9.8110326366836 0.00058698304415095 -1.4787380680646e-05 0.00042276502443878 0.00059328751390141 -1.1956792297536e-05 0.00041401536050475 0.39041004085448 0.0367695526217 4 4 5 5 0
49.014248502983 8.4169694439378 113.01461029053 -0.006675 0.015026 1.9510193267949 0.02343299134721 0.002195545469829 0.020944325925367 0.010735964335627 -0.012491751196951 -0.14861475057002 -0.069578335737879 9.8061419190467 -0.0011307356115158 -0.0042904255511438 9.8075140721093 -0.00034016784677582 -0.00028308263498025 0.00016772015663583 -0.00033753839471131 -0.00028194586793534 0.00017471120339986 0.39020251152446 0.0367695526217 4 5 4 4 0
49.014247596224 8.4169688016222 113.30708312988 -0.006568 0.014877 1.9537323267949 0.020948615910662 0.010251781851277 0.015604963366544 0.017332831197132 -0.0067346314502404 -0.145343655051 -0.063652898569191 9.8126564229464 0.00083449697099597 0.0011300383003463 9.8139393350605 0.00080184622859081 -0.00014456021763246 -0.00045114401271435 0.00079506694204378 -0.00014753157619343 -0.00046211132553547 0.39041004085448 0.0367695526217 4 5 4 4 0
49.014247163188 8.4169689299333 113.25750732422 -0.006651 0.01474 1.9544923267949 0.011793579745719 0.015925287246794 0.0049753093676157 0.019181992705027 -0.015415060406632 -0.14289256383284 -0.070810546583588 9.8050687042467 0.0015734441290325 -0.0059220895119402 9.8063636725419 -0.0005284343224409 0.0001686059314925 0.00031388522391868 -0.00052376778559345 0.00017070611841483 0.00032052495009414 0.37966827626232 0.018439088914586 4 5 4 4 0
49.014247554612 8.4169688082673 113.3051071167 -0.006635 0.014856 1.9539183267949 0.019922368949595 0.010320590249687 0.014621351242503 0.017018489765954 -0.0067951361583669 -0.14706854575144 -0.069070130386208 9.8072385769532 -0.0012466847787224 -0.0040886952230812 9.8085833146191 -3.1298700911318e-05 8.7394737606849e-06 -0.00066930709468178 -4.1230275638957e-05 4.2934104890911e-06 -0.00066883539692152 0.39041004085448 0.0367695526217 4 5 4 4 0
49.014248361891 8.416969154134 113.07176971436 -0.006638 0.015076 1.9514183267949 0.026187506722045 0.0035859149040168 0.022981867787955 0.013056743874542 -0.0132253132971 -0.14299036466603 -0.066461472833177 9.8078157501492 0.0047467585109665 -0.0014236981081517 9.8090819284096 -6.3796706549266e-06 0.00025997045865024 0.0002758271655001 -2.2591998646495e-06 0.00026177432681018 0.00027415783860936 0.39020251152446 0.0367695526217 4 5 4 4 0
49.014246647021 8.4169686538716 113.37977600098 -0.006676 0.014751 1.9590973267949 0.009301029232503 0.015650514549563 0.0026872171567043 0.018006324947672 -0.015118492218934 -0.14147394912629 -0.06835411932041 9.8076478937895 0.0031458754734665 -0.0029294981043087 9.8089053943069 4.3106786422069e-05 6.7763949408283e-05 0.00076247297988112 5.4350932670908e-05 7.2887437028047e-05 0.00076128495313354 0.3762937682184 0.026172504656605 4 5 4 4 0
49.014248431641 8.416969319135 113.04601287842 -0.006644 0.015079 1.9510953267949 0.024950540854246 0.003407696113918 0.021903576585859 0.012424791498322 -0.012932552583465 -0.14802050412538 -0.064511339946987 9.8097823517976 -0.00010989849292371 0.0005012359133041 9.8111111772004 -0.0002366916362838 -3.2313927977498e-06 0.00036222713131003 -0.00023118851319678 -8.894983295725e-07 0.00036575505446704 0.39020251152446 0.0367695526217 4 5 4 4 0
49.014248289378 8.4169690661578 113.08891296387 -0.00668 0.015066 1.9515513267949 0.025854598811247 0.0033064342613384 0.022775205153127 0.012676083081442 -0.013225607300468 -0.14983521577432 -0.072817755243497 9.8065735962463 -0.0021076303951853 -0.0074741829631304 9.807985566717 -0.00012698851294869 0.0001651897363715 0.00071367835597743 -0.0001162621066805 0.00016995848266613 0.00071439227252744 0.39020251152446 0.0367695526217 4 5 4 5 0
49.014246141038 8.4169681989796 113.55281066895 -0.006755 0.01478 1.9611633267949 0.0073036302270465 0.0113149787317 0.0024515989448578 0.0132425163837 -0.010617295604665 -0.13990939030271 -0.065384847995971 9.8090337430054 0.0050899634490272 0.00078927984474796 9.8102478327921 -2.0314620709746e-05 -0.0001606963865217 -0.00077790883716792 -3.1803698070579e-05 -0.00016596759390669 -0.00077642413729736 0.37489865297171 0.029 4 5 4 4 0
49.014247191903 8.416968924905 113.25648498535 -0.006625 0.014716 1.9544363267949 0.012298990264565 0.015458660610904 0.0056198384191309 0.018938102484875 -0.014958022142515 -0.14546557091197 -0.070903315963944 9.8075638172056 -0.00092173362485018 -0.0060345500484874 9.8088967842277 -0.00012123486771089 -0.00031759376919965 0.00034510587990659 -0.00011607365167682 -0.00031530406473843 0.00034896555077339 0.37966827626232 0.018439088914586 4 5 4 4 0
49.014248507546 8.4169694774115 113.00679016113 -0.006658 0.014991 1.9510733267949 0.022647626639717 0.0017353784479057 0.020385231591169 0.010018429364225 -0.011925850704814 -0.14058912403764 -0.066165633585601 9.8121080412528 0.0067195290455843 -0.00082187841388437 9.8133362207209 7.8565870730532e-07 -0.00042551033007925 -0.00012217878449833 -9.7125484471387e-07 -0.00042630096643424 -0.00011932250119491 0.39020251152446 0.0367695526217 4 5 4 4 0
49.014248238527 8.4169690196697 113.09980773926 -0.006701 0.015041 1.9515153267949 0.025357410444148 0.0034384052131597 0.022264096887213 0.01261470511428 -0.012908899637509 -0.14345748633646 -0.068550840235484 9.8098425836712 0.0042257884124527 -0.0029935711653958 9.8111295811455 -0.00016555316171007 -8.4103681326103e-05 -0.00024293005801704 -0.00016915044782253 -8.5726579394214e-05 -0.00023983772926273 0.39041004085448 0.0367695526217 4 5 4 5 0
49.014246507628 8.4169685516455 113.42675018311 -0.006641 0.014724 1.9593033267949 0.0085971808925434 0.014782438194147 0.0023564651853186 0.016937508081132 -0.013599356034878 -0.14386896087199 -0.070677876035657 9.8064180085308 0.00065014932258475 -0.0052665570878171 9.8077266221611 0.0006826213955327 -0.00018669003152742 1.3104688764858e-06 0.00068259521296919 -0.00018663977106194 -7.5072313818906e-06 0.3762937682184 0.026172504656605 4 5 4 4 0
49.014246990939 8.4169688850251 113.28369903564 -0.006596 0.0147 1.9556283267949 0.009989967710571 0.016753410639688 0.0029744789010435 0.019277630748689 -0.016048280517433 -0.14895878904468 -0.069670291262683 9.8086190621157 -0.0043517640821687 -0.0047923814745017 9.8099950027069 0.00042690360124011 -0.00080742246795673 0.00031782692020297 0.00043157358718363 -0.00080533325375333 0.00031686705187766 0.37966827626232 0.021931712199461 4 5 4 4 0
49.014247452814 8.4169688637433 113.27626800537 -0.0066 0.014801 1.9539293267949 0.017538493264316 0.011949829436281 0.011798857854231 0.017640382938889 -0.0096285123015298 -0.1445266964257 -0.07139658310092 9.811024135048 0.00072396902490808 -0.006343152069442 9.8123461147621 0.00063821566215274 0.00016937350153516 -0.0010926103665696 0.00062196661925795 0.00016216443920986 -0.00110305786861 0.39041004085448 0.0367695526217 4 5 4 4 0
49.014248647809 8.4169699549525 112.93958282471 -0.006693 0.015023 1.9507293267949 0.017696435262678 -0.0015869303964684 0.017023198597479 0.0050884513656572 -0.0086805461757093 -0.14572325389997 -0.073842552715329 9.8055014945432 0.0011565577392209 -0.0080317890375545 9.8068589336094 0.00029758475004765 0.00078663792007032 0.00058931503228278 0.00030627439519056 0.00079060996556914 0.00057944771406845 0.39020251152446 0.036069377593743 4 5 4 4 0
49.014246167872 8.4169682755348 113.5372543335 -0.006789 0.014778 1.9601143267949 0.0065745269840782 0.012241038087175 0.0014396388686584 0.013820124058789 -0.010660813960768 -0.14761725001954 -0.068363735848344 9.8087813450297 -0.0027804595538062 -0.0022559129706177 9.8101294237387 -0.00071392923736434 0.00012236697372825 0.00058356818974256 -0.00070524682529974 0.00012627349838761 0.00059318001521884 0.37489865297171 0.029 4 5 4 4 0
49.014248066572 8.4169689317676 113.12786865234 -0.006672 0.014987 1.9517803267949 0.023733224951839 0.0041317113703267 0.020496001710434 0.012658985487149 -0.013009653683651 -0.14949648990783 -0.07197729680587 9.8121642821819 -0.0022371041955398 -0.006523273078588 9.8135645579578 2.7003102090124e-05 -0.00026435485292808 0.00062696591823219 3.6424412125293e-05 -0.00026015193018507 0.00062824340759274 0.39041004085448 0.0367695526217 4 4 5 5 0
49.014247029213 8.4169688994008 113.27752685547 -0.006574 0.014743 1.9550973267949 0.010337267370471 0.016699627460513 0.0033243010741713 0.019356752179485 -0.015856537660957 -0.14376109947645 -0.071826342126852 9.807351307488 0.00082502500142223 -0.0071620480066886 9.8086651739766 0.00043882959215677 5.4638882009061e-06 1.3993908560834e-05 0.00043893278281032 5.5204517410863e-06 7.5583378385661e-06 0.37966827626232 0.018439088914586 4 5 4 4 0
49.014248481151 8.4169694138103 113.02514648438 -0.006621 0.015073 1.9509603267949 0.024119723130022 0.0028933516500341 0.021323786121186 0.011637406546016 -0.012676354941786 -0.14105376034579 -0.070137629118193 9.8110647678503 0.0066353073072155 -0.0048649355867205 9.8123261371206 0.00053193392215746 0.00033478069961505 0.00022741327919422 0.00053526387839432 0.00033631005622879 0.00021711965221333 0.39020251152446 0.0367695526217 4 5 4 4 0
49.014247381521 8.4169689192924 113.25442504883 -0.006577 0.014692 1.9541283267949 0.015435371523167 0.013223983257537 0.0093690721194889 0.01803729567666 -0.012170614476085 -0.14229647016863 -0.073255670057821 9.8096166956077 0.0025692614617584 -0.0083692436602417 9.8109182207069 0.00074540995011786 -0.0011699128745825 -0.00026382535986954 0.00074164129942909 -0.0011715917049723 -0.00026710177418345 0.37966827626232 0.018439088914586 4 5 4 4 0
49.014248499053 8.4169694965405 113.00511169434 -0.006673 0.015034 1.9511553267949 0.021926211621228 0.0013943070665188 0.01984165518607 0.0094345759227834 -0.011425957255851 -0.14571003460046 -0.073144424498198 9.8038026298603 0.0014596627619563 -0.0077940127192757 9.8051550012299 -0.00018859944986671 0.00037820652634678 0.00044834065815097 -0.00018189940863067 0.00038117490205265 0.00044859107935729 0.39020251152446 0.036069377593743 4 5 4 4 0
49.014246800388 8.4169687752293 113.33082580566 -0.006683 0.01476 1.9578573267949 0.0098501747442323 0.016897990949412 0.0027473136255364 0.01936544012369 -0.016144914231343 -0.1433486586805 -0.067260610041294 9.810132305673 0.0016445862968065 -0.0020700498688894 9.8114097787672 -0.00050598479550448 -0.00039601803967672 0.00023187363365262 -0.00050246817759344 -0.00039447753610648 0.00024193899248272 0.37966827626232 0.021931712199461 4 5 4 4 0
49.014248568031 8.4169696562858 112.98149871826 -0.006705 0.014978 1.9509723267949 0.019709549548356 -0.00053087680862252 0.018499672485667 0.0068197985319389 -0.0092240194187055 -0.14639430302192 -0.072408027092971 9.8115925784885 0.00066213914505434 -0.0066001751941249 9.812949580316 9.8892522273202e-06 -0.00020446001363971 0.00061471804773781 1.9126197702879e-05 -0.00020032726355821 0.00061586428601942 0.39020251152446 0.036069377593743 4 5 4 4 0
49.014247490701 8.4169688382045 113.28768920898 -0.006621 0.014832 1.9539643267949 0.018706061590324 0.011157494253847 0.013178855835463 0.017341350220463 -0.0083191185337824 -0.14386870816791 -0.071868119127871 9.8060505365804 0.001736331516802 -0.0068545550224624 9.8073666479189 0.00025323096251883 3.3657409995995e-06 9.8086346855688e-05 0.00025465199391894 4.020294983124e-06 9.4278691726163e-05 0.39041004085448 0.0367695526217 4 5 4 4 0
49.01424685523 8.4169688117616 113.31568145752 -0.006618 0.014761 1.9570783267949 0.0098250253238907 0.016907910104583 0.0027342165835761 0.019363164220507 -0.016190701516536 -0.14811450784546 -0.071001795077592 9.8129786087819 -0.0031898600683326 -0.0060448261288239 9.8143510232805 0.00015346937413868 -0.00016856071907625 -0.00082435132697858 0.00014129515112516 -0.0001740332820638 -0.00082534350951739 0.37966827626232 0.021931712199461 4 5 4 4 0
49.014248123978 8.4169689704386 113.11706542969 -0.006644 0.015009 1.9516233267949 0.024264836336598 0.0036908136280508 0.021154765071188 0.012445089233771 -0.012930987462213 -0.14254849018137 -0.063991758008375 9.8067066886265 0.0047952383978369 0.0012847642831247 9.8079501113425 0.00028747910818275 -0.00011618635438748 -0.00021877574785407 0.00028417653444788 -0.00011763113743772 -0.0002222869481506 0.39041004085448 0.0367695526217 4 5 4 5 0
49.014247243489 8.4169689294337 113.25366210938 -0.006624 0.014787 1.9543483267949 0.012935204103828 0.014828626416836 0.0064472065826516 0.018591411091604 -0.01437601147071 -0.14435424200804 -0.070029330701544 9.8088883198665 0.00035242744726407 -0.005258384800298 9.8101986607364 -0.00031781381743361 0.00067904128629276 0.00052028275462875 -0.00031010657460959 0.00068245372103218 0.00052047862582647 0.37966827626232 0.018439088914586 4 5 4 4 0
49.014246830768 8.4169687996204 113.32217407227 -0.006605 0.014801 1.9574543267949 0.0099053480673411 0.016957913025543 0.0027832660225459 0.019440684456749 -0.016173911464166 -0.1420738685366 -0.065452642925245 9.8069373138312 0.0028425721020046 -0.00042816878592661 9.8081844327855 0.0005652282027099 0.00037748264877949 0.00028852007206816 0.00056940033456427 0.00037942494826583 0.00027766030024382 0.37966827626232 0.021931712199461 4 5 4 4 0
49.014248526775 8.4169695630105 112.99601745605 -0.006698 0.015038 1.9511093267949 0.020691301736894 0.00012193069370854 0.019167842228212 0.0077934780906971 -0.010333325319877 -0.15137462848285 -0.069095533869411 9.8097391258783 -0.0040996860184905 -0.003440321957879 9.8111490716599 -0.00010049819347491 0.0004572618429075 7.7221067732296e-05 -9.9369910263047e-05 0.00045777068178704 7.5657110677325e-05 0.39020251152446 0.036069377593743 4 5 4 4 0
49.014247982958 8.4169688507297 113.1431427002 -0.006691 0.015011 1.9519413267949 0.023193155979824 0.0045789680053772 0.019826102453386 0.012876914565234 -0.013628874769651 -0.14188110114138 -0.066856898418624 9.8079744651657 0.0050314038189163 -0.001289308061664 9.8092270606369 -4.9642454763388e-05 0.00058697415646156 0.0004560740204888 -4.2876135172689e-05 0.00059001484014226 0.00045282472550969 0.39041004085448 0.0367695526217 4 4 5 5 0
49.014247855992 8.4169689149939 113.24261474609 -0.006599 0.014949 1.9516863267949 0.024953965582258 0.0089920367401705 0.019822700779687 0.017624497555383 -0.012310621777285 -0.14809593672411 -0.072794778771845 9.806480917687 -0.001095805998177 -0.0082271383195799 9.807865526064 -0.00035193957305301 -0.00048708154410314 0.00053746816521071 -0.00034383798745416 -0.00048349543043704 0.0005458581330669 0.39041004085448 0.0367695526217 4 4 5 4 0
49.014246194433 8.4169683123881 113.52715301514 -0.006699 0.014773 1.9598073267949 0.0066116846567316 0.012693384844981 0.0013077286394821 0.014252318630938 -0.010813006007299 -0.14436847268515 -0.068165176283447 9.8058141990941 0.00045636332429325 -0.0022710433380246 9.8071134117547 0.00055039636191557 -2.9888642853951e-05 0.00041767609370952 0.00055650675412447 -2.7065602186e-05 0.00040967237447026 0.37489865297171 0.029 4 5 4 4 0
49.014246722032 8.4169687204761 113.35514831543 -0.006659 0.014741 1.9582413267949 0.0095498747009527 0.016501640912532 0.0026092513230158 0.018886393227784 -0.015766159443207 -0.14670686703127 -0.067661730896113 9.810405014305 -0.0019207906089962 -0.0024046352863535 9.8117346659057 2.1373483199623e-05 -0.00031267412715031 0.00061513037817252 3.0475706943449e-05 -0.00030854859200337 0.00061682368145246 0.37966827626232 0.021931712199461 4 5 4 4 0
49.014248510963 8.4169695267094 113.00202178955 -0.006709 0.015007 1.9511623267949 0.021171960246324 0.00066686319132534 0.019411535521207 0.0084787104996245 -0.01058579393631 -0.14381397589229 -0.072501425602775 9.8066671026979 0.0034002175806504 -0.0069535244654598 9.8079867253977 -0.00047016988337042 -8.5344906566271e-05 0.00060698913549828 -0.00046098198760823 -8.1269970988359e-05 0.00061450225130825 0.39020251152446 0.036069377593743 4 5 4 4 0
49.014247690761 8.416968871976 113.30374908447 -0.006597 0.014918 1.9524873267949 0.022334324464957 0.010703458199312 0.01674690669314 0.018246230726003 -0.0061443605420896 -0.1408971788544 -0.067395033805119 9.8121129833067 0.0054430908163991 -0.0028889226432351 9.813353984222 -0.00015009531961712 0.00017584169503942 -9.3163888409889e-05 -0.00015145981404157 0.00017519531518511 -9.2090189905716e-05 0.39041004085448 0.0367695526217 4 5 4 4 0
49.01424840574 8.4169692239066 113.05828857422 -0.006605 0.015099 1.9512863267949 0.025987617207319 0.0038082970846908 0.022715816103068 0.013185247994704 -0.013323047799036 -0.14812263479514 -0.070279866851455 9.8045553775289 -0.00024963946221917 -0.0053486114700367 9.8059245218728 0.00039518429216322 0.00030094664181783 0.00061062985152861 0.00040433157454224 0.00030494368533113 0.00060260352641723 0.39020251152446 0.0367695526217 4 5 4 4 0
49.01424765868 8.4169688228166 113.30186462402 -0.006606 0.014907 1.9532283267949 0.021788741049404 0.010459841778513 0.016317828349832 0.017829349125102 -0.0064754795806284 -0.15199072903862 -0.068792030961876 9.8107774792381 -0.0056374777731787 -0.0041292049882046 9.8121932657077 -2.7574694944972e-05 -0.00013290302493393 -0.00022920862750375 -3.0994977457418e-05 -0.00013444310341624 -0.00022792778515462 0.39041004085448 0.0367695526217 4 5 4 4 0
49.014248563774 8.4169696922222 112.97898101807 -0.006674 0.014999 1.9509253267949 0.019073228513727 -0.0011314699963744 0.018132040690867 0.0060247105852825 -0.0089237575955281 -0.14317156981712 -0.067569295681765 9.8077323313576 0.0039354929165526 -0.0018222255686909 9.8090089508256 0.00049706286926143 -7.8134112507508e-06 0.0010013595856405 0.00051203574763848 -1.1168104506023e-06 0.00099382875998469 0.39020251152446 0.036069377593743 4 5 4 4 0
49.014246236987 8.416968378454 113.50953674316 -0.006716 0.014758 1.9592233267949 0.006439279836619 0.013413229488093 0.00088272464126836 0.0148526246076 -0.01099149360755 -0.14562103343778 -0.0741938559696 9.8067921431922 -0.00080119389904495 -0.0083967496075798 9.8081503998251 3.3294841224087e-05 -0.00022141815811462 0.00052565413808291 4.1094611764565e-05 -0.00021787513063421 0.00052658595920667 0.37489865297171 0.029 4 5 4 4 0
49.014247761918 8.4169689257063 113.29410552979 -0.006552 0.014951 1.9516443267949 0.023420210182156 0.010511199968996 0.017834629907302 0.018463967506953 -0.006948882028971 -0.14545727877187 -0.066743085010487 9.8039384993476 0.0011417639522465 -0.0024495796404579 9.8052443399664 0.00014538889968232 0.0001282068966128 -4.2253318023435e-05 0.00014471750252167 0.00012791480133713 -4.5262004011865e-05 0.39041004085448 0.0367695526217 4 5 4 4 0
49.014247940081 8.4169688453449 113.18161773682 -0.006569 0.015018 1.9518253267949 0.02501419875733 0.0066576692658282 0.020743595413194 0.015483558451736 -0.01467913530177 -0.14662886923776 -0.069041238946299 9.8081664746706 0.00067742772146112 -0.0042310893278419 9.8095045949886 0.00037976649407202 -9.1626592398628e-05 0.0010454211282728 0.00039542634538854 -8.4737349070038e-05 0.0010401754876397 0.39041004085448 0.0367695526217 4 4 5 4 0
49.014247360103 8.4169689413462 113.24684143066 -0.006589 0.014753 1.9541933267949 0.014622495446596 0.013838114397876 0.0083844690607593 0.018303294429703 -0.01298777096808 -0.14037229601939 -0.066957220554049 9.8085520843664 0.0044159281033675 -0.0021836877358191 9.809783662733 0.00034601558892668 -4.0197800383945e-05 -0.00026599462659401 0.00034209056955503 -4.1932090588287e-05 -0.00027080565066529 0.37966827626232 0.018439088914586 4 5 4 4 0
49.014247421795 8.4169688913287 113.26532745361 -0.006637 0.014762 1.9541523267949 0.016447560233782 0.01243781148962 0.01060273788337 0.017686212150115 -0.011042214933579 -0.14034483751089 -0.065317885130597 9.8036132461688 0.0045927455265882 -0.00049975602955962 9.8048342526238 -0.00039652096699709 -0.00023139182811131 0.00071062113879842 -0.00038598053529848 -0.0002266553624517 0.0007178954982367 0.39041004085448 0.0367695526217 4 5 4 4 0
49.014246763695 8.4169687494579 113.34217834473 -0.006646 0.014725 1.9580823267949 0.0097732037523352 0.016628229057404 0.0027722947134054 0.019087383871167 -0.016075348800637 -0.14430528925266 -0.070270842943436 9.8085845204775 0.00042917654608327 -0.0050673416879972 9.8098963215635 0.0001820329141656 -0.00057410560631692 0.00052220901603578 0.00018977872046526 -0.0005705914880579 0.00052327530368366 0.37966827626232 0.021931712199461 4 5 4 4 0
49.01424796294 8.4169688154756 113.1449508667 -0.006691 0.015001 1.9520553267949 0.02342341563151 0.0045738179222303 0.020040769688038 0.012959308728138 -0.014153218688203 -0.13937894874791 -0.07327802926189 9.8073185579657 0.0076594628302815 -0.0076647250570337 9.8085764698106 1.9129671884201e-05 0.00013337628431667 0.0010935669016734 3.5513426007618e-05 0.00014069765063574 0.0010922379473785 0.39041004085448 0.0367695526217 4 4 5 5 0
49.014246939405 8.4169688599594 113.29390716553 -0.006592 0.014798 1.9565093267949 0.010108849044255 0.016882598114532 0.0030203801660772 0.019444483671466 -0.01614098621352 -0.14686889505532 -0.072726896397107 9.8073514973967 -0.0021662926721875 -0.008013737704674 9.8087171342438 0.00022747063209191 0.0006922372768625 0.00068291633305605 0.00023749255274779 0.00069671772347079 0.00067490982802363 0.37966827626232 0.021931712199461 4 5 4 4 0
49.014246564625 8.4169685918891 113.40761566162 -0.006664 0.014736 1.9593463267949 0.0088970578639932 0.015080600715831 0.0025211182706945 0.017327033304368 -0.014263495157931 -0.1405849765583 -0.068919680642217 9.8078931881249 0.0040009320490925 -0.0034381395260454 9.809141342085 0.00036163644644281 -7.8036989801617e-05 0.00043522758452554 0.00036799986293775 -7.512900817886e-05 0.00043035988088356 0.3762937682184 0.026172504656605 4 5 4 4 0
49.014247065909 8.4169689068148 113.27184295654 -0.00662 0.014752 1.9548783267949 0.010673940122989 0.016427935715874 0.0037422918895581 0.019230282256866 -0.015748785605502 -0.14839033999765 -0.071116450599222 9.8064462413007 -0.0036638073612594 -0.0062268467894659 9.8078238065175 4.7912588754123e-05 -0.00010121862982278 -0.00025073287214009 4.4221598155988e-05 -0.00010290568880881 -0.00025074930724691 0.37966827626232 0.018439088914586 4 5 4 4 0
49.014247924003 8.4169687901687 113.16690826416 -0.006641 0.015018 1.9520033267949 0.024069065429093 0.0054518758730147 0.020312271758557 0.014016220262098 -0.015032863559646 -0.14620935057155 -0.067352581764458 9.8085624132586 0.00097419969288738 -0.0020390087937736 9.8098832467758 5.0884635270129e-05 0.00014831927768602 0.00078915804627323 6.2714832044296e-05 0.00015359931176992 0.00078730483318462 0.39041004085448 0.0367695526217 4 4 5 5 0
49.014248455967 8.4169693758863 113.03527832031 -0.006582 0.015031 1.9510263267949 0.024634257116466 0.0033940840500666 0.021615974295329 0.012292930585569 -0.012710708130191 -0.14451012841313 -0.070940985304293 9.8083481377703 0.003178058116668 -0.0059396908607597 9.8096669285225 0.00081905598973071 -0.00046394979054199 0.0010396369527824 0.00083464664048556 -0.00045707406066281 0.0010302387626304 0.39020251152446 0.0367695526217 4 5 4 4 0
49.014247806317 8.4169689129175 113.27941131592 -0.006555 0.01495 1.9517133267949 0.024251103541299 0.010016506936154 0.018789451963494 0.01831404815157 -0.0086148336249914 -0.14418829897007 -0.069597248241657 9.8108902869443 0.0026507880534 -0.0051771237966821 9.8121950662846 0.00022391123872841 -0.00010528453746242 0.00070441182194348 0.00023440041032462 -0.00010064879493286 0.00070164342670346 0.39041004085448 0.0367695526217 4 4 5 4 0
49.014248430488 8.4169692846195 113.05073547363 -0.006637 0.01509 1.9511583267949 0.025354390750702 0.0035413837501776 0.022228012488985 0.012700470432942 -0.01287185456466 -0.14684865766394 -0.0693952664847 9.8128806830709 0.0012185278037803 -0.0042639235974156 9.8142237388294 6.1690055900771e-05 -1.153713641553e-05 0.00026941690918108 6.5748570625626e-05 -9.7734199113721e-06 0.00026852187923244 0.39020251152446 0.0367695526217 4 5 4 4 0
49.014248173651 8.416968990453 113.10907745361 -0.006668 0.014985 1.9516023267949 0.024835844119202 0.0035363827089475 0.02174254836719 0.012513456293946 -0.012681970809468 -0.14209102399713 -0.071059253653115 9.8083825266584 0.0053230098980418 -0.0056137712988657 9.8096661707747 0.00017470573374833 -0.00057503252309468 -6.526892680667e-05 0.00017376971865931 -0.00057544121786219 -6.4062259497017e-05 0.39041004085448 0.0367695526217 4 5 4 5 0
49.014247285341 8.4169689288774 113.2518081665 -0.006613 0.01473 1.9542573267949 0.013732276624687 0.014383006527416 0.0073543129689631 0.01847592286715 -0.013723784400461 -0.15129945202025 -0.066802823780926 9.8104268037666 -0.0065494258649206 -0.0021060204782473 9.8118179863007 -0.00026976699913821 -0.00030763378239652 0.00023156834139697 -0.00026626089723517 -0.00030608930484558 0.00023753548638011 0.37966827626232 0.018439088914586 4 5 4 4 0
49.014246673854 8.4169686765569 113.37074279785 -0.006663 0.014779 1.9586903267949 0.0093243031513439 0.016120050036982 0.0025389075919049 0.018448652179121 -0.015440895015759 -0.14575475150567 -0.072923449861689 9.8082714258577 -0.00092289910860037 -0.0075437368686838 9.8096224656902 0.00023356956911444 0.00019419833262143 0.00063185693694384 0.00024284907866661 0.00019840378464859 0.0006270222511829 0.37966827626232 0.021931712199461 4 5 4 4 0
49.014247109975 8.416968916582 113.26498413086 -0.006628 0.014763 1.9547223267949 0.01115621277194 0.016084009971826 0.0043214866720809 0.019091360832251 -0.015595216279009 -0.14321464008828 -0.06597854630392 9.8123141022569 0.001395771726908 -0.0011263611263537 9.8135807729919 -0.00023006182210881 0.00048030591499447 7.811788816978e-05 -0.00022892674414668 0.00048077231240571 7.8314400003905e-05 0.37966827626232 0.018439088914586 4 5 4 4 0
