49.013047763595 8.4162322545628 116.03890991211 0.020929 0.014246 1.4966083267949 4.7939020358868 0.25135245097606 4.7993844806354 -0.10369959567007 0.021948451993995 -0.1541051016645 -0.80827888798075 11.435977109257 -0.011594692420015 -1.0280661357573 11.420034656308 0.028058885211426 0.030664115472485 -0.0041460411586133 0.028013571731208 0.030747319930123 -0.0039960910019398 1.1594869555109 0.09847334664771 4 9 4 4 0
49.013133516795 8.4162354773577 116.70921325684 0.032047 0.017706 1.4654553267949 4.4185747994771 0.31174370139893 4.4270599460727 -0.14897568371869 -0.012353461432131 -0.30397494911106 0.23504399890895 9.8639168585558 -0.12806376217736 -0.074645345825184 9.8703669789553 0.012219867862251 -0.0024428838303897 -0.022577590005836 0.011814332404746 -0.0017332439375361 -0.022857084487585 1.0411387995844 0.056639209034025 4 9 4 4 0
49.01304302747 8.416231942247 116.04194641113 0.017149 0.010232 1.4968363267949 4.7982806706267 0.14285095009541 4.7958662263575 -0.20890287319554 -0.15213969406132 -0.12522325698441 -0.540982559006 11.027936403309 -0.0092282160928698 -0.77075910750562 11.017623109307 -0.073519751206226 -0.0077081077149938 -0.011550414657322 -0.073648309277315 -0.0074240568950913 -0.011026245998138 1.1594869555109 0.09847334664771 4 9 4 4 0
49.013060125515 8.4162326268747 116.14304351807 0.034155 0.014033 1.4955213267949 4.7620118932271 0.23197875983822 4.7659864981272 -0.12610558235062 -0.074821924540551 -0.18703657924913 0.29811924692717 8.1123720566394 -0.054184335588036 0.026650505808464 8.1198500345287 0.010396965644982 -0.039791981988774 -0.00162684976498 0.010340912129167 -0.039716855546919 -0.0032050845362456 1.1908757281933 0.1062308806327 4 9 4 4 0
49.013145994151 8.4162360335632 116.94537353516 0.028583 0.014859 1.4603423267949 4.4069884572307 0.32254716564611 4.4158057900871 -0.16213574393866 -0.0059275257452272 0.039661437672631 0.10734919213532 9.9495793563597 0.19207141999 -0.18192299408932 9.946826596267 -0.0085147688247039 -0.0087336050032034 -0.012556028595742 -0.0087117412865692 -0.0083637727064269 -0.012673760927266 1.0411387995844 0.056639209034025 4 9 4 4 0
49.013080450116 8.4162331979475 116.31987762451 0.034754 0.012287 1.4920153267949 4.7122367732868 0.27621056602258 4.7194047091436 -0.093841404107686 0.047757504449602 -0.29943237957625 0.08934504052003 9.6387092697164 -0.18882353289637 -0.22477175778541 9.6398866818955 0.038254048563987 0.014046707988227 -0.0070352465139785 0.038179577971235 0.014260929066022 -0.0070579505801972 1.1908757281933 0.1062308806327 4 9 4 4 0
49.013107744895 8.4162346753838 116.30367279053 0.033169 0.015268 1.4792953267949 4.5525793020078 0.27071873860052 4.558462107211 -0.14031680375556 0.016304201410357 -0.4078645873647 0.28685907088583 9.9458069444233 -0.26585268152822 -0.041826826602192 9.9546968302328 0.0027585590466747 0.016396993237305 -0.024409746385451 0.0024177986970761 0.017194417583856 -0.023883836259201 1.1066729417493 0.074652528423356 4 8 4 4 0
49.013094200573 8.4162340128211 116.30213928223 0.031285 0.013196 1.4862693267949 4.6329461372319 0.2197481107598 4.6351439439478 -0.16716019298824 -0.018052542591942 -0.34145172131931 0.0093764174539297 9.6254638924852 -0.21612320253928 -0.30525523492341 9.6246968656641 -0.024965388839049 0.0018987703912874 -0.019722295468704 -0.025219439004239 0.0025436360984176 -0.019324371988001 1.1066729417493 0.074652528423356 4 8 4 4 0
49.013112021102 8.4162347245686 116.33476257324 0.031374 0.017107 1.4771223267949 4.5245518534081 0.26637103005082 4.5298196887258 -0.1523521296716 0.023148975589415 -0.45083558882466 0.29364081394329 9.766557991099 -0.2935610281989 -0.020454695481955 9.7769983554162 -0.012973511297839 0.016909699023161 -0.02287983499042 -0.013330391931839 0.017636771857437 -0.022104344032791 1.1066729417493 0.074652528423356 4 8 4 4 0
49.013076189219 8.4162329418347 116.30629730225 0.030385 0.011126 1.4925453267949 4.7416109553284 0.2340908081662 4.7455149082351 -0.13366703802865 0.066129903686795 -0.28294212433381 -0.19758384052126 9.837215606178 -0.19442498314762 -0.4906313856146 9.8293847649165 0.010408533299747 0.036218133574213 -0.014976360552107 0.010279018098337 0.036647695599357 -0.014013305379263 1.1908757281933 0.1062308806327 4 9 4 4 0
49.013116151118 8.4162348144592 116.37005615234 0.031582 0.017825 1.4746463267949 4.494190036387 0.27462421167415 4.5000112018974 -0.15198482720047 0.0058149433913313 -0.45050397435027 0.12592113689307 9.5824132432436 -0.28377419850005 -0.17703899529403 9.5880351521599 0.00018347403129903 0.0066693952723502 -0.024290467673908 -0.00023573182591808 0.0074335922963618 -0.024068642407868 1.1066729417493 0.074652528423356 4 8 4 4 0
49.013038722498 8.416231819939 116.06381988525 0.025382 0.010842 1.4978683267949 4.7981357104749 0.11055605659101 4.7937299281355 -0.23238195168661 -0.19285437698748 -0.147138679294 0.51267612306714 9.1645705788241 -0.029503706182894 0.23937010217039 9.1784948473966 -0.083091179520684 -0.038591493912494 -0.024521167283382 -0.08341413045186 -0.037838054075118 -0.024670330887875 1.1594869555109 0.09847334664771 4 8 4 4 0
49.013129059414 8.4162352701247 116.57721710205 0.030312 0.017953 1.4678833267949 4.4332263941375 0.29453299399018 4.4402363383224 -0.15676606069429 -0.017023780791141 -0.27511788313072 0.12114118681381 9.7432900356574 -0.10003726176536 -0.1784481635974 9.7458170099124 -0.0072136213673771 -0.0008558405346127 -0.023021382966932 -0.0076264368640676 -0.00014770233475891 -0.022903369192347 1.1066729417493 0.074652528423356 4 9 4 4 0
49.013085102141 8.4162334452813 116.33386993408 0.037058 0.012664 1.4905433267949 4.6824579736097 0.24909979240239 4.6874476940614 -0.12326575645191 0.039151509766931 -0.42542784569304 0.81112718593518 9.7564818226035 -0.30446718275813 0.45924956682855 9.7845105502346 0.01866303101036 0.0050377889239211 -0.014950881230847 0.018477938003713 0.0055791484694315 -0.014999135234239 1.1908757281933 0.1062308806327 4 8 4 4 0
49.013072101162 8.4162327858997 116.26554870605 0.028926 0.007364 1.4939883267949 4.7597561826527 0.2085084943884 4.7618149848044 -0.15459787797058 0.028555114386905 0.016900493213246 0.062265065170928 10.417342050169 0.077830836051472 -0.24770389218241 10.41455466925 -0.013863264753343 0.026327898729708 -0.011387056841773 -0.013927922063189 0.026651464410009 -0.01055395016152 1.1908757281933 0.1062308806327 4 9 4 4 0
49.013055622925 8.4162322519447 116.10845947266 0.032901 0.018676 1.4958743267949 4.7771547115299 0.25813763300734 4.7831080256655 -0.098259265423496 0.075184086862001 -0.26378578170838 0.70536580503091 8.9792593410217 -0.10078839161614 0.43473984902339 9.0008379928151 0.045600032718827 0.0092664318670757 -0.0075021244464443 0.045457435726966 0.0094997391168541 -0.0080879799827634 1.1908757281933 0.1062308806327 4 9 4 4 0
49.013124954393 8.4162350606619 116.49820709229 0.031312 0.018103 1.4701023267949 4.4476902384661 0.28636206982014 4.4541560033639 -0.15629733660549 -0.01361969145025 -0.36689009597409 0.25932830663433 9.7726201978514 -0.1913818953127 -0.047100709808189 9.7809713686342 -6.4212132938087e-05 0.0019761530198123 -0.023809421265147 -0.00049027201099649 0.0027212334799335 -0.023731674441658 1.1066729417493 0.074652528423356 4 8 4 4 0
49.013063888328 8.4162328587481 116.16609954834 0.032541 0.006417 1.4956963267949 4.754144226771 0.21037900787743 4.7565238238107 -0.14705363928752 -0.14167334393752 0.10323471193376 0.63931582438269 9.9335613158598 0.20021081625861 0.30722372632874 9.9487309668469 -0.01591494189325 -0.063187680287433 0.001838955011785 -0.015921077184742 -0.06321497341546 -0.0001928966516192 1.1908757281933 0.1062308806327 4 9 4 4 0
49.013137479195 8.416235642096 116.81583404541 0.030484 0.016893 1.4634803267949 4.4062164755135 0.30609188065649 4.4138318130206 -0.16273918164171 -0.0084909388641597 -0.26022721076407 0.32242750917145 9.7877445385703 -0.090156697751711 0.018308371874102 9.7961212710489 -0.009619173244011 -0.0084746271833513 -0.019309079092366 -0.0099579776253356 -0.0078698323980237 -0.019393134354567 1.0411387995844 0.056639209034025 4 9 4 4 0
49.013158396158 8.416236979545 117.21510314941 0.0337 0.013609 1.4607633267949 4.4093912444011 0.34493888331747 4.4205368821141 -0.14347412319577 0.017523698544826 -0.086091850802897 0.57080367570091 9.9390893032719 0.055038078059048 0.24414548507912 9.9529897786743 0.015400221356523 -0.0094663093673953 0.0085768990863445 0.015512553210647 -0.0097480815700319 0.0080396730933702 1.0411387995844 0.056639209034025 4 9 4 4 0
49.013067805052 8.4162328188269 116.20700836182 0.030796 0.004114 1.4951143267949 4.7595189896898 0.1973282356059 4.7608632363572 -0.16166101812514 -0.079591348290185 0.045154395417267 0.31491172940475 10.707646006315 0.10407902424872 -0.024422950414263 10.712097245193 -0.01610245462821 -0.02584663215026 -0.0050230969804053 -0.01612919655453 -0.025677643005158 -0.0057844632964089 1.1908757281933 0.1062308806327 4 9 4 4 0
49.013103027744 8.4162345060379 116.27958679199 0.032812 0.013226 1.4819303267949 4.5795568762863 0.26837666773737 4.5854920461091 -0.13312023112235 -0.013326779132846 -0.38198808988061 0.2013262861947 9.9251601544133 -0.25159774551777 -0.11832421792813 9.9307022617598 0.011148775542942 0.00046121064865928 -0.023762635627208 0.010836078156215 0.0012264462031925 -0.023879485119039 1.1066729417493 0.074652528423356 4 8 4 4 0
49.01305179238 8.4162323821335 116.06889343262 0.028412 0.018041 1.4966773267949 4.7866661127565 0.29717957606973 4.7955369068704 -0.057957010072561 0.10953976392678 -0.24159818097623 0.19337871146533 10.030456835352 -0.080089830014085 -0.052629584574662 10.036824564471 0.0642262836011 0.032094389437792 -0.0014100602432788 0.064209193864526 0.032118856426181 -0.0017275412770862 1.1908757281933 0.1062308806327 4 9 4 4 0
49.013166840177 8.416237363568 117.33311462402 0.029133 0.01586 1.4633233267949 4.4224753830934 0.29565812763005 4.4285264631 -0.18408890682672 0.040215538156148 -0.058318045383218 0.23045181385102 9.5683250977631 0.083967677402015 -0.061701491024951 9.5710154999385 -0.023649940147648 0.018026153077999 0.014557669425608 -0.02342050106591 0.017577537958129 0.015442976059888 1.0411387995844 0.056639209034025 4 10 4 4 0
49.013154446337 8.4162367019301 117.10609436035 0.032084 0.014902 1.4598993267949 4.4122031162359 0.34914649793885 4.4237330774601 -0.1415421580065 0.010071856765872 -0.16894263297196 0.20197320131872 9.7315475177797 -0.019265766083868 -0.098907181201276 9.7346260908165 0.0206580528638 -0.0080182099487853 0.00095929347824881 0.0206658948631 -0.0080471704809191 0.00038898115131111 1.0411387995844 0.056639209034025 4 9 4 4 0
49.013141901531 8.416235770432 116.91608428955 0.029161 0.015755 1.4613683267949 4.3997958255074 0.30571186645656 4.4070489746112 -0.17197086017117 -0.005498966647713 -0.098738393467537 0.12102558135316 9.6897619171963 0.060332567886805 -0.16749961207409 9.6895545865933 -0.010216336553028 -0.011945420032175 -0.018614300912263 -0.010526906200574 -0.011385374563203 -0.018788319981666 1.0411387995844 0.056639209034025 4 9 4 4 0
49.013150091383 8.4162363485046 117.00887298584 0.030119 0.015691 1.4596833267949 4.4162220443064 0.33825543950595 4.4265661900196 -0.15159116420252 0.0090135198124162 -0.081665985017164 0.25953905884312 9.8450550034708 0.07073381622646 -0.031402381225158 9.8486200595222 0.010073262996214 0.0035413271722498 -0.0087305051930668 0.0099384142017714 0.0037974141916787 -0.0087770788213882 1.0411387995844 0.056639209034025 4 9 4 4 0
49.013089299758 8.4162336395618 116.34145355225 0.034528 0.013123 1.4882843267949 4.6595763476373 0.21151769290189 4.6613414156927 -0.16754861226616 0.011306141870367 -0.3652330666841 0.4965912536282 9.332150988912 -0.24445842766999 0.1632648434753 9.3481577194719 -0.020130934276095 0.002833167940773 -0.021910600983206 -0.020412378195157 0.0036130330651412 -0.021526578755524 1.1066729417493 0.1062308806327 4 8 4 4 0
49.01316241703 8.4162371740004 117.26554107666 0.032157 0.013907 1.4617173267949 4.4155506274502 0.31287416561412 4.4232835957118 -0.17210541080155 0.028953959698105 -0.086502913593203 0.62536199742733 9.8479880662122 0.049598175255379 0.30308175272122 9.8635098713695 -0.0093032143924922 0.0028159202099195 0.010111710407724 -0.0091623802226668 0.0024831706103513 0.010320938525644 1.0411387995844 0.056639209034025 4 9 4 4 0
49.013098543585 8.4162343942226 116.27643585205 0.031496 0.013108 1.4842853267949 4.6052088285095 0.25302787203758 4.61002724683 -0.14064094171182 -0.02256131045394 -0.39856621439435 0.032439415980372 9.835176098195 -0.27002642816691 -0.27846990226529 9.8357483284882 -0.0020950560203089 -0.00040521980389647 -0.020237977267883 -0.0023594842811825 0.00023490806713935 -0.02021110731655 1.1066729417493 0.074652528423356 4 8 4 4 0
49.013120766882 8.4162349283218 116.43477630615 0.031584 0.017757 1.4724503267949 4.4665823238285 0.28801461310528 4.4734609280897 -0.14664195929998 -0.019644033879792 -0.38774086519315 0.25319868406284 9.6811193898739 -0.21489116742869 -0.052805328063516 9.6896744367119 0.00033106437907849 -0.0023270368899918 -0.021126204051652 -4.6827863767774e-05 -0.0016584364537244 -0.021192257728361 1.1066729417493 0.074652528423356 4 8 4 4 0
