49.014236474791 8.4170085981774 114.49698638916 -0.00676 0.014301 1.8420143267949 0.01277143813862 -0.013174702144441 0.015835548231897 -0.0092691864659656 -0.019352945818071 -0.13838217774091 -0.064717217463176 9.8053249804755 0.001722743860292 0.0015738857227024 9.80651465991 4.5640657824043e-05 0.00022144131672715 -0.00067892060145963 3.59369848402e-05 0.00021682949606458 -0.00068095749908777 0.39349841168676 0.038183766184074 4 4 4 4 0
49.014236525447 8.4170085353353 114.44282531738 -0.006676 0.014476 1.8399773267949 0.025482766758097 -0.017983932942088 0.029348202118904 -0.010558239001939 -0.019426110458182 -0.12885757796618 -0.061080221809772 9.8062312597725 0.013031072387892 0.0045909867362258 9.8072583194472 0.00041672665034875 0.00018014796769897 -0.00034042388633142 0.00041170724136564 0.00017786357750208 -0.00034760568783489 0.39664845896587 0.039597979746447 4 4 4 4 0
49.014236496745 8.4170085852591 114.49808502197 -0.006756 0.014281 1.8422943267949 0.0126939840178 -0.012936053329342 0.015698375524284 -0.0090575800009821 -0.019374723564374 -0.1292815512008 -0.065502099619211 9.8120882500415 0.010837184263518 0.0010296417363772 9.8131525565068 0.00048611354178653 7.2638236805269e-05 -2.6804265617297e-05 0.00048569871607117 7.2467115994403e-05 -3.4218467904311e-05 0.39349841168676 0.038183766184074 4 4 4 4 0
49.014236497516 8.4170085681955 114.4924697876 -0.00674 0.014355 1.8418463267949 0.014820328223304 -0.014242296701837 0.018092336709371 -0.0097546103277707 -0.019097780521693 -0.13213460975018 -0.061319648810548 9.8046717641388 0.0084898046649163 0.0050462268659218 9.8057492197375 0.00056895244592609 0.00011345051116568 -0.0003230671088477 0.00056426151851324 0.00011125944688567 -0.00033195131946654 0.39349841168676 0.038183766184074 4 4 4 4 0
49.014236473937 8.4170085462274 114.43814849854 -0.006693 0.014479 1.8399313267949 0.025333248161608 -0.018180604859908 0.029254990840649 -0.010791381296407 -0.018961428366403 -0.14133215437402 -0.067822213858508 9.8079353033979 0.00042341197712651 -0.0020379113180467 9.8091879438705 0.00028396467208971 0.00058146786672495 0.00087123834544629 0.00029647305437734 0.00058729547465983 0.00086312371676406 0.39664845896587 0.039597979746447 4 4 4 4 0
49.01423654101 8.4170084871199 114.48664855957 -0.006767 0.014435 1.8420523267949 0.019266301304281 -0.016684236135302 0.023032412906571 -0.010911558064844 -0.018712892570019 -0.13407394800802 -0.067993467464272 9.8090167527931 0.00738677499257 -0.0015750541469886 9.8101659859033 0.00011207388866343 0.00022463758306811 1.7894192411054e-06 0.00011204289305466 0.00022463413621178 -1.3528897985368e-06 0.39466568130508 0.039597979746447 4 4 4 4 0
49.014236361369 8.4170087753628 114.39126586914 -0.006722 0.01438 1.8372293267949 0.024675238349096 -0.016269312241396 0.028090566311191 -0.0091913608665004 -0.019691769598368 -0.13381717624435 -0.065270309607849 9.8086896034879 0.007394793833777 0.00073544536420866 9.8098164609816 0.00012194725269138 -0.00020085976519872 -0.0010648299093174 0.00010666229521274 -0.00020798717319261 -0.0010650912161801 0.3978265953905 0.039597979746447 4 4 4 4 0
49.014236242866 8.417009091382 114.35636138916 -0.006741 0.014329 1.8343773267949 0.023741020374803 -0.013123496233974 0.026339884170247 -0.0064863560276663 -0.01983299960772 -0.13953775209745 -0.066763804747053 9.8083802942145 0.0011889752543356 -0.00084893007681618 9.8095999473353 -0.00031492829335088 -0.00026377720506538 0.00070148030845395 -0.00030483315946276 -0.00025901127253952 0.00070767717782391 0.4004097900901 0.040311288741493 4 4 4 4 0
49.014236369195 8.4170088037985 114.38443756104 -0.006705 0.014405 1.8368823267949 0.024733713226753 -0.015978532163027 0.028066916959972 -0.0089062246798776 -0.019966847934665 -0.14065243507205 -0.063482539411093 9.8068917240081 0.00051083032320548 0.0024792704864213 9.80810549673 0.00032140068570584 0.00023591550747625 0.00067011024920655 0.00033100489065838 0.00024040409272724 0.00066380548480314 0.3978265953905 0.039597979746447 4 4 4 4 0
49.014236432901 8.4170085329069 114.4796295166 -0.006758 0.01441 1.8405963267949 0.020455332876731 -0.017092102101362 0.024272264741919 -0.011019056103485 -0.018035885869469 -0.13341475119864 -0.064437821195053 9.8093055182564 0.0078009584150795 0.0015735059798342 9.8104209280321 -0.00050699448516965 0.00020721069742107 0.00054360810780269 -0.00049915121967207 0.00021085830095318 0.0005494440953641 0.39466568130508 0.039597979746447 4 4 4 4 0
49.014236449045 8.417008522051 114.48755645752 -0.006725 0.014404 1.8412693267949 0.019763112041692 -0.016960055380367 0.02357758962962 -0.011059886070724 -0.018156877921628 -0.13918613175766 -0.064169417714386 9.8082973258917 0.0020474484449673 0.0019299444197707 9.8094947658891 0.00027547815560654 0.00022821765032772 6.330893813516e-05 0.00027636135299487 0.00022863000288665 5.7818280106446e-05 0.39466568130508 0.039597979746447 4 4 4 4 0
49.014236444838 8.4170085443586 114.47156524658 -0.006734 0.01444 1.8403413267949 0.021202299124495 -0.017115502463359 0.024995774865532 -0.010848547802036 -0.018225652398171 -0.13729033648476 -0.066483587719253 9.8041269327849 0.0038658507763216 -0.0006190111570696 9.805313053531 -0.00028287195678424 0.00068980886101285 0.0001145148892335 -0.00028126174033571 0.00069052524781044 0.00011399898214199 0.39466568130508 0.039597979746447 4 4 4 4 0
49.014236251997 8.4170090900999 114.35755157471 -0.006641 0.014334 1.8342583267949 0.023673304334712 -0.013143581118832 0.026279576010177 -0.00652404233492 -0.019892539427005 -0.13514096296358 -0.062325828987281 9.8115237964673 0.005644712118624 0.0035027006026064 9.8126503832163 0.0012474264932223 -0.00022196659190916 -0.00029852349822152 0.0012430428946264 -0.0002239716949408 -0.0003149091872497 0.4004097900901 0.040311288741493 4 4 4 4 0
49.014236536929 8.4170085020714 114.4875869751 -0.006777 0.014378 1.8420523267949 0.018561290839767 -0.016393488684594 0.02227549036236 -0.010819913451892 -0.018810207825548 -0.13518221132412 -0.061919644549342 9.8054146314186 0.0060404646485518 0.0044618437333947 9.806539108356 -7.9598315511755e-05 -0.00048278440239901 2.9167085639243e-06 -7.9481547134269e-05 -0.00048274211011489 7.3314546894424e-06 0.39466568130508 0.039597979746447 4 4 4 4 0
49.014236462847 8.4170085416701 114.46580505371 -0.006735 0.014423 1.8403023267949 0.02210637503494 -0.017311594862409 0.025918390924379 -0.010799126090423 -0.018601546198195 -0.12851909048791 -0.061914922591641 9.8079701666221 0.012886018279793 0.0040493409379523 9.8089982907624 -0.0001451753738917 3.3062929988969e-05 0.00010520985144883 -0.00014364306484371 3.3744938737494e-05 0.00010706859100699 0.39466568130508 0.039597979746447 4 4 4 4 0
49.01423635834 8.4170088947065 114.37236022949 -0.006746 0.014365 1.8356893267949 0.024802315821453 -0.014975172223267 0.027859601149049 -0.0079534821074733 -0.020371215608922 -0.13822496863593 -0.069094054188117 9.8055597189288 0.0028589068680683 -0.0030757254944472 9.8067764348873 -0.00026395960675894 -0.00031554687821477 0.00045995242406845 -0.00025727253107992 -0.0003124254841776 0.00046580492467208 0.3978265953905 0.039597979746447 4 4 4 4 0
49.014236515025 8.4170085848598 114.49883270264 -0.006776 0.014301 1.8423623267949 0.012494351739039 -0.012788939749751 0.015466988034602 -0.0089687293419603 -0.019463898154474 -0.13841822689356 -0.065368618563823 9.8084797359728 0.0017655238671888 0.0010675668967269 9.8096740154231 -2.7098739669445e-06 0.00016064467613955 -2.5374618033199e-05 -3.091237822124e-06 0.00016048891358077 -2.6438452093113e-05 0.39349841168676 0.038183766184074 4 4 4 4 0
49.014236537481 8.4170085242847 114.44750976562 -0.006698 0.014462 1.8399913267949 0.024838639159421 -0.017729396807382 0.028659970554063 -0.010483149778179 -0.019358458947766 -0.13589247743116 -0.066690979219353 9.8104977894504 0.0058919101585574 -0.0010087072077636 9.8116639324894 -2.789255996499e-05 0.00014001867247034 -0.00027332953702817 -3.18426624726e-05 0.00013819080837291 -0.00027380761624511 0.39664845896587 0.039597979746447 4 4 4 4 0
49.01423651667 8.4170085002644 114.48651123047 -0.006723 0.01443 1.8417533267949 0.019664655932732 -0.016967447884428 0.023489907822158 -0.011082300501831 -0.018524197155146 -0.14159562569587 -0.06340072489919 9.8102395324196 -0.00017216938877664 0.0028479625216524 9.8114660619159 0.00054088864436021 0.00031371522952101 0.00048209831536959 0.00054772655349949 0.00031694430172852 0.000472139179259 0.39466568130508 0.039597979746447 4 4 4 4 0
49.014236322169 8.4170089918336 114.36400604248 -0.00674 0.01435 1.8347413267949 0.02442175409066 -0.014074853790027 0.027250104684679 -0.0072081844517284 -0.020620420698737 -0.13795694404986 -0.066671038850109 9.8088883830136 0.0030262806100776 -0.00074739515563681 9.8100847522451 -0.00039009833790372 -0.00026841154135975 0.00046553840593117 -0.00038333682955811 -0.00026530323583819 0.0004729063027472 0.4004097900901 0.039597979746447 4 4 4 4 0
49.014236530073 8.4170085145982 114.48847198486 -0.006766 0.01438 1.8421343267949 0.017728030211388 -0.01590707325451 0.021342773804369 -0.010573734614739 -0.018846568874735 -0.13830260551454 -0.06685643481004 9.8105831800591 0.0027778122063177 -0.00036057208482238 9.8117854834218 0.00023902165103479 -7.4452689518109e-05 0.00060917039042521 0.00024776194593796 -7.0322896111149e-05 0.00060616062675295 0.39349841168676 0.038183766184074 4 4 4 4 0
49.014236475743 8.4170085954002 114.49420928955 -0.006762 0.014279 1.8417083267949 0.013722772967009 -0.013712758414682 0.016892573782867 -0.0095391620867247 -0.019060509857115 -0.14076259392752 -0.067491520307725 9.8071427466275 -0.00048015356577869 -0.0010083372909212 9.8083851435292 0.00032141840708026 -0.0005484062752298 0.00043895647793406 0.00032769644501296 -0.00054541366579868 0.0004380305484591 0.39349841168676 0.038183766184074 4 4 4 4 0
49.014236373029 8.4170088586645 114.37734222412 -0.006705 0.014362 1.8359753267949 0.02485432120682 -0.015441262535123 0.028036586156017 -0.0083741420598338 -0.020298556857489 -0.13171215106355 -0.063843928038718 9.8090077261299 0.0094626148131212 0.0022417479929644 9.810095036124 0.00049281623360837 -0.00044760424684054 -0.00069857590973606 0.00048278875741973 -0.00045226762062461 -0.00070254683498292 0.3978265953905 0.039597979746447 4 4 4 4 0
49.014236515797 8.4170085284642 114.45315551758 -0.006646 0.014435 1.8400953267949 0.024064584615937 -0.017583551164978 0.027876172746558 -0.010545415545195 -0.019083799341866 -0.13360714849274 -0.063118212540997 9.8101949479728 0.0081969833779575 0.0026091445715162 9.8113037515952 0.00095849814434548 -0.00042707138853291 0.00022063011518945 0.00096164493372575 -0.00042559467714903 0.00020956820838175 0.39664845896587 0.039597979746447 4 4 4 4 0
49.014236259094 8.4170090701695 114.35934448242 -0.006712 0.014337 1.8343123267949 0.023691196285285 -0.013354865984502 0.026352402276136 -0.0067213216176733 -0.020150620035048 -0.13564240876034 -0.060944311032083 9.8065331302676 0.0051362364501821 0.0049949832225968 9.8076575357266 0.00024591538877306 -0.00023501804107621 -4.8484363196445e-05 0.00024521662520252 -0.00023531798573523 -5.0445253540027e-05 0.4004097900901 0.040311288741493 4 4 4 4 0
49.014236527862 8.4170085410221 114.49088287354 -0.006786 0.014372 1.8419313267949 0.015927394544806 -0.014871970020969 0.019328612030358 -0.010062894719771 -0.019020224727295 -0.13984411629606 -0.070442566403312 9.8068432662119 0.0011022938859399 -0.0040294382029388 9.8080925171795 -0.00017475400998568 -0.00014550376774546 -0.00098188295397079 -0.00018883044201233 -0.00015216009735709 -0.00097827097508516 0.39349841168676 0.038183766184074 4 4 4 4 0
49.014236516113 8.4170085422231 114.44054412842 -0.006656 0.014471 1.8398183267949 0.025688436747356 -0.017954331672666 0.029537202342938 -0.010478924384076 -0.019306644155033 -0.13658251986 -0.067679675557912 9.8146900129256 0.005582611871291 -0.0018446582996492 9.8158722061986 0.00094409571484355 -0.00014158429173342 0.00048831367961094 0.00095106760642972 -0.00013833480924129 0.00047544468319609 0.39664845896587 0.039597979746447 4 4 4 4 0
49.014236403624 8.4170085956087 114.42601013184 -0.006738 0.014443 1.8395523267949 0.024770609292762 -0.018045235562786 0.02867401700804 -0.010817297059636 -0.018872690071102 -0.13358130148778 -0.062817677990602 9.8071065732783 0.0080694324157298 0.0030821337262859 9.8082136552137 -0.0003092517530138 0.00010134044626256 0.00038689656465971 -0.00030362513516584 0.00010394111956428 0.00039062962137295 0.39664845896587 0.039597979746447 4 4 4 4 0
49.014236530622 8.417008523425 114.48945617676 -0.006782 0.014392 1.8421473267949 0.016939756173313 -0.01545786396965 0.020462343669457 -0.010353399281658 -0.019054446980659 -0.13576744909476 -0.060599571721913 9.8075822928932 0.0052856986741001 0.0058563912778782 9.8087058633784 -4.4027144714246e-05 6.9338825950559e-05 0.00015849867147099 -4.1760966095189e-05 7.0396060015861e-05 0.00015865559686999 0.39349841168676 0.038183766184074 4 4 4 4 0
49.014236367583 8.4170087106482 114.40727233887 -0.006757 0.014416 1.8380713267949 0.024413493222388 -0.016972984553342 0.028031732082346 -0.0099158773319554 -0.01914793244218 -0.13595023857774 -0.063241164369413 9.8103938814175 0.0054980196433798 0.002821285041508 9.8115375099568 -0.00047332851579597 6.9319010130575e-05 0.000922758250382 -0.00045996904076966 7.5575665608023e-05 0.00092899270359968 0.3978265953905 0.039597979746447 4 4 4 4 0
49.014236422359 8.4170085269639 114.48578643799 -0.006716 0.01441 1.8407943267949 0.019806578829606 -0.017051232178163 0.023638856410701 -0.011146735473051 -0.017827912529337 -0.14155969882978 -0.066020187040188 9.8081750784777 -0.00030095691722813 9.0609902083814e-06 9.8094186374003 0.00028086157504109 0.00015732327137878 0.00010769911083064 0.00028235283932406 0.00015802905036133 0.00010256194153034 0.39466568130508 0.039597979746447 4 4 4 4 0
49.014236369072 8.417008738861 114.39952850342 -0.006725 0.014386 1.8376443267949 0.024532276638714 -0.016598530888522 0.028043231525358 -0.0095354037541981 -0.019479393440267 -0.14093700111561 -0.066619926432397 9.8080728053966 0.00041402663028034 -0.00050081212261309 9.8093113062206 0.00027094768473489 -0.00038953525819113 -0.00073422442651629 0.00026037947584414 -0.00039445906555141 -0.00073541663618382 0.3978265953905 0.039597979746447 4 4 4 4 0
49.014236467655 8.417008599348 114.49625396729 -0.00678 0.014339 1.8418773267949 0.01315819508532 -0.013487326296998 0.016289754494916 -0.0094704896615567 -0.019157102397951 -0.13130903819075 -0.062936656997491 9.8100722047762 0.008976236268552 0.0035880161213692 9.8111476252481 4.7597764795461e-05 0.00066307996774138 0.00061129539170922 5.6314843393876e-05 0.0006671941500617 0.00060600931711339 0.39349841168676 0.038183766184074 4 4 4 4 0
49.014236383492 8.4170086598765 114.41607666016 -0.00672 0.014423 1.8384853267949 0.024438010461538 -0.017195707730218 0.028118309346779 -0.01011298199037 -0.019005896571179 -0.13856812608298 -0.064387779273736 9.8081098615928 0.0028918193881223 0.0015171915586075 9.8092997200125 -2.6049922393558e-05 0.00010855404244485 -0.0001832458136837 -2.869351881208e-05 0.00010730322033526 -0.00018355202197688 0.3978265953905 0.039597979746447 4 4 4 4 0
49.014236418535 8.4170085792934 114.4296875 -0.006693 0.014416 1.8397263267949 0.024912244678515 -0.017993812038195 0.028798260895304 -0.010726472674534 -0.018869667609859 -0.13799374040549 -0.067271998133899 9.8093111476704 0.0036387184020218 -0.0014693559195939 9.8105116624914 0.00032199966960395 -0.00025254680119246 -0.00042853165638964 0.00031578555378261 -0.00025541830823383 -0.00043142452839825 0.39664845896587 0.039597979746447 4 4 4 4 0
49.014236305475 8.4170090092993 114.36274719238 -0.006705 0.014308 1.8346133267949 0.024182428216151 -0.013725223348188 0.026925466428512 -0.0069420408009335 -0.020427254960143 -0.13521045370153 -0.062843961174008 9.8091346105558 0.0055400977712679 0.0031503192954074 9.810265347933 0.00040805480034315 -0.00061673369332285 0.00051346439866949 0.00041540236206575 -0.00061327001315773 0.00051168156873016 0.4004097900901 0.040311288741493 4 4 4 4 0
49.014236347728 8.417008937096 114.36771392822 -0.006701 0.014341 1.8352423267949 0.024747206318897 -0.014493175499879 0.027676825253281 -0.0075148669438373 -0.020570380553043 -0.12876752094442 -0.061985389605657 9.8073691891603 0.012286341683605 0.0039862600525462 9.8084022733229 0.00042948861395007 -0.00063961374237319 0.00047595329408073 0.00043636255383884 -0.00063640967908625 0.00047401607856058 0.3978265953905 0.039597979746447 4 4 4 4 0
49.014236486593 8.4170085480987 114.43984222412 -0.006721 0.014451 1.8398763267949 0.025623918482713 -0.018004379467238 0.029487313012349 -0.010547134705206 -0.019183182011316 -0.13583122104961 -0.059330521112744 9.804102805921 0.0059068300691837 0.0064559294205075 9.805219507141 -0.00012169752656246 5.4966576928734e-05 0.00053972775287424 -0.0001139431836339 5.8530068913301e-05 0.00054104927391606 0.39664845896587 0.039597979746447 4 4 4 4 0
49.014236200002 8.4170090897946 114.35375976562 -0.00672 0.014339 1.8346753267949 0.023456482140917 -0.013560350460058 0.026181100520156 -0.0069742737129311 -0.019518668544487 -0.14015877714114 -0.067651089839128 9.8084817027883 0.00046330756318782 -0.0015677801756696 9.8097158581285 0.00036502531320369 0.00010972703473909 0.00045448507689356 0.00037150763326154 0.00011277742696066 0.00044845796877162 0.4004097900901 0.040311288741493 4 4 4 4 0
49.014236440952 8.4170085682489 114.43305969238 -0.006682 0.014427 1.8397953267949 0.025128506576758 -0.018138774047273 0.029045887263683 -0.010807099661583 -0.018952907001346 -0.13853450790591 -0.065597397174418 9.8092753252885 0.0031459626007138 0.00030287872050964 9.8104720733203 0.00068032023713084 -0.00012252434405045 -0.00010971547293997 0.00067868516095909 -0.00012319220566963 -0.0001186914591708 0.39664845896587 0.039597979746447 4 4 4 4 0
49.01423649478 8.4170085107845 114.48630523682 -0.006732 0.014392 1.8414523267949 0.019831078023426 -0.016967759510565 0.0236473333126 -0.011044479107735 -0.018290240263461 -0.1364674746446 -0.0615472450573 9.8111275432467 0.0048081122200969 0.0044413539098359 9.8122676286068 -8.7557904140652e-05 -6.4387840597995e-05 -0.00018938824557744 -9.0269520341402e-05 -6.5675521768478e-05 -0.00018767160502057 0.39466568130508 0.039597979746447 4 4 4 4 0
49.014236387583 8.4170086378414 114.42100524902 -0.00673 0.014363 1.8389513267949 0.024511399637253 -0.017629561294486 0.028309062274298 -0.01049804460799 -0.018884442339539 -0.13679617424043 -0.064047403988921 9.811970886184 0.0047423153721342 0.0019580087786843 9.8131323534035 -8.8068159875774e-05 -0.00097635934335418 0.00063042231007013 -7.890146413187e-05 -0.00097206220194265 0.00063817703114986 0.3978265953905 0.039597979746447 4 4 4 4 0
49.014236427143 8.417008522547 114.48777770996 -0.006732 0.014411 1.8410713267949 0.019732447060953 -0.016971013522218 0.023548717323267 -0.011083435308256 -0.017925200201627 -0.13298372417742 -0.063932089761154 9.8081361052066 0.0082782628889303 0.0020054547790156 9.8092418292088 -0.00012076259775987 0.00026169649133274 -0.0004569723935327 -0.00012735768987533 0.00025859728044454 -0.0004569657927428 0.39466568130508 0.039597979746447 4 4 4 4 0
49.01423648358 8.4170085331209 114.46043395996 -0.006705 0.014446 1.8402543267949 0.022959791665738 -0.017485347519601 0.026786239539436 -0.010741858905718 -0.018809350764778 -0.14043568703266 -0.067089075987785 9.8059911004597 0.001129334320609 -0.0012906033246231 9.8072262235198 0.00011515512397013 0.0001247481346661 0.00027870810631088 0.00011916117296184 0.00012663401338855 0.00027619161549583 0.39664845896587 0.039597979746447 4 4 4 4 0
49.014236276244 8.4170090471631 114.36116790771 -0.006754 0.014348 1.8343953267949 0.023857803240548 -0.013367528104526 0.02651733331734 -0.0066871004814062 -0.020268940140796 -0.13371937654475 -0.065702485064421 9.8100293580922 0.0069618843855454 0.00030071400598109 9.8111580891684 -0.00042936819165199 0.00024598906937413 9.5822923110648e-05 -0.00042799151381054 0.00024664242166629 0.00010031690067256 0.4004097900901 0.040311288741493 4 4 4 4 0
49.014236230073 8.4170090844725 114.35558319092 -0.006733 0.014317 1.8344793267949 0.023741756599969 -0.013335872847008 0.026396610007877 -0.0066884867059705 -0.019637398607675 -0.13381950229134 -0.066983584629487 9.8067932083325 0.0068028087531179 -0.00097441035934905 9.8079325200408 6.1323457669699e-05 -0.00031586227994547 -0.00030082663773689 5.7043175441198e-05 -0.00031786872585425 -0.00029953835614192 0.4004097900901 0.040311288741493 4 4 4 4 0
