49.014222192224 8.4170152028294 117.44622039795 -0.006346 0.013798 2.1036813267949 -0.010886198609272 0.022363833912457 -0.020737874678338 0.01373284331778 -0.02236691469001 -0.13369015511314 -0.066209876755119 9.8031668753572 0.0012646729785343 -0.0041836128762946 9.8043008070728 -0.0002826196825821 0.00051518209576656 0.00083010862145385 -0.0002711757289328 0.00052044571532609 0.00083065202241177 1.3135790802232 0.094047860156412 4 4 4 0 0
49.014220422332 8.4170186997293 117.34689331055 -0.006351 0.013786 2.1028533267949 -0.014357053725496 0.022947303119983 -0.024013709820296 0.012491814780771 -0.022770464623921 -0.14115666460888 -0.065493442034628 9.8121986828805 -0.0058026283101811 -0.0032303328141045 9.81343012365 -4.9880597321641e-05 -0.00019851522969317 0.00088776864790275 -3.7596455668208e-05 -0.00019288098698816 0.00088959688778012 1.3243568250287 0.094752308678997 4 4 4 0 0
49.014222263594 8.417015062619 117.45039367676 -0.006304 0.013798 2.1036553267949 -0.01080478846899 0.022330750121272 -0.020651394658459 0.013745035812337 -0.022321605751434 -0.13788602458476 -0.061387475060072 9.8072507285758 -0.0027255040821699 0.00045244926963125 9.8084117721665 0.00010262298211017 0.00023924920766929 -8.9743835055399e-05 0.0001013699107435 0.00023866446166455 -9.263710931528e-05 1.3135790802232 0.094047860156412 4 4 4 0 0
49.014221892125 8.4170157807117 117.4299697876 -0.006351 0.013713 2.1035073267949 -0.011682340456728 0.022673666302173 -0.021578601070251 0.013599130305042 -0.022495483633359 -0.1398076410076 -0.066383898893963 9.807265724168 -0.005056925216434 -0.0043915073365427 9.8084845997409 -0.00047901509535204 -0.0005283211168828 0.0010896321966933 -0.00046396298337731 -0.00052147217305784 0.0010994241592703 1.3135790802232 0.094047860156412 4 4 4 0 0
49.014220181254 8.4170191840516 117.33296203613 -0.00639 0.013775 2.1026483267949 -0.014712048406691 0.022899076847548 -0.024292941717194 0.012274571001533 -0.022816766406403 -0.13622318909648 -0.063533550108935 9.8051807702086 -0.0008557591460452 -0.001197523849542 9.8063325506971 -0.00051871546419974 -0.00058309329241471 0.00029412669551482 -0.00051458735998876 -0.00058118922555033 0.00030496603110976 1.3243568250287 0.094752308678997 4 4 4 0 0
49.014221479701 8.4170165912149 117.40712738037 -0.006371 0.013724 2.1032953267949 -0.012496681653795 0.02287337470385 -0.022378978889703 0.01336188079837 -0.022569768506162 -0.13529243161485 -0.06536960486264 9.804720178059 -0.00051412839849663 -0.0030876008968004 9.8058709135018 -0.00027055546759936 -0.00045343849287963 0.00076812543567726 -0.00025994845823844 -0.00044854403126903 0.00077465073699723 1.3199821968496 0.094752308678997 4 4 4 0 0
49.014219575503 8.417020463556 117.29530334473 -0.006424 0.013864 2.1022763267949 -0.014963426905596 0.022149331407301 -0.024125261252764 0.011509509756014 -0.022999713599264 -0.13348146040839 -0.060178229136254 9.8030331631766 0.0024077338822491 0.0026793182267509 9.8041259641946 -0.00014406206740384 -1.6324900327398e-05 0.00028176650993711 -0.00014014550735324 -1.4525874537374e-05 0.00028384983222348 1.3301372109673 0.094047860156412 4 4 4 0 0
49.014219518893 8.41702058548 117.29135894775 -0.006423 0.013845 2.1022073267949 -0.015020075305894 0.021760968621708 -0.023976431226026 0.011147791753648 -0.023100589138312 -0.13333655318624 -0.064657658006109 9.8098452999624 0.0024952136124307 -0.00164763421679 9.8109642189459 6.1162394573857e-05 -6.3105229305843e-05 0.00011578989785534 6.2799023580478e-05 -6.242664882855e-05 0.00011532472357003 1.3301372109673 0.094047860156412 4 4 4 0 0
49.014220986343 8.4170175729479 117.37900543213 -0.006361 0.013778 2.1030543267949 -0.013551222300867 0.022809866188848 -0.023252166335817 0.012777424977926 -0.022545297371686 -0.13873260091013 -0.064218052977545 9.8052144015584 -0.0037312876648481 -0.0019176052011995 9.8064056276369 -6.9568253056264e-05 0.00012562720706057 0.00055887933448358 -6.1844165710007e-05 0.00012916795457355 0.00055901083012401 1.3199821968496 0.094752308678997 4 4 4 0 0
49.014221218873 8.4170171098798 117.39231109619 -0.006356 0.013754 2.1031373267949 -0.013098508267247 0.022821227649972 -0.022869284930898 0.013014432695328 -0.022589079625798 -0.14099494158674 -0.063071697787809 9.8079922136169 -0.0059324715487761 -0.00087229602376303 9.8092064974125 -0.00019655510657751 -0.00032867939917957 0.00029069976101981 -0.00019253065481873 -0.00032683563752368 0.00029545778867434 1.3199821968496 0.094752308678997 4 4 4 0 0
49.014220883322 8.4170177770465 117.37343597412 -0.006405 0.013729 2.1030133267949 -0.013692345432179 0.022816603903094 -0.023376773894988 0.01271237131094 -0.022712168287649 -0.13223627086015 -0.062714027283249 9.8096097656132 0.0027104653931203 -0.00016846412425783 9.8107011556818 -0.00045780590797865 -0.00053522725558401 0.00070939856805835 -0.00044802647302379 -0.00053076464857549 0.0007189928431527 1.3199821968496 0.094752308678997 4 4 4 0 0
49.014221569267 8.4170164163185 117.4116973877 -0.006329 0.013708 2.1033813267949 -0.01231451452526 0.022778519006951 -0.022174871556772 0.013370994068373 -0.022520050175202 -0.13831537297641 -0.064974526141768 9.8104730346454 -0.003443289468222 -0.0027901245536924 9.811662136173 0.00021901016114095 -0.00073556961845473 0.00077617617806643 0.00022967698149083 -0.00073065946501948 0.00077773085114731 1.3135790802232 0.094047860156412 4 4 4 0 0
49.014220785779 8.4170179733712 117.36750030518 -0.006368 0.013748 2.1029733267949 -0.013889952713113 0.022956314265364 -0.023617217475727 0.012733826307954 -0.022661339088423 -0.14210278303085 -0.064772480931248 9.8094714941485 -0.0070179810355599 -0.0023491702926786 9.8107119384225 -2.3428295649914e-05 -0.00044724589561665 0.00079882648522516 -1.247537363192e-05 -0.00044212442378708 0.00080186334141222 1.3199821968496 0.094752308678997 4 4 4 0 0
49.01421940726 8.4170208272382 117.28419494629 -0.006386 0.013843 2.1019653267949 -0.014941504843389 0.021803449311266 -0.023928386329088 0.011228142186436 -0.02307573193692 -0.13538040180998 -0.064762440712297 9.8139663740786 0.0006278103050175 -0.0017205741665446 9.8151138742899 0.00074415827012922 -0.0003213357537415 -0.0011532050380566 0.000728184258944 -0.00032871654942506 -0.0011613414392378 1.3301372109673 0.094047860156412 4 4 4 0 0
49.014222339117 8.4170149177979 117.45425415039 -0.006305 0.013774 2.1036893267949 -0.010643397760021 0.022532760879755 -0.020615540680621 0.014000246526792 -0.022417211956006 -0.13763531265416 -0.059627832246785 9.8096123014636 -0.0026397104511109 0.0022140540896032 9.8107582828551 5.2436936662883e-05 0.00019333544176534 -0.00031567817423131 4.807308000878e-05 0.00019133045497073 -0.00031757155173039 1.3135790802232 0.094047860156412 4 4 4 0 0
49.014220524082 8.4170184942315 117.35301208496 -0.006315 0.013757 2.1029463267949 -0.014202791933925 0.022859144381688 -0.023836459408203 0.012493317025215 -0.022731631073538 -0.13642362272965 -0.063764741184084 9.8042859050351 -0.0013998726148029 -0.0016259151218523 9.8054419855685 0.00044101560719495 -0.00032540931696277 0.0020276297727699 0.0004689153573179 -0.0003125817875637 0.0020233667537152 1.3243568250287 0.094752308678997 4 4 4 0 0
49.014221420541 8.4170167087789 117.40368652344 -0.006346 0.013762 2.1032643267949 -0.012615410233196 0.022910756153534 -0.022499693444465 0.013334738668802 -0.022544134601501 -0.13662822498555 -0.065482521633617 9.8070100224252 -0.0018123118242619 -0.0032238423681752 9.8081795393948 9.3376454095857e-05 0.00022662326371274 0.00080015175396429 0.00010432821309346 0.00023173098087091 0.00079732473989199 1.3199821968496 0.094752308678997 4 4 4 0 0
49.014221653303 8.4170162493264 117.4165725708 -0.00632 0.013743 2.1034443267949 -0.01206977465434 0.02267535224869 -0.021912606401935 0.013404809205545 -0.022561300750184 -0.13802745225629 -0.0627310082562 9.8106639961697 -0.003145366458833 -0.00059644929216884 9.8118346493919 0.00028930276866644 -0.00014794312848643 0.00073792943305037 0.00029943990439947 -0.00014328465114462 0.00073484224447456 1.3135790802232 0.094047860156412 4 4 4 0 0
49.014221981467 8.4170156096946 117.43463897705 -0.006287 0.013732 2.1034973267949 -0.011337558504553 0.022656172211779 -0.021273331277423 0.013758197322791 -0.022359982213299 -0.13503195879512 -0.061086126433094 9.8094852623512 -0.00016306088717746 0.00087922983243343 9.8106048834829 0.00059816699305846 -0.00033494348276351 4.3876392552139e-05 0.00059869135962953 -0.00033472264797413 3.7759774772682e-05 1.3135790802232 0.094047860156412 4 4 4 0 0
49.014219461421 8.4170207090167 117.28790283203 -0.006457 0.013867 2.1021253267949 -0.015008858170385 0.021666840225551 -0.023918193306075 0.011074197513099 -0.023054498222386 -0.14006524666441 -0.064826971412633 9.8058471264955 -0.0042679548350316 -0.001797416659274 9.8070606230423 -0.00044620384337344 0.00026033474133178 0.00023414074426216 -0.00044292559969129 0.00026181709390891 0.00023856921277169 1.3301372109673 0.094047860156412 4 4 4 0 0
49.014220615389 8.4170183124199 117.35797119141 -0.006356 0.01376 2.1028493267949 -0.014270731476915 0.022823007844029 -0.023876976900901 0.012427129018984 -0.022769737250317 -0.13919435367809 -0.06499823207974 9.8068235704654 -0.0040704834066033 -0.0027030883103139 9.8080253818904 -5.6272196373267e-06 -0.00036252369147103 -0.00031947583221162 -9.9829962942495e-06 -0.00036457482023158 -0.00031707000359194 1.3243568250287 0.094752308678997 4 4 4 0 0
49.014221834545 8.4170158925657 117.42669677734 -0.006349 0.013779 2.1034723267949 -0.011738271432792 0.022684233112775 -0.021632129979082 0.013579855170073 -0.022470867680688 -0.13470982434469 -0.062233074947238 9.8062481718921 0.0002450282291087 -0.00017318907775238 9.807370807847 -0.00030167785135698 0.00025281381093808 0.00035925436773022 -0.00029671178531409 0.00025506984243423 0.00036177293644023 1.3135790802232 0.094047860156412 4 4 4 0 0
49.01422033528 8.4170188750904 117.34169769287 -0.006331 0.013793 2.1028263267949 -0.014610851575603 0.022902079574528 -0.024208971851346 0.012325098772072 -0.022759930436927 -0.13724970463843 -0.058552910376753 9.805380521623 -0.0019670812100243 0.0035058494950735 9.8065150402182 5.4276642124286e-06 -0.00011635611924138 0.0010150293768218 1.9472650583903e-05 -0.0001099228475919 0.0010155856536811 1.3243568250287 0.094752308678997 4 4 4 0 0
49.014219921765 8.4170197240384 117.31735229492 -0.006353 0.01386 2.1025253267949 -0.015000443765296 0.022732600008991 -0.024455546301419 0.011987937857555 -0.022988587642779 -0.1364333220666 -0.067392136708628 9.8052847130709 -0.00075461599388166 -0.0049012790032792 9.8064641188676 0.00042029835981632 0.00033653816863095 0.00063204672889749 0.00042900296328252 0.00034052460948987 0.00062401516682596 1.3243568250287 0.094752308678997 4 4 4 0 0
49.014221785248 8.4170159883663 117.42395019531 -0.006329 0.013757 2.1034823267949 -0.011804142705436 0.022773035562581 -0.021733996687201 0.013622861600671 -0.022470948095769 -0.13884352310377 -0.067216049614732 9.8094141611445 -0.003853814206572 -0.0050985326240799 9.8106249179695 0.0001243892917115 -0.00011343403897446 0.00040002744360787 0.00012989534025942 -0.00011085710528526 0.00039897609733792 1.3135790802232 0.094047860156412 4 4 4 0 0
49.014219738888 8.4170201100371 117.30581665039 -0.006444 0.013882 2.1023843267949 -0.015051645041205 0.02213463781675 -0.02419486903278 0.01145000854571 -0.023050956089885 -0.13824535940118 -0.062226923590303 9.8062578261104 -0.0023774072110301 0.00061789266467622 9.8074295790663 -0.00056489179713323 0.00042251267435015 0.00048560935439947 -0.00055815908967819 0.00042561653161924 0.00049067900762548 1.3301372109673 0.094047860156412 4 4 4 0 0
49.01422104471 8.4170174565874 117.3824005127 -0.006401 0.013742 2.1030833267949 -0.013441954641611 0.022942656125218 -0.023225763534542 0.012946644271219 -0.022670524684058 -0.13337816038631 -0.062454634721541 9.8077664465523 0.0015946267205029 2.6760232600467e-05 9.8088721381149 -0.00048127377751341 -0.00039138259118217 0.00067643011612739 -0.00047194123119595 -0.00038706502550993 0.00068547346348817 1.3199821968496 0.094752308678997 4 4 4 0 0
49.014219659678 8.417020281534 117.30053710938 -0.006403 0.013861 2.1023153267949 -0.01499484469725 0.022308699059495 -0.024233691115264 0.011629765898642 -0.022952742250809 -0.13680166233953 -0.069643965771265 9.8075359532919 -0.00092874700235315 -0.0067871202534979 9.8087350170357 0.00017067567360792 8.8549140262102e-05 -0.00011894715130474 0.00016899912386586 8.7770077397131e-05 -0.00012185326287239 1.3301372109673 0.094047860156412 4 4 4 0 0
49.014222064118 8.4170154487368 117.43940734863 -0.006335 0.013758 2.1034823267949 -0.011075153636411 0.02267423307758 -0.021057469682011 0.013905498311987 -0.02249706713068 -0.13766795517413 -0.065765712273159 9.8058666695991 -0.0027673137436751 -0.0037554035706782 9.8070524460435 -0.00010844472464685 -1.8530181978552e-05 -0.0013540391002402 -0.00012704993603458 -2.711938459544e-05 -0.0013522640198109 1.3135790802232 0.094047860156412 4 4 4 0 0
49.01421980959 8.4170199606355 117.3101272583 -0.006406 0.013862 2.1024563267949 -0.014924946615935 0.022451552894813 -0.024246966655004 0.011786047963637 -0.022924046736594 -0.14031147945578 -0.061968309751913 9.8049970778244 -0.004535847788376 0.00066545298182062 9.806195704808 -0.00026884330067269 0.0002077851356462 0.00064669710377734 -0.00025986230382444 0.0002119199460719 0.00064903615300562 1.3301372109673 0.094047860156412 4 4 4 0 0
49.014220014728 8.417019529001 117.32292175293 -0.006368 0.013839 2.1025353267949 -0.014886662566985 0.022644709981235 -0.024313491049755 0.011968711798922 -0.022864598207315 -0.13597608098056 -0.059471581884579 9.8094844744872 -0.00031471430070967 0.0031017216167246 9.8106066033659 0.00025468464795052 0.00012161283026611 -0.00014967153290547 0.00025254042340449 0.00012067836607982 -0.00015393815810705 1.3243568250287 0.094752308678997 4 4 4 0 0
49.014219312333 8.4170210362528 117.27794647217 -0.006423 0.013833 2.1019833267949 -0.014929878768133 0.021556003746028 -0.023792301937034 0.011022203772683 -0.023078347687056 -0.13908966899198 -0.06358028755757 9.8088838603824 -0.0031556033437312 -0.00079438665512766 9.8100756617865 -0.00033059041402219 -0.0005008739986823 0.00045949811982449 -0.00032414364315421 -0.00049791781721559 0.00046721430907414 1.3301372109673 0.094047860156412 4 4 4 0 0
49.014220241548 8.4170190626907 117.3364944458 -0.006369 0.013828 2.1027063267949 -0.014732974358193 0.022895229529916 -0.024309759601863 0.012259192160525 -0.022869859132513 -0.13684398635011 -0.068019894539221 9.8059154389905 -0.0014553913915664 -0.0056942240955441 9.8071042484957 -0.00016641342940673 0.00031943346207714 0.00038993881251241 -0.00016102978179938 0.00032191255513093 0.00039014657709878 1.3243568250287 0.094752308678997 4 4 4 0 0
49.01422010175 8.4170193458698 117.32855987549 -0.00634 0.013834 2.1026593267949 -0.014745096832925 0.022819701810148 -0.024281049193172 0.012189640549087 -0.022879543388897 -0.14041525920774 -0.065205227173182 9.807878348089 -0.0049208446466869 -0.0027636451521648 9.809098566403 0.00051584151640662 0.00027466476886994 0.00091124641615716 0.00052834862573483 0.00028046655689939 0.00090228652679524 1.3243568250287 0.094752308678997 4 4 4 0 0
49.014221315398 8.4170169171408 117.39788818359 -0.006363 0.013792 2.1031913267949 -0.012736257963326 0.022793025768049 -0.022543683113327 0.013172575985685 -0.022605996588331 -0.13929057830168 -0.064784400803692 9.8076458968105 -0.0042434583984591 -0.0024305977794295 9.8088477198031 -2.8064959239914e-05 0.00034149749476028 0.00022371346841045 -2.5028540645482e-05 0.00034293277034545 0.00022188816411032 1.3199821968496 0.094752308678997 4 4 4 0 0
49.014219860853 8.4170198525712 117.31336212158 -0.006397 0.013852 2.1024283267949 -0.014845683302333 0.022687259664142 -0.024298548426517 0.012028567444215 -0.023032418471514 -0.13149921888005 -0.064310305023442 9.8058744790529 0.0042438474191912 -0.0018454351952595 9.8069656683063 -0.00041232037916554 0.00011352027342907 -0.00036133287002809 -0.00041726936273285 0.00011121403972807 -0.00035630762390016 1.3301372109673 0.094752308678997 4 4 4 0 0
49.014221135596 8.4170172763932 117.38743591309 -0.006388 0.013774 2.1031203267949 -0.013295271629773 0.022926923910511 -0.02309194172331 0.013006554522692 -0.022606751825332 -0.13975152403777 -0.065695957863968 9.8076439137982 -0.004499972431537 -0.0032785794239952 9.8088578203787 -0.00037457649745807 -0.00032490492292585 0.00054018577931577 -0.00036707869323968 -0.00032146205578308 0.00054736630067379 1.3199821968496 0.094752308678997 4 4 4 0 0
49.014220683066 8.4170181769971 117.36200714111 -0.006355 0.013758 2.1029083267949 -0.014112067992868 0.02285810830587 -0.023758438957597 0.01253715678067 -0.022638247696122 -0.1342911976984 -0.057850331903848 9.8105770165952 0.00082159987087545 0.0045749359651882 9.8116657135531 0.00021308721617445 -0.00031191058702351 0.00037272177517468 0.00021821215837875 -0.00030952041830375 0.00037171199054371 1.3199821968496 0.094752308678997 4 4 4 0 0
