49.014238692908 8.4169778866304 115.99047851562 -0.006654 0.014353 2.0155613267949 0.013237593659692 -0.0039525291110271 0.013650175322207 0.0021281959083846 -0.021181042734803 -0.13831962522474 -0.06665121841285 9.8088766607685 0.0026577202017433 -0.0012701883266372 9.8100779521533 0.00022774364125296 -0.00033281882618475 0.00042055348053921 0.00023380145116577 -0.00033004411834155 0.00041942854442721 0.17623280057923 0.017691806012954 4 4 5 5 0
49.014238665428 8.4169780183376 115.97220611572 -0.00659 0.014403 2.0051363267949 0.015079020069872 -0.0038418882401289 0.015296840073978 0.0028536789975747 -0.013894390144818 -0.14270800097482 -0.067907377323599 9.8109143891137 -0.0010747789034409 -0.0030735536385363 9.8121866882772 0.00043107314583523 -0.0004100325371596 0.0014465282478975 0.00045187118026989 -0.00040049965688259 0.0014428041659566 0.17753872816938 0.01838477631085 4 4 5 5 0
49.014238712582 8.4169778703617 116.00197601318 -0.006637 0.014326 2.0142183267949 0.013545437102489 -0.0041216864341533 0.01400398336788 0.0020870361939327 -0.020179933670008 -0.13391492942113 -0.061108868236234 9.8096216623947 0.0069300203293458 0.0043471200333103 9.8107228594483 0.00065073113400756 -0.00035955862877718 -0.00023677396751091 0.00064724874586339 -0.00036113725539526 -0.00024368982315685 0.17623280057923 0.017691806012954 4 4 5 5 0
49.014238731927 8.4169778535761 115.99564361572 -0.006709 0.014377 2.0143213267949 0.013932206263303 -0.004226436561514 0.014397391287555 0.0021642895608221 -0.020949817704437 -0.13423943068491 -0.063110009749593 9.810855637153 0.0068188871762245 0.0026430612991367 9.8119742420267 -7.2910849642191e-05 2.030307910026e-05 8.6577518820341e-05 -7.1679813606497e-05 2.0845829552569e-05 8.7484204276962e-05 0.17623280057923 0.017691806012954 4 4 5 5 0
49.014238483072 8.4169779653392 115.95349121094 -0.006739 0.014279 2.0181493267949 0.0093252117807919 -0.0037091908670442 0.010012271560046 0.0006874604407764 -0.017957997872706 -0.1352691979533 -0.064450576556789 9.8077550849457 0.0048630228425492 0.0013819260176574 9.8088983895944 -0.00043197847603568 -0.00013371748526476 0.00038165353289908 -0.00042649146174904 -0.00013114366276962 0.00038868231113187 0.17753872816938 0.017691806012954 4 4 5 5 0
49.014238563997 8.4169780208496 115.99920654297 -0.006734 0.014158 2.0183243267949 0.0083371000171572 -0.00071277159004122 0.0078250522833024 0.0029634892938817 -0.020732974402017 -0.13963337857679 -0.066757155085184 9.8098466115105 -0.00028182163954384 -0.0010673930646193 9.8110676090902 -0.00063047274821141 -0.00080858226441753 -0.00044157716624846 -0.00063658148264623 -0.00081152552301976 -0.00042713159432988 0.17753872816938 0.019104973174543 4 4 5 5 0
49.014238393531 8.41697830591 115.93851470947 -0.006621 0.014085 2.0237743267949 0.0038350729012443 0.0044657467688568 0.0014978949378444 0.0056921392465771 -0.028385451282237 -0.13397371045044 -0.064681609639791 9.8055151067394 0.0041394532854585 0.00023167546469461 9.8066426519887 3.2224911901243e-05 0.00030331553623052 -0.00034775877838515 2.7261468211722e-05 0.00030101825333761 -0.00035020413695296 0.17753872816938 0.017691806012954 4 4 5 5 0
49.014238557249 8.416977842889 116.02403259277 -0.0067 0.014378 2.0217843267949 0.010743397253073 -0.004505078820715 0.011631908454356 0.00063768607890113 -0.016788846987093 -0.13521916078519 -0.061219539736991 9.8110805665415 0.0058961702752418 0.0049021576608283 9.8122007212224 0.00099237401439345 -0.00035474530631357 0.00034866716221103 0.00099732842043842 -0.00035238927982263 0.00033677223721865 0.17623280057923 0.019104973174543 4 4 5 5 0
49.014238726771 8.4169778566776 116.00122833252 -0.006709 0.01434 2.0140443267949 0.013945664323125 -0.0041973104374986 0.014397878981912 0.002190924529601 -0.02020244916714 -0.13911276085821 -0.066855919180009 9.8107827836186 0.0020189970586168 -0.0011986382760941 9.8119964206885 -0.0002546246559582 -0.00065805513053361 -0.0002598551117215 -0.00025831203538431 -0.00065980947551796 -0.00025172834473875 0.17623280057923 0.017691806012954 4 4 5 5 0
49.014238594784 8.416977802055 116.02828979492 -0.006786 0.014389 2.0192673267949 0.011543441986515 -0.0058715535715712 0.012947872490907 -0.00027654644794586 -0.015762871749793 -0.1363326121055 -0.067050373855182 9.8053789427268 0.0048679061997689 -0.00050548898618137 9.8065544818715 6.254145624748e-05 -0.00022321523803283 -0.0004627528593378 5.5889275725955e-05 -0.00022636767786247 -0.00046208022198212 0.17623280057923 0.019104973174543 4 4 5 5 0
49.014238675077 8.4169780295757 115.96582794189 -0.006586 0.01446 2.0044453267949 0.014982315003652 -0.0038447344819199 0.015211769631201 0.0028026480685406 -0.014641152097713 -0.13563968872578 -0.062174851500019 9.8026785293952 0.0059007065250384 0.0023861537455091 9.8038117580542 9.0747794061452e-05 0.00046675548077784 -7.5320971139991e-05 8.9597667127111e-05 0.00046621711929559 -7.9692994125456e-05 0.17753872816938 0.01838477631085 4 4 5 5 0
49.014238709066 8.4169778851685 115.98887634277 -0.006675 0.014378 2.0153223267949 0.013544317878997 -0.0038912553703684 0.013901181689141 0.0023124641848242 -0.021366608865291 -0.13577246358548 -0.059654600253991 9.8049266815704 0.0052340998499621 0.0057018216382033 9.806045030522 -0.00012989036812419 -3.7678799225698e-05 -0.00047062291925852 -0.00013663486699154 -4.0828104974083e-05 -0.00046844985597456 0.17623280057923 0.017691806012954 4 4 5 5 0
49.014238726643 8.4169778594891 115.99192810059 -0.006715 0.014413 2.0146883267949 0.013775100152306 -0.004204571401748 0.014245155789394 0.0021228523008229 -0.021307959293689 -0.13966547063227 -0.069675943892388 9.8057385804117 0.0015488238170599 -0.0040618162552718 9.8069798594294 -0.00033624975061203 0.0001830364222191 0.0001715210699821 -0.00033378408592352 0.00018421768734839 0.00017509743831046 0.17623280057923 0.017691806012954 4 4 5 5 0
49.014238617544 8.4169779072392 116.0160369873 -0.006699 0.014288 2.0160053267949 0.010575849224087 -0.0032523091343454 0.010945945945839 0.0016163087055586 -0.018578416490331 -0.13666283968848 -0.063507247476557 9.8082466763135 0.0034876465095575 0.0021971189935923 9.8094033528244 6.1793912122633e-06 0.00015825125762502 0.00016626773209457 8.5353064387025e-06 0.00015935346995711 0.00016509776618216 0.17753872816938 0.019104973174543 4 4 5 5 0
49.014238665597 8.4169778959277 115.99596405029 -0.00665 0.014394 2.0161913267949 0.012765873378201 -0.003914422251056 0.013206519647884 0.0019693187462908 -0.020507263899219 -0.14024235009563 -0.064714225125661 9.8069343085643 0.00089124034623388 0.00067022641432878 9.8081505363754 0.00032900480156337 5.5270669176793e-05 0.00049211359519403 0.00033607566187976 5.8523839746512e-05 0.0004869252515349 0.17623280057923 0.017691806012954 4 4 5 5 0
49.014238699266 8.416977887138 115.99010467529 -0.006676 0.01443 2.0154433267949 0.013393317343338 -0.0038472073987555 0.01374567659945 0.0022887772956777 -0.021455870814288 -0.13905266138663 -0.066976546643266 9.8074101343074 0.0020302154867776 -0.0015407250291941 9.8086244288516 -4.9842659981408e-05 0.00080405016243238 0.00030064176281673 -4.5583511688146e-05 0.00080602090583732 0.00029594332531281 0.17623280057923 0.017691806012954 4 4 5 5 0
49.014238612723 8.4169780109199 115.96822357178 -0.006617 0.014355 2.0068353267949 0.01387849036215 -0.0040597252001519 0.014295278500118 0.0021770959520695 -0.014220626350356 -0.13877021718987 -0.067417648451383 9.8068977658732 0.0022670549353534 -0.0025676118557887 9.8081104750191 -1.0534151470173e-06 -0.00025216812955826 -0.00041747132510939 -7.049889720958e-06 -0.00025489908820135 -0.00041574892943075 0.17753872816938 0.01838477631085 4 4 5 5 0
49.014238554396 8.4169780420425 115.99244689941 -0.006692 0.01422 2.0188983267949 0.0081055900307856 -0.00044793786924719 0.0075001851816576 0.0031060233637888 -0.021645884835403 -0.13512562657945 -0.063923020999444 9.8020650485069 0.0041178864602463 0.0014958843284263 9.8032040531003 -0.00033033773168824 0.00035265069957896 -0.00033414668467987 -0.00033506410918208 0.00035040379449829 -0.00033176342084045 0.17753872816938 0.017691806012954 4 4 5 5 0
49.014238532416 8.4169779156253 115.95291137695 -0.006718 0.014311 2.0185923267949 0.010076305113519 -0.0045815332942146 0.011066546485988 0.00023231828508742 -0.018391347063788 -0.14014225886326 -0.069136949187763 9.807509235319 0.00047485184531383 -0.0031245886722801 9.8087535086271 0.00025338554116081 -0.00059650897611969 0.00016346560250569 0.00025571637887397 -0.00059539856054475 0.00016381811790448 0.17753872816938 0.017691806012954 4 4 5 5 0
49.014238539593 8.4169781051787 115.94900512695 -0.006581 0.014275 2.0115433267949 0.011898722041581 -0.0015660923092493 0.011431574867473 0.0036537106739653 -0.017678905690328 -0.13669506535861 -0.066605753681066 9.811633039643 0.0034876741393288 -0.0018806462240353 9.8128104526994 0.00035105629853771 -0.00018338230192401 -0.00026628305764014 0.00034723710079304 -0.00018512882732173 -0.00027007444913408 0.17753872816938 0.017691806012954 4 4 5 5 0
49.014238424681 8.4169779758682 115.96646118164 -0.006746 0.014326 2.0225363267949 0.0081274023864095 -0.0035162887991474 0.0088471792264328 0.00038238310032354 -0.021285763859781 -0.13941535327448 -0.06195310569118 9.8067666649479 0.00083985935076856 0.0040259345840238 9.8079521234802 -0.00034122075393348 0.0004907910876557 0.0010126120376395 -0.00032673495840062 0.00049755597391579 0.0010141181837858 0.17792414113886 0.019104973174543 4 4 5 5 0
49.014238481428 8.4169779724215 115.9965057373 -0.006703 0.014317 2.0247973267949 0.0096416032430557 -0.0030109434907794 0.0099857154925038 0.0015200383770365 -0.019092420826791 -0.1399042067372 -0.065405080145814 9.8086604976959 0.00061424071394446 0.00057169997994854 9.8098760979791 0.0003196441275333 -8.3899010041654e-05 0.00051953806901906 0.00032706327603973 -8.0424313528596e-05 0.00051548564235791 0.17623280057923 0.021213203435596 4 4 5 5 0
49.014238565589 8.4169780146638 116.0012588501 -0.006672 0.014202 2.0180313267949 0.0086826548451893 -0.0012735634628228 0.008380447573826 0.0026031632819943 -0.020401686311841 -0.14070102030072 -0.064717251860907 9.8091626015186 -0.0011516221856701 0.0009575948713351 9.8103849888842 0.00033093118430422 -0.00029734706428733 0.00046440042541856 0.00033755926341095 -0.00029422072028429 0.00046161408443475 0.17753872816938 0.019104973174543 4 4 5 5 0
49.014238430055 8.4169779755332 115.96981048584 -0.006721 0.014329 2.0227353267949 0.0081188772997426 -0.0034965943312062 0.0088308000309602 0.00039905161759426 -0.021204100988035 -0.13990433407201 -0.067949167065827 9.8062638848255 0.00042847706043148 -0.001932820508047 9.8074970916592 0.00017718477530754 0.00026317585902569 -0.00074656234054145 0.00016646022402577 0.00025815110805294 -0.00075078582129173 0.17792414113886 0.019104973174543 4 4 5 5 0
49.014238520719 8.4169779947734 115.96797180176 -0.006688 0.014318 2.0143723267949 0.010647736918144 -0.0030126481637284 0.010910299573296 0.0018482684841673 -0.016100041789421 -0.13476774134254 -0.063168603386685 9.8085462303073 0.0053610286931264 0.0022403218453465 9.8096736443215 -0.00014612199658698 0.00045592776882143 0.00068268038354887 -0.00013639131343207 0.00046045276000979 0.00068165049372457 0.17753872816938 0.017691806012954 4 4 5 5 0
49.014238655197 8.4169778994142 115.99760437012 -0.006682 0.014373 2.0163723267949 0.012568128432779 -0.0039055057056357 0.013023611239484 0.0018964695475427 -0.020355163192042 -0.13706976117874 -0.066059068618737 9.8122108965574 0.0040305080834762 -0.00050189986228183 9.8133896968349 3.1177994335844e-05 -0.00010563913062335 -0.0009648629884345 1.7330750967142e-05 -0.00011211705275527 -0.00096450941437115 0.17623280057923 0.019104973174543 4 4 5 5 0
49.014238521586 8.4169780846754 115.95907592773 -0.006635 0.014285 2.0136913267949 0.01126987205354 -0.0016815893059895 0.010904238888855 0.003306955333704 -0.017010176712884 -0.14330721649376 -0.067487194568732 9.8074454023105 -0.0031195343127904 -0.0026693112910277 9.8087237734163 -0.00033280533368779 -0.00012157947408657 7.7621881678017e-05 -0.00033164907600565 -0.00012103411667064 8.3184904803604e-05 0.17753872816938 0.017691806012954 4 4 5 5 0
49.014238442994 8.416978265817 115.9451675415 -0.006614 0.014135 2.0223133267949 0.0050115943028323 0.0035018364844219 0.002983278261058 0.005336002708956 -0.027124034808263 -0.14037695665988 -0.06470436808495 9.8063999527897 -0.001717061048331 0.00020524303727695 9.8076177446672 7.7542134389064e-07 0.00019366148767946 -0.00096051913580531 -1.2807069628071e-05 0.00018729200908106 -0.00096170258764931 0.17753872816938 0.017691806012954 4 4 5 5 0
49.014238512103 8.4169779857918 115.96831512451 -0.006652 0.014302 2.0148983267949 0.010518604719951 -0.0033413918689153 0.010934369881108 0.0014985479080359 -0.015890928724786 -0.13866210613519 -0.067821320146553 9.8101295861744 0.0016353867688452 -0.0025029233919436 9.8113431962461 0.00022530582692522 7.8083531280969e-05 -0.00076261858795557 0.00021437728445355 7.2987059561606e-05 -0.00076625304017963 0.17753872816938 0.017691806012954 4 4 5 5 0
49.01423861075 8.4169779224353 116.01578521729 -0.006711 0.014266 2.0164273267949 0.0099708938634382 -0.00278869038149 0.010199508456465 0.0017789556976343 -0.0185829712691 -0.14501920154194 -0.068887817541432 9.806533777825 -0.0050492386106865 -0.0030737107662777 9.8078460569117 -3.1664089035261e-05 -4.6142581053079e-05 0.0013867520929786 -1.185949750887e-05 -3.683316818791e-05 0.00138734408708 0.17753872816938 0.019104973174543 4 4 5 5 0
49.014238479811 8.4169779495788 115.99713134766 -0.006726 0.01432 2.0244433267949 0.0095652753477791 -0.0035200882949272 0.010140681162199 0.0010250940461746 -0.018981347147451 -0.13582263458675 -0.072196543953714 9.8051250095345 0.0046351601975631 -0.0061575280018887 9.8063288004502 6.8914527855409e-05 -1.6216907172978e-05 0.0011271439097925 8.5069335308915e-05 -8.6061635857787e-06 0.0011261345899221 0.17623280057923 0.021213203435596 4 4 5 5 0
49.0142385414 8.4169781074485 115.94715881348 -0.00658 0.014329 2.0107363267949 0.012083065532255 -0.0017299893873903 0.011671706255568 0.003572301838876 -0.017718853902549 -0.14136127187687 -0.066997062000472 9.8059754124408 -0.0010518271905295 -0.0023582160929758 9.8072229680884 0.00029623714770621 0.00049899901593017 0.0013249752192567 0.00031512456977666 0.00050771430036156 0.0013172509970845 0.17753872816938 0.01838477631085 4 4 5 5 0
49.014238469288 8.416978211863 115.95548248291 -0.00663 0.014105 2.0217023267949 0.0059955696951887 0.0023475763526617 0.0043760135113725 0.004722441655467 -0.025676850559474 -0.13768048379928 -0.06326376531885 9.8085290286948 0.00091277295815524 0.0017824993286562 9.8096991627254 -0.00014568320668026 -9.4623555463557e-05 0.00069964094310276 -0.00013579396217959 -9.0014240370153e-05 0.00070222541350333 0.17753872816938 0.017691806012954 4 4 5 5 0
49.014238495223 8.4169779889173 115.96492767334 -0.006642 0.014263 2.0160663267949 0.010051399465302 -0.0032781328345846 0.010484041403031 0.0013647058248026 -0.016210128557288 -0.13457819070184 -0.061098319904378 9.8076238546487 0.0055284563095105 0.004295272984311 9.808735226285 0.00051472003803793 -0.00031649173469861 0.00034230317068599 0.00051960934117956 -0.00031419949925791 0.00033702154506684 0.17753872816938 0.017691806012954 4 6 5 5 0
49.01423868579 8.4169778876723 115.99102020264 -0.006687 0.014382 2.0156093267949 0.013063659042077 -0.0040187435125962 0.013521348544273 0.0019956316278784 -0.021138171437767 -0.14260066906831 -0.06582915064046 9.8077958584723 -0.0014908131425751 -0.00040288916860138 9.8090532098685 -0.00023791298986108 -9.148748976595e-05 -0.00031120218053644 -0.00024233584955462 -9.3559956750716e-05 -0.00030712837947266 0.17623280057923 0.017691806012954 4 4 5 5 0
49.01423851897 8.4169779282302 116.01039886475 -0.00671 0.014359 2.0236623267949 0.010308078892372 -0.0033785302892719 0.010747036759279 0.0014734278930035 -0.018037940665239 -0.14064595819236 -0.068454021550395 9.8095374834727 0.00015932660145433 -0.0024546279522794 9.810784356159 0.00043226914300297 9.8027585787795e-05 0.0008147930481678 0.00044390064471319 0.00010350624278787 0.00080781187184483 0.17623280057923 0.021213203435596 4 4 5 5 0
49.014238454454 8.4169779603224 115.97652435303 -0.00671 0.014312 2.0230683267949 0.0090003255766849 -0.0034806869239486 0.0096165225582536 0.00080202661633487 -0.020853590647322 -0.14415511690906 -0.065753320552149 9.8100592854082 -0.0038644886273321 0.00017859156275545 9.8113379858981 0.00022551172248435 0.00012975140707528 -0.00024887429527213 0.00022190121885788 0.00012805820114527 -0.0002529406229478 0.17792414113886 0.019104973174543 4 4 5 5 0
49.014238674512 8.4169780397997 115.96051025391 -0.006544 0.014395 2.0041093267949 0.014870247302191 -0.0034846819831922 0.014960133209331 0.0030757027677328 -0.015104559202929 -0.13977843824026 -0.066311000076939 9.8096086212391 0.0018406164291572 -0.0018655343679635 9.8108280416365 0.00050980521592743 -0.00063485666007259 0.00062276286896048 0.00051878227972203 -0.00063077294138772 0.00061949222847066 0.17753872816938 0.01838477631085 4 4 5 5 0
49.014238641014 8.4169778933142 116.01153564453 -0.006687 0.014249 2.0155463267949 0.011261901807002 -0.0033119451771655 0.011591521438647 0.0018537149841216 -0.019024587959396 -0.13704967563736 -0.064203906073162 9.8103948405254 0.0030762272436646 0.0015633881790572 9.8115614874152 0.00038654897024384 -0.00043102615219306 -0.00042837260933757 0.00038043873855474 -0.00043387646599169 -0.00043093934558583 0.17753872816938 0.019104973174543 4 4 5 5 0
49.014238485002 8.4169779707751 115.95513153076 -0.006709 0.014261 2.0177123267949 0.0093838641986891 -0.0035344316078737 0.0099899811799981 0.00086567381793147 -0.017719991073734 -0.14200763711268 -0.067227842202503 9.8095475372942 -0.0018925260324503 -0.0014483704255516 9.8108053159774 -9.3033683015159e-06 -0.00036613461816945 -0.00035052713235924 -1.4260136059059e-05 -0.00036849697724271 -0.0003478906975163 0.17753872816938 0.017691806012954 4 6 5 5 0
49.014238519404 8.4169779471426 116.00457763672 -0.006712 0.014346 2.0238613267949 0.010225168500989 -0.0029854139297599 0.010499657658523 0.0017950757500251 -0.0185100867737 -0.13412355805533 -0.061627949559061 9.8068862307447 0.0063571241140802 0.0041748555157177 9.8079938451367 7.0624685973276e-05 0.00025030649380838 0.00064590487081737 7.9790804614943e-05 0.00025462690596265 0.0006431642401723 0.17623280057923 0.021213203435596 4 4 5 5 0
49.01423853436 8.4169781026066 115.95255279541 -0.006591 0.014298 2.0125183267949 0.011724310477103 -0.001574430157571 0.011274057576025 0.003582455849597 -0.017604360924321 -0.14273002166454 -0.064768917068729 9.8073699349096 -0.0025091782133469 -0.00019642811708555 9.8086218682311 -6.2693785420803e-05 2.6796962724025e-05 0.00034588487040739 -5.7714403460974e-05 2.9098122386201e-05 0.00034655542517054 0.17753872816938 0.017691806012954 4 4 5 5 0
49.014238461725 8.4169779309376 115.98697662354 -0.006729 0.014305 2.0233803267949 0.0091439390003969 -0.0039487220650914 0.0099501094601121 0.00044664134367615 -0.020035993827741 -0.13730735587256 -0.067773939863551 9.8064697337246 0.0030627094693153 -0.0018047935132152 9.8076640982609 1.1802286409001e-05 -0.00016625863018865 0.00022762988439228 1.5022415663015e-05 -0.00016473432807591 0.00022855671918512 0.17792414113886 0.019104973174543 4 4 5 5 0
49.014238563381 8.4169781052615 115.948387146 -0.006591 0.014317 2.0094743267949 0.01266389642136 -0.0021413560872014 0.012375805968148 0.0034341955969435 -0.017275237569069 -0.139617370981 -0.063922391176596 9.8097366335896 0.001021443690181 0.00072225394034814 9.8109384583933 -5.6787863863318e-05 -0.00010692334615005 -0.00012100473526444 -5.8497438877636e-05 -0.00010769016087607 -0.00011945271260771 0.17753872816938 0.01838477631085 4 4 5 5 0
49.014238612492 8.4169778817977 116.01089477539 -0.006677 0.014407 2.0182333267949 0.011837206404372 -0.0045896400139918 0.012657614998686 0.00098523289726688 -0.01807957399664 -0.13724406118931 -0.067470854641214 9.8048988852152 0.0038103350448406 -0.0017362353154965 9.8060907269503 0.00037692612680924 0.00046803539751532 0.00084494374864889 0.00038904366136538 0.0004736628507338 0.00083627726027013 0.17623280057923 0.019104973174543 4 4 5 5 0
49.014238632195 8.4169780093265 115.97131347656 -0.00665 0.0144 2.0061353267949 0.014312944882755 -0.0039587400047256 0.014648047950977 0.0024430589170485 -0.01401709681153 -0.1378855495361 -0.062884891854659 9.8049538284588 0.0032798665851044 0.0019636605909612 9.8061243107234 -0.00052075770199514 0.00023528829253402 -0.00061269011638649 -0.00052956393609297 0.00023118586320501 -0.00060665910515845 0.17753872816938 0.01838477631085 4 4 5 5 0
49.014238444126 8.4169779702296 115.97263336182 -0.006773 0.014272 2.0229533267949 0.0085356316329156 -0.0035564967268733 0.0092317702140693 0.0005290872200584 -0.021173101193218 -0.1340576550428 -0.064485079460044 9.8061589028769 0.0062043767773902 0.0015599325587858 9.807285080118 -0.0006926847727632 -0.00065400476506642 0.00011824836598849 -0.00069087216204422 -0.00065318134721628 0.00013252506773262 0.17792414113886 0.019104973174543 4 4 5 5 0
49.014238601089 8.4169779469769 116.01136779785 -0.006724 0.014245 2.0166993267949 0.0097795700947819 -0.0024076775241335 0.0098621053413021 0.0020432927600531 -0.0188578003855 -0.13833177001909 -0.065645975823885 9.8072268225705 0.001494796410431 0.00020681142006844 9.808421809234 -0.00019857957921271 -9.0472969084851e-05 -1.8010858847766e-06 -0.0001986034583793 -9.0483620113404e-05 1.6027003048944e-06 0.17753872816938 0.019104973174543 4 4 5 5 0
49.014238603297 8.4169778282636 116.02121734619 -0.006768 0.014416 2.0189213267949 0.011702876591768 -0.0055609684511068 0.012956828415882 6.2929679822351e-05 -0.016327732531305 -0.14185745063952 -0.066929712424915 9.8074900785195 -0.00063380782461915 -0.00050786438718204 9.8087441757428 -2.1854835213706e-05 0.00035901061991019 1.1192371689602e-05 -2.175684175826e-05 0.00035905969562806 9.0754565097995e-06 0.17623280057923 0.019104973174543 4 4 5 5 0
49.014238535113 8.4169780813854 115.98247528076 -0.006693 0.014192 2.0196653267949 0.0075994598987611 0.00012810980562517 0.0067923194542239 0.0034103749475939 -0.022478684055592 -0.13686985793545 -0.068217716181066 9.808568554321 0.0022309354761427 -0.0027422636462907 9.8097600900166 -0.00036536376560398 0.00034929473294736 -0.0001662612346884 -0.00036772257725935 0.00034814938646204 -0.00016341057233411 0.17753872816938 0.017691806012954 4 4 5 5 0
49.014238585185 8.4169779774536 116.0053024292 -0.006693 0.01423 2.0172273267949 0.0093323611187968 -0.0019449476714529 0.0092581245160823 0.0022718859626811 -0.019584303317628 -0.14007872733285 -0.069322614899787 9.806137896756 -0.00042512948633284 -0.0035726922608918 9.8073825055552 0.00015996270469065 -8.7347481525782e-06 -0.00022286690349964 0.00015675519932191 -1.0224663353473e-05 -0.00022511735611297 0.17753872816938 0.019104973174543 4 4 5 5 0
49.014238490156 8.4169779751242 115.95813751221 -0.006678 0.014329 2.0171813267949 0.0095317919124588 -0.0036636173948389 0.010179737109395 0.00080701467677803 -0.017126912235042 -0.14033995333782 -0.066365968013543 9.8070168850262 -0.00013911907204023 -0.00078697119690286 9.808245144177 0.00020412083907382 0.00060674987831251 0.00072292227214395 0.00021436708226732 0.00061149883256682 0.000715835517734 0.17753872816938 0.017691806012954 4 6 5 5 0
49.014238478264 8.4169779309336 115.99771118164 -0.006748 0.014348 2.0240333267949 0.0095105000845894 -0.0039372101683923 0.010274425104553 0.0006223507493915 -0.018818531910112 -0.13835313466856 -0.06434440363504 9.8061172630403 0.0022579601144327 0.0018171094549443 9.8073037086623 -8.0689628135236e-05 0.00021127123982846 0.0003750380713486 -7.5320062568009e-05 0.00021382272795727 0.00037472931622902 0.17623280057923 0.021213203435596 4 4 5 5 0
49.014238612314 8.4169778513046 116.01473999023 -0.006684 0.014356 2.0184473267949 0.01180105654591 -0.0051484733177949 0.012866710383489 0.00047065015140298 -0.017494766524574 -0.13461786664491 -0.063938614842184 9.8058909579783 0.0065514358906292 0.0019727023160389 9.807021234589 0.00060096896374453 -0.00062786207151701 -0.0015215390219617 0.00057911320567412 -0.00063803735176514 -0.0015258174903202 0.17623280057923 0.019104973174543 4 4 5 5 0
49.014238602983 8.4169780331861 115.95917510986 -0.006635 0.014346 2.0075343267949 0.013561605016308 -0.0035725428870387 0.013800545114853 0.0024944618132588 -0.015247207331791 -0.13983534140914 -0.065885193353547 9.8064902672099 0.0010953939670004 -0.00099639056427617 9.8077084993411 -0.00031290844180128 -0.00025741978749264 -0.00086620250951616 -0.00032528242347903 -0.00026313673626252 -0.0008598975162045 0.17753872816938 0.01838477631085 4 4 5 5 0
49.014238496857 8.4169779493214 115.95347595215 -0.006712 0.014272 2.0183713267949 0.0092878456994365 -0.00401006422592 0.0101085429798 0.00040332347143015 -0.018300479651497 -0.14353423134281 -0.065468242548769 9.8046143482679 -0.0032745352856093 0.00041205904742088 9.8058827926504 0.00016806421564179 -0.0007070191146705 1.3454558138828e-05 0.00016830545684122 -0.00070690350861958 1.5788660391262e-05 0.17753872816938 0.017691806012954 4 4 5 5 0
49.014238477015 8.4169779364526 115.95729827881 -0.006754 0.014283 2.0204843267949 0.0092859548632352 -0.0045348724679609 0.010333967267836 -5.1286496385532e-05 -0.019927844071902 -0.14237726448773 -0.06552898496114 9.8076264095653 -0.001751358190031 0.00066858332050263 9.8088781816866 -0.00013088669466603 -0.00082927048799562 0.0001275401611114 -0.00012898655089591 -0.00082836830166377 0.0001349719332431 0.17753872816938 0.017691806012954 4 4 5 5 0
49.01423866208 8.4169778898291 116.00819396973 -0.006668 0.014315 2.0152543267949 0.012047527570999 -0.0034661481934458 0.012367903998745 0.0020473915045676 -0.019439940644617 -0.13271793790097 -0.067245521611662 9.8049629175969 0.0076555075809352 -0.0016935774785395 9.8060884021068 0.00039063495963942 0.00018062155971168 0.00054647211350701 0.00039839319465284 0.00018426843333476 0.00053961837880605 0.17753872816938 0.019104973174543 4 4 5 5 0
49.014238634731 8.416977906027 116.00059509277 -0.006672 0.014407 2.0172923267949 0.012222950287484 -0.0038384774559847 0.012681607678616 0.001819996637909 -0.019658564432342 -0.13979072695783 -0.064198657576188 9.8067803787833 0.0012117806817628 0.0011584098362529 9.8079866573703 -0.00013642238786011 0.00053473372587719 -0.00014151041836336 -0.0001384947308322 0.0005337708672413 -0.00014306682471194 0.17623280057923 0.019104973174543 4 4 5 5 0
49.014238583799 8.416978075197 115.95106506348 -0.006575 0.014323 2.0085383267949 0.013348292926694 -0.0029698192898247 0.013350044145745 0.0029612117844771 -0.016284927840099 -0.13796713852877 -0.063043009179817 9.8113244204196 0.0028279228860072 0.001712424692783 9.8124965903048 0.00031798200841754 -0.00021740789003447 -0.00048224025135402 0.00031111126587788 -0.0002205773278895 -0.00048529222345885 0.17753872816938 0.01838477631085 4 4 5 5 0
49.014238441108 8.4169779646763 115.96199035645 -0.006752 0.014305 2.0218283267949 0.008525412221109 -0.0038707476433204 0.009360110065238 0.00023066283429712 -0.020900793280199 -0.13457806682556 -0.063495405460029 9.8062417697092 0.0058008973453635 0.0025568536360072 9.8073686954388 -0.00029762197885839 -9.7210621125838e-05 0.00014200725549924 -0.00029555755845974 -9.6268890037037e-05 0.0001468943746962 0.17792414113886 0.019104973174543 4 4 5 5 0
49.014238515373 8.4169780339117 115.96466827393 -0.006635 0.014292 2.0143743267949 0.010696909272514 -0.0023494595409086 0.010670238233517 0.0024679546585728 -0.016288734587822 -0.13905190069247 -0.070994204543585 9.8066270706775 0.00088935456933558 -0.0059506065718113 9.8078681867411 0.00012088927061111 0.00033259526460096 0.00051845473710083 0.00012826135648682 0.00033603509013996 0.00051445516607578 0.17753872816938 0.017691806012954 4 4 5 5 0
49.014238429619 8.4169779722324 115.96523284912 -0.00674 0.01432 2.0222003267949 0.008306481057271 -0.0036564279171132 0.0090695575213709 0.00033144001550425 -0.020975716148372 -0.14278407581456 -0.067865535686439 9.8066420354174 -0.0023079657336201 -0.001723401338449 9.8079157860257 5.7854349752818e-05 1.4795174038747e-05 -0.00012400797859192 5.6063788099345e-05 1.3953161074627e-05 -0.00012489772989872 0.17792414113886 0.019104973174543 4 4 5 5 0
49.014238647275 8.4169780139408 115.97184753418 -0.006623 0.014389 2.0056703267949 0.014786346060214 -0.0037460995586537 0.014989294311564 0.0028267057506921 -0.013824619904184 -0.13770540268664 -0.067213823768289 9.8059786423064 0.0036298796202628 -0.002361832902753 9.8071749824432 -3.5558504873029e-05 -0.00019843941963019 0.00011466332611596 -3.3913064750212e-05 -0.0001976777586302 0.00011644431106053 0.17753872816938 0.01838477631085 4 4 5 5 0
49.014238692133 8.4169778833058 116.00500488281 -0.006688 0.014361 2.0146133267949 0.012841890447486 -0.0037291119239751 0.013199361943735 0.0021440359916161 -0.019734184217697 -0.13861039989951 -0.067584895262198 9.8082848077744 0.0020635113595484 -0.0019402366703907 9.8094968052927 0.00014661151942317 0.00052529587085659 -0.00031593958567333 0.00014201755451296 0.00052311150617924 -0.0003215544434914 0.17753872816938 0.019104973174543 4 4 5 5 0
49.014238449529 8.4169779590758 115.96016693115 -0.006734 0.014315 2.0214693267949 0.0086288152006919 -0.0040746291498044 0.0095420634089589 8.8167703463175e-05 -0.020626543777158 -0.14028533236442 -0.068982950127676 9.8062651675499 0.0001458024865961 -0.0029229294162186 9.8075107422468 4.742152973437e-06 1.4911797217894e-06 0.00013569302187593 6.6775403538773e-06 2.4134762362707e-06 0.00013558061089809 0.17792414113886 0.019104973174543 4 4 5 5 0
49.014238492191 8.416977925255 115.95534515381 -0.006739 0.014348 2.0199783267949 0.0097345931884849 -0.0049004950844113 0.010896842539924 -0.00019228347065298 -0.019192816404401 -0.1352478933707 -0.064256403462028 9.8111841058171 0.0055351078540342 0.0020859106577012 9.8123251298521 0.0003559445755066 0.00014972048297632 0.00056224819588636 0.00036396059208951 0.00015352513581243 0.00055607823204696 0.17753872816938 0.017691806012954 4 4 5 5 0
49.014238468565 8.4169779267824 115.99201202393 -0.006765 0.014341 2.0235873267949 0.0093466209116981 -0.003907522159325 0.010114258454319 0.00057420790062935 -0.019457359512289 -0.13445145889567 -0.066400750557957 9.8074697930568 0.0060084159397535 -0.00025138121520115 9.80861385757 -0.00033523627925952 0.0003177025747114 0.00034811642988795 -0.00033028306038774 0.00032007869533932 0.0003507176391475 0.17623280057923 0.021213203435596 4 4 5 5 0
49.014238458293 8.4169779402155 115.98262023926 -0.006745 0.014326 2.0232483267949 0.0091026564847246 -0.0037713445170757 0.0098355185172498 0.00058670251642661 -0.020412398547554 -0.1369514474783 -0.064199848911851 9.8065776218659 0.0034362429244903 0.0017133549662375 9.8077430826483 -0.00033784020412406 0.0001489280653507 0.00022124681456804 -0.00033465693641035 0.00015040542211756 0.00022507120005286 0.17792414113886 0.019104973174543 4 4 5 5 0
49.014238623063 8.4169779007681 116.00457000732 -0.006662 0.014374 2.0179623267949 0.012033959428717 -0.0041055006653619 0.012625912726331 0.0015030473787412 -0.018902208002068 -0.13653952207136 -0.067248189521387 9.8056259799228 0.0044493399822164 -0.0017080196017398 9.8068060165149 0.00031454129592646 -2.9785378721057e-05 0.00095871967450039 0.00032832272147372 -2.3387962096652e-05 0.00095426905350668 0.17623280057923 0.019104973174543 4 4 5 5 0
49.014238514151 8.4169779332561 115.95300292969 -0.006719 0.014325 2.0185493267949 0.0096672770247823 -0.0042919541342489 0.010572508239597 0.00031523473544356 -0.018317544720022 -0.13858184076034 -0.066315659163201 9.8084470241312 0.0018003234552452 -0.00030650043523947 9.8096500428666 0.00020753854928998 0.00012155629063789 0.001187651904775 0.0002244872851072 0.00012958195325607 0.0011836842417376 0.17753872816938 0.017691806012954 4 4 5 5 0
49.014238511091 8.416978134186 115.9700088501 -0.006668 0.014136 2.0204943267949 0.0069485705641481 0.0010069868237986 0.0058215195641743 0.0039246211875878 -0.024064566550175 -0.14024032409061 -0.067038091494702 9.8061758582684 -0.0013567128612226 -0.001711173271566 9.807407680649 -0.00019780828469075 -0.00024928399192845 7.2290623885524e-05 -0.0001967523643067 -0.00024880462994841 7.672813757768e-05 0.17753872816938 0.017691806012954 4 4 5 5 0
49.014238577347 8.4169778121471 116.02998352051 -0.006794 0.014379 2.0205763267949 0.011215354475576 -0.0055121139528038 0.012496137260018 -7.909540097276e-05 -0.01573288777489 -0.14437599830202 -0.067506833671808 9.8068652160728 -0.0031325886249972 -0.0011417000329967 9.8081596243093 -0.00034610942960061 -0.00051488611651315 0.00018704273873274 -0.00034334513520717 -0.00051360269842258 0.00019552881856833 0.17623280057923 0.019104973174543 4 4 5 5 0
49.014238677205 8.4169778923004 115.99351501465 -0.006657 0.014444 2.0158943267949 0.012960312321666 -0.0039920055964713 0.013416026494939 0.001978871204355 -0.020766097519475 -0.13716808237306 -0.062639990575724 9.8071556554151 0.004044914134801 0.0026635626552603 9.808313572475 5.1580939191882e-05 0.00080291243244461 0.00079136828951942 6.2928600977086e-05 0.00080815840760313 0.00078519078799477 0.17623280057923 0.017691806012954 4 4 5 5 0
49.01423849674 8.4169779827483 115.99704742432 -0.006683 0.01427 2.0245863267949 0.0097525801073115 -0.0025693130058528 0.0098913525908339 0.0019683566436091 -0.019075267197507 -0.13750621421055 -0.063413008054862 9.8084032605194 0.0028635578617593 0.0024254237733749 9.8095710875552 0.00057996143792673 -0.00076710187158683 -0.00055644749393674 0.000572032004888 -0.00077080059465262 -0.00055953074414792 0.17623280057923 0.021213203435596 4 4 5 5 0
49.014238519069 8.416977917464 115.95026397705 -0.006765 0.014362 2.0191293267949 0.010167914458918 -0.0048166516056166 0.011250925133489 6.4033806640981e-05 -0.018834766090259 -0.13313791350816 -0.061854538481456 9.8085341926473 0.0076967674034344 0.0043757067420031 9.8096286177403 -0.00018749402259101 0.00015139180702291 -0.00032786323603327 -0.00019219776680211 0.00014916941366004 -0.00032616296912083 0.17753872816938 0.017691806012954 4 4 5 5 0
49.014238532137 8.4169780999587 115.95526885986 -0.006594 0.014289 2.0131193267949 0.011697630804353 -0.0016706679880937 0.011288305500619 0.0034928918341579 -0.017205724843235 -0.13707048673108 -0.06363618277776 9.809480344487 0.0031256187258513 0.0010320457527687 9.8106438461706 2.9985015937234e-05 -3.5421556650258e-05 -0.0002710558977816 2.6140180121946e-05 -3.7204339855439e-05 -0.00027121788686306 0.17753872816938 0.017691806012954 4 4 5 5 0
49.014238464462 8.4169779464555 115.95865631104 -0.006727 0.014331 2.0209643267949 0.0088894317899999 -0.0042196289994529 0.0098398427826152 6.6093192605293e-05 -0.02014393857351 -0.13828052868712 -0.063363407882877 9.8142682334832 0.002435971709821 0.0027626163950666 9.8154465197083 0.00016219144863077 -6.7098700626581e-06 -3.9046350742125e-05 0.00016156390987403 -6.9805687361897e-06 -4.1336065702861e-05 0.17792414113886 0.019104973174543 4 4 5 5 0
49.01423850776 8.416978067132 115.96269989014 -0.006608 0.014256 2.0143933267949 0.010872189475314 -0.0017826183698281 0.010586233059301 0.003052018089306 -0.016610017854384 -0.13813760666542 -0.065489364639651 9.8100665482498 0.001784758255025 -0.00060100396375064 9.8112575900429 0.00027246206677496 -8.8745864185984e-05 0.00062838906580209 0.00028140833969653 -8.4599274226351e-05 0.00062502719008542 0.17753872816938 0.017691806012954 4 4 5 5 0
49.01423849276 8.4169779783519 115.96183776855 -0.006663 0.014261 2.0165943267949 0.0097599862721034 -0.003443522369375 0.01029134062948 0.0010977476043269 -0.016694613711457 -0.14182212132745 -0.063359945176309 9.8112272695973 -0.0016943549144442 0.002141882968692 9.8124564308707 0.00032475850542325 -0.00035486421785987 -0.00027757682847039 0.00032082473178803 -0.00035670051558332 -0.00027980221939678 0.17753872816938 0.017691806012954 4 6 5 5 0
49.014238476396 8.416977920237 115.99493408203 -0.006778 0.014314 2.0236693267949 0.0093825997272552 -0.0039053818664639 0.010145600245431 0.0005932480407658 -0.019131873512257 -0.14427226980022 -0.064222538179363 9.8115267264308 -0.0037068757631806 0.0020533294817374 9.812796492656 -0.00037510470267678 -0.00024083811921621 -0.00016340474040566 -0.00037739113346903 -0.00024189027070604 -0.00015638176901065 0.17623280057923 0.021213203435596 4 4 5 5 0
49.014238645478 8.4169779021898 115.99899291992 -0.006673 0.014372 2.0168413267949 0.01237517542049 -0.0039470567057954 0.012866686701228 0.0017811415025194 -0.019922181238903 -0.14114016186729 -0.065162656764893 9.8086472697352 -9.017381499265e-05 0.00016923562181475 9.8098790026998 -0.00017381961300175 -0.00013950829885564 -0.00067318321114318 -0.00018347301572953 -0.00014398122195281 -0.00066966553909407 0.17623280057923 0.019104973174543 4 4 5 5 0
49.014238481515 8.4169779935095 115.99523162842 -0.006694 0.014313 2.0250663267949 0.0096209046894032 -0.0026254379621492 0.0097974851176077 0.0018608902414225 -0.019115450359495 -0.13616142598251 -0.062114241212209 9.8138211913882 0.0044053456260271 0.0036884559727161 9.8149607434282 0.00012221092680832 -8.761688915481e-05 -2.8873648347287e-05 0.00012181475236734 -8.783685868053e-05 -3.0045824530348e-05 0.17623280057923 0.021213203435596 4 4 5 5 0
