49.027899559511 8.4408267770376 115.551902771 0.029822 0.013278 1.4504843267949 0.57466227153293 0.28220004037821 0.6043689358476 0.21121541705761 -0.0045197699470699 -0.31065705543373 0.28941357294201 9.7994184156567 -0.18224008056666 -0.0016338568160299 9.8069252451563 0.0026396907906798 0.0027654017318012 -0.00013447811335384 0.0026387662663609 0.0027682237774381 -8.6846825143707e-05 0.2674696244436 0.055172456896535 4 10 4 4 0
49.027772244442 8.4407877588705 115.71606445312 0.040707 0.012234 1.4453403267949 3.7147928113657 0.52487974634286 3.7512341760571 0.058428244385079 0.0038130034599381 -0.31763534972532 0.50550693144144 9.9067049311328 -0.1996784965693 0.10142423742799 9.9221717443807 -0.00063613793272214 0.0055295544016458 -0.012084951322663 -0.00077710749694381 0.0060173198627423 -0.01184006591059 0.14354441821262 0.032557641192199 4 5 5 5 0
49.027903258567 8.4408278919309 115.53510284424 0.02935 0.013251 1.4499653267949 0.50770221770394 0.27097055132099 0.53665676816831 0.20781218949404 -0.011999460702212 -0.096666589742347 0.26525990146612 9.8077903085215 0.034271656889903 -0.023362953843436 9.8117713769436 -0.00042767689867473 -0.0019854509241301 0.0010406158025296 -0.00041462551359366 -0.0020151355262597 0.00098740393960889 0.29920728600754 0.059413803110052 4 11 4 4 0
49.027912173763 8.4408236934724 115.53924560547 0.028766 0.014061 1.4450703267949 0.53401567269082 0.16841685968434 0.55089574443271 0.10024764626041 -0.0092424551905167 0.081802100695718 0.30934936315116 9.8063474326234 0.22054364053692 0.028861552801783 9.80905765398 0.0038323131310223 -0.0015629882119633 -0.0027910067873776 0.0037918839403279 -0.0014823426368527 -0.0028884519959933 0.29642030969554 0.053037722424704 4 9 4 4 0
49.027902007001 8.4408277978008 115.53823852539 0.029527 0.01345 1.4501833267949 0.51586742522651 0.27770249271547 0.54551490233679 0.21366188235854 -0.013993592114144 -0.24653173215461 0.27201256567569 9.8305471342831 -0.11355134815863 -0.018766880129031 9.8367267460513 5.5380177311684e-05 -0.0012506339407251 -0.00023159551942373 5.1820052356699e-05 -0.0012432530652833 -0.00026918930383301 0.29920728600754 0.059413803110052 4 11 4 4 0
49.027836070287 8.4408032779187 115.66618347168 0.034067 0.00866 1.4454583267949 2.9064726486168 0.43946968423624 2.9386179917234 0.072410290396784 1.0671432010292e-06 -0.71992438925369 0.45755279280598 10.02195958789 -0.63135652516823 0.10976801205398 10.037776871739 -0.011617846138799 -0.0032831842697218 0.0043529428125932 -0.011579566735515 -0.0034333661228062 0.004335975159487 0.17360011520734 0.045967379738245 4 11 4 4 0
49.027909250723 8.4408263338608 115.54573822021 0.029494 0.014458 1.4478773267949 0.60285535794913 0.23365599764085 0.62691343012407 0.15814051064347 -0.0061795548412453 -0.31194900059682 0.29982269787562 9.7890619320718 -0.17152607009495 0.011091217590406 9.7971184399189 0.0016218318748048 0.0024091307578401 -0.0023367912880974 0.0015891183653899 0.0024770223741895 -0.002287763133073 0.29642030969554 0.053037722424704 4 9 4 4 0
49.027911656412 8.4408239064931 115.54457092285 0.028506 0.014157 1.4454293267949 0.51987822356936 0.17406661026285 0.53754322335868 0.10779218099393 -0.0084050637481808 -0.071415384942757 0.27256427750819 9.7921991128615 0.068296501684603 -0.0051181500319295 9.7960215200347 0.003528865455082 -0.0016068923820068 -0.0019517339699453 0.0035000682506829 -0.0015508405030985 -0.0020466153850491 0.29642030969554 0.053037722424704 4 9 4 4 0
49.027887697286 8.4408192913828 115.64994049072 0.027781 0.013187 1.4515683267949 1.1480672286003 0.29160718599127 1.1746019314966 0.15298479424593 0.0028219348574685 -1.0987445193033 0.21324930115284 9.8218365721535 -0.97111760865677 -0.058205345089251 9.8374149425818 0.0021756023422655 0.003127834788719 0.00030593873711871 0.00218072291787 0.0031180748148067 0.00036369217377946 0.25205158202241 0.056568542494924 4 7 4 0 0
49.027902618739 8.4408279131096 115.53692626953 0.029496 0.013382 1.4500593267949 0.50707455589347 0.27394158113703 0.53636209063012 0.21091310185166 -0.012386032786308 -0.22147375246347 0.26960814228486 9.812340032403 -0.089438778669989 -0.020500796237162 9.818114246095 -0.000398216067031 -0.0014570887314784 -6.1964687425447e-05 -0.00039958431921565 -0.0014546208830206 -9.9623232022216e-05 0.29920728600754 0.059413803110052 4 11 4 4 0
49.027890064492 8.4408210192338 115.63422393799 0.028515 0.013485 1.4515883267949 0.98559345478276 0.28760435000574 1.0128029241702 0.16834773039639 -0.0073454079109139 -0.78834183761469 0.29962624765797 9.7305006181189 -0.65542373374666 0.02363608765549 9.7449491936831 0.0018220797241164 -0.0037130708898781 0.00051065349202338 0.0018273555282583 -0.0037260875123989 0.00037941609865708 0.25205158202241 0.056568542494924 4 7 4 4 0
49.027768906124 8.440787053721 115.71842956543 0.040864 0.011624 1.4464553267949 3.7304970780547 0.52900639639172 3.7672612325509 0.064956094526423 -0.010696042709276 -0.26208170071397 0.33455523670675 9.8415759724069 -0.146718942618 -0.063170566151669 9.8494711099166 0.0085518526043961 -0.0021310167185295 -0.012738865290999 0.0084010481023865 -0.0016145451393388 -0.012914781288853 0.14354441821262 0.032557641192199 4 5 5 5 0
49.027900880876 8.4408274207133 115.54387664795 0.029635 0.013703 1.4503163267949 0.53924804458381 0.27715138288993 0.56864778847012 0.21033614592507 -0.010484957470188 -0.33147873260425 0.25948394951104 9.7579687941686 -0.1987804046222 -0.03062621728487 9.7649755140996 -0.0012901070016289 0.0016481511426366 0.00034315640402374 -0.0012845708392126 0.001637327910128 0.00040964312973746 0.2674696244436 0.055172456896535 4 11 4 4 0
49.027901452961 8.4408277495938 115.54033660889 0.02961 0.013569 1.4502873267949 0.52640696226735 0.27897736500517 0.55612246735595 0.213683247395 -0.013729581239849 -0.25085534749405 0.25763326791394 9.7780963713745 -0.11755019954205 -0.032041979323309 9.7839484372582 8.5278345171467e-05 -0.001244195430158 5.999260902778e-05 8.5669300761076e-05 -0.0012454028613984 2.2030756286523e-05 0.29920728600754 0.055172456896535 4 11 4 4 0
49.027906058441 8.4408271748836 115.54329681396 0.029688 0.013124 1.4492273267949 0.60061572474902 0.26208350701807 0.62794869197084 0.18736694269025 -0.0081619102505529 0.039021951396578 0.29416827508307 9.7998127034722 0.16643301266024 0.0040318537316645 9.8028959088517 0.0025196876537652 0.001813263382815 -6.313493132748e-05 0.0025193308711284 0.0018143327325185 -4.2080339383467e-05 0.29920728600754 0.059413803110052 4 11 4 4 0
49.027897391538 8.440825936237 115.56896209717 0.029618 0.013071 1.4507713267949 0.60738114389796 0.27850114530437 0.63634102762748 0.20382640812377 -0.015544537200836 -0.27779280173008 0.28136156357595 9.7713613490477 -0.14819891902112 -0.0096374604441165 9.7782551320769 -0.0023213023463491 -0.003721285172654 -0.00048280948273222 -0.0023289341524042 -0.0037053071918588 -0.00056275656741019 0.2674696244436 0.055172456896535 4 10 4 4 0
49.027900243376 8.4408271242801 115.5482635498 0.02982 0.013481 1.4503473267949 0.55644643879001 0.2786445403505 0.58588052495128 0.2098085388327 -0.0063086062175477 -0.33087841980052 0.29438098461738 9.7829658578926 -0.20015454424048 0.0028777371422382 9.7909413865148 0.00082629502615894 0.0019452808294062 -0.00089587370704373 0.00081497849576326 0.0019711309216224 -0.00084841879152251 0.2674696244436 0.055172456896535 4 11 4 4 0
49.027782465967 8.4407898774879 115.70841217041 0.035976 0.012944 1.4410373267949 3.6529733980648 0.53075325806606 3.690907720925 0.056393590343128 0.0025288977629572 -0.27947713239446 0.10228297321569 9.7735889573935 -0.1581079201276 -0.25178436664565 9.7736635920633 -0.0041843086946969 0.0087045362827989 -0.013722422929335 -0.0043504098535877 0.0091960545718192 -0.013350637139099 0.14354441821262 0.032557641192199 4 5 5 5 0
49.027909750674 8.4408260969125 115.54711914062 0.029319 0.014459 1.4473893267949 0.58321843574796 0.22249597227728 0.60612939941144 0.14917982851281 -0.0075216035711513 -0.34887385120206 0.26971215866412 9.7877574294965 -0.20743370389113 -0.018260881468153 9.795477345237 -0.0004956952255736 0.0004497737813643 -0.0029853814152017 -0.00053858670217202 0.00053734266051906 -0.0029632922266257 0.29642030969554 0.053037722424704 4 9 4 4 0
49.027844012163 8.4408057818632 115.66756439209 0.030915 0.010393 1.4462183267949 2.6916225097975 0.4190555770964 2.7228394934615 0.081169326573376 0.013772200897861 -0.81853638408831 0.42512252516616 9.7223269166941 -0.72019751890592 0.11652869212318 9.7388383055582 -0.014628686636078 0.0049092747973512 0.0025684738445961 -0.014600902305189 0.0048238484962629 0.0028702522407719 0.17360011520734 0.045967379738245 4 11 4 4 0
49.027799220499 8.440793654355 115.69817352295 0.037557 0.017736 1.4384543267949 3.5381134859309 0.52365790151064 3.5762788089398 0.051926603924362 0.0082889500782761 -0.41554852938184 0.43608997505933 9.9162791785399 -0.24609695517081 0.056459575891942 9.9313793748532 -0.012350521985975 0.011800129064221 0.00082899847096639 -0.012326584125125 0.011759860647257 0.0014911250771099 0.15365220467016 0.039623225512318 4 10 4 4 0
49.027862882929 8.4408112450377 115.66474151611 0.027655 0.011122 1.4494333267949 2.2427003054439 0.40383050779734 2.2751097638433 0.12905948425607 0.0014700989301763 -0.67103776070282 0.29021327245643 9.8304642456053 -0.56156044326698 0.021919493399689 9.8416039062338 0.006572598924773 -0.00041929513170838 0.002719325995114 0.0066022493970313 -0.00049327336918089 0.0026336810500872 0.18663868837945 0.045254833995939 4 9 4 4 0
49.027881032646 8.4408167111886 115.65757751465 0.027544 0.012152 1.4512333267949 1.5590287673806 0.33374193659682 1.5877220079487 0.14523344728682 1.6857660721907e-05 -0.73213479174885 0.34905842211618 9.7617558556912 -0.61393959909887 0.081707463715369 9.7758163908107 0.0028984093550335 0.00080750796056832 0.0021853398414542 0.0029248926150648 0.00074725232312387 0.0021719037570756 0.21498139454381 0.049497474683058 4 9 4 4 0
49.027908692033 8.4408268175441 115.54314422607 0.029493 0.014209 1.4483863267949 0.61805421235346 0.24502409910733 0.64332451512947 0.16781293033326 -0.0052217910736922 -0.2259031597915 0.27932228057939 9.8032192980497 -0.088302758867152 -0.0095384775038206 9.8094031785218 0.0016043771212076 0.003526202382218 -0.0011047307189609 0.0015901099299399 0.003557235634802 -0.0010227886348925 0.29642030969554 0.053037722424704 4 9 4 4 0
49.027912838361 8.4408236898516 115.53333282471 0.028754 0.01393 1.4449253267949 0.56844577939484 0.1657388606308 0.5847473759478 0.093108821734226 -0.010123093562521 0.20574158544543 0.29576335059711 9.8147246667997 0.34322104934559 0.013387779790255 9.8153331679515 0.00031810100239336 -0.0014688486180519 -0.00063915357628696 0.00030846175733342 -0.0014498969768008 -0.00068560819767399 0.27526895938336 0.042426406871193 4 9 4 4 0
49.027865150098 8.4408118801036 115.66416168213 0.027582 0.011436 1.4497343267949 2.1782874354232 0.38954342061809 2.2094029896684 0.12336580966107 0.0039864682095075 -0.7768940551468 0.34691025458043 9.8466939475215 -0.66546610445507 0.074476268071327 9.8606923042173 -0.0013468135747241 0.0020232857082994 0.0024865128555742 -0.0013179939308198 0.0019538169804846 0.0025573608304928 0.18663868837945 0.045254833995939 4 9 4 0 0
49.027818340393 8.4407981492078 115.68260192871 0.035727 0.012869 1.4424303267949 3.3356566654665 0.48339421123584 3.3701137634996 0.051010306781426 -0.02303107939237 -0.67432616499803 0.21213957515157 9.8583835751331 -0.54056794634933 -0.15258296018785 9.8679088340211 -0.02237117016044 -0.011962691250622 0.0080025434624296 -0.022267295572934 -0.012249491294316 0.0078542552185929 0.17360011520734 0.045967379738245 4 10 4 4 0
49.027896664247 8.4408256905527 115.57595062256 0.029953 0.013411 1.4509093267949 0.62717173756066 0.28236220518367 0.65642316222245 0.20538261855097 -0.010337041002317 -0.52536946095347 0.28426187721419 9.7639981089439 -0.39292906924741 -0.0084432138292338 9.7743753164531 0.00016814682888782 -0.003135814562313 -0.00025272133155855 0.00016357113553659 -0.0031268665565124 -0.00034881673213525 0.2674696244436 0.055172456896535 4 10 4 4 0
49.027808918261 8.4407959842747 115.6915512085 0.042028 0.017286 1.4404313267949 3.454022932478 0.543164758378 3.4953519948277 0.088429215369674 -0.036887597357906 -0.45732712411654 0.53096702944424 9.7114735141241 -0.28398615769062 0.13329564609551 9.7317900514547 0.019792873090135 -0.0092965767143742 0.0064009190521623 0.019897634957712 -0.0095491904398653 0.005657023375139 0.15365220467016 0.039623225512318 4 10 4 4 0
49.027911255554 8.4408240953328 115.54669952393 0.028161 0.014325 1.4457653267949 0.52030124790579 0.1797621203819 0.53863895181853 0.11355866179725 -0.0077829659662998 -0.20355549025219 0.24017064614367 9.8116144663987 -0.062310069242649 -0.03589800855296 9.8164044855768 0.0015576084803071 -0.00075640238529066 -0.001093062043743 0.0015413911647798 -0.00072530169097006 -0.0011359636755218 0.29642030969554 0.053037722424704 4 9 4 4 0
49.027821348874 8.4407989182283 115.68018341064 0.034379 0.011983 1.4434703267949 3.2788354391334 0.48666091043836 3.3141195098254 0.064709585193423 -0.019729615830471 -0.74923563627259 0.30769132136422 9.9193504788267 -0.6255371464809 -0.040433690824387 9.9325568911147 -0.013007157929283 -0.0086850110315815 0.010819639907063 -0.012875790268404 -0.0090579569205891 0.010670965293154 0.17360011520734 0.045967379738245 4 10 4 4 0
49.027906921748 8.440826994031 115.54432678223 0.029536 0.013424 1.4490093267949 0.6185920202569 0.25642565093938 0.64513703976978 0.17946397084135 -0.0078466157723015 -0.040386292616395 0.28696054219772 9.8106176039508 0.089675788343873 -0.0035102515208839 9.8144967380153 -4.2397480850838e-05 0.0023937647953466 -0.00070590490380559 -5.0896870464873e-05 0.002413594620685 -0.00063397955853992 0.29920728600754 0.059413803110052 4 9 4 4 0
49.027879383194 8.4408161566739 115.65923309326 0.027124 0.012015 1.4510343267949 1.6198513066622 0.34219981681229 1.6491435990134 0.14609452204768 -0.00031835758488742 -0.68489940411756 0.18788769310965 9.8350221050429 -0.56533203255024 -0.076382741397087 9.844122394481 0.0045115946728274 -0.002573140362068 0.0016927907668378 0.0045309546590863 -0.0026180153421443 0.0015686044370373 0.21498139454381 0.049497474683058 4 9 4 4 0
49.027796038732 8.4407929531571 115.69889831543 0.039002 0.016456 1.4382653267949 3.5608227689434 0.53591441657124 3.6004144770079 0.060639135303359 -0.0059326125492981 -0.38444946402004 0.47236328421156 9.8748686612141 -0.22504135280305 0.085189858415508 9.8907025077069 -0.0031140973096212 0.0059348666206367 -0.00012265385093917 -0.0031110419273238 0.0059350554453417 0.00016074000259892 0.15365220467016 0.039623225512318 4 10 4 4 0
49.027910843702 8.4408244815397 115.54963684082 0.028164 0.014507 1.4460843267949 0.53288130412763 0.1859482756056 0.55184996835175 0.11832193314306 -0.0078507076564481 -0.26564821816456 0.23422111017845 9.7984237459957 -0.12341415218522 -0.043079082189432 9.8039556181115 -0.0011473217944575 0.00041298270977011 -0.0014374285129362 -0.0011678747696153 0.00045363813754106 -0.0014083062741476 0.29642030969554 0.053037722424704 4 9 4 4 0
49.027824675801 8.4407998868211 115.67797851562 0.035476 0.011584 1.4437383267949 3.2105369000834 0.49373519824704 3.2472347496046 0.082262690116849 -0.0085593934729622 -0.85923826049809 0.15754166755423 9.8019578355379 -0.743592402236 -0.1859436379184 9.8108832202181 0.0070883969998743 -0.0041832659803279 0.0060059948168624 0.0071575745743241 -0.0043908048351673 0.0057753348503711 0.17360011520734 0.045967379738245 4 10 4 4 0
49.02789886241 8.4408264998952 115.5567855835 0.029571 0.012937 1.4505193267949 0.58795282583915 0.28255725150754 0.61759369610233 0.21001296135898 -0.0071756880803434 -0.27305339070923 0.24514384456718 9.86527221218 -0.14602697815535 -0.046296621518343 9.8709075939494 0.00094586407555448 0.00082630225975191 -0.00060707048059069 0.00093821088671133 0.00084391673933469 -0.00059450080583798 0.2674696244436 0.055172456896535 4 10 4 4 0
49.027886390732 8.4408186353665 115.65391540527 0.027631 0.012755 1.4516873267949 1.2505029497575 0.30132945163049 1.277450281864 0.15058946305705 0.0027920896111114 -1.0591400993139 0.285799659507 9.7718040099848 -0.93485389960368 0.016781200478103 9.7886427550208 0.00188735365917 0.00074498967549825 0.00048348098284796 0.0018935752414614 0.00073146510735341 0.00047977258107265 0.25205158202241 0.056568542494924 4 9 4 0 0
49.027869025195 8.4408129739173 115.66487121582 0.02742 0.012446 1.4502713267949 2.0290204065267 0.37909484275418 2.0599060593946 0.13197528029282 0.010803880017796 -0.95652057447194 0.15269270913161 9.8315631143762 -0.83668333761915 -0.1160632057144 9.8430044668605 0.0015112613056383 0.0045346394089384 0.003660776660723 0.0015574260929273 0.0044329613343056 0.0037640752151538 0.21498139454381 0.049497474683058 4 9 4 4 0
49.027765555421 8.4407863548724 115.72399902344 0.039922 0.011734 1.4477093267949 3.7475728935897 0.52285350205841 3.7833760994426 0.061297627049324 -0.0073999761840138 -0.21849850921489 0.32553101322636 9.7381201840904 -0.10452039982636 -0.061643474925669 9.7452534449529 0.0033915532552592 0.00015191651292496 -0.011906699286563 0.0032519927760219 0.00062510109272534 -0.011930631514325 0.14354441821262 0.032557641192199 4 5 5 5 0
49.02790525046 8.4408272780162 115.54248046875 0.029556 0.012888 1.4494423267949 0.57777553414481 0.26606592794398 0.6057264139413 0.19419103100782 -0.0082679332188987 0.085110607593683 0.25478075933976 9.8007015138512 0.2110352097484 -0.033789344752545 9.8020521705391 0.0032721650917111 0.00073033070319397 0.0010885177699415 0.0032862037819062 0.00069780433753911 0.0010675580578597 0.29920728600754 0.059413803110052 4 11 4 4 0
49.027833387045 8.4408024232229 115.66703796387 0.035042 0.009003 1.4452693267949 2.9685829559475 0.45075415677068 3.0016782896195 0.0748224812224 -0.016870624343997 -0.8089841101654 0.45436435594074 9.8578271848502 -0.71527572680936 0.10269267481927 9.875065486559 -0.01157991902243 -0.0089828581871866 0.0071433390171656 -0.011514571386889 -0.0092319695557033 0.0069250318175099 0.17360011520734 0.045967379738245 4 11 4 4 0
49.027885185478 8.4408181520314 115.65576934814 0.027329 0.01268 1.4517013267949 1.3384747950101 0.3129905516039 1.3661913955566 0.15164667810803 0.0048778226055039 -0.98402330751434 0.24789346729928 9.7813577618659 -0.86086263348143 -0.018590483214208 9.7960959712682 0.0016015140759753 0.001660203771061 0.0013767673713967 0.0016191955073809 0.0016221037125738 0.0014009821275929 0.25205158202241 0.056568542494924 4 9 4 4 0
49.027802376472 8.4407943746974 115.69815063477 0.037722 0.018681 1.4388933267949 3.5103502840423 0.53468558572836 3.5501923548072 0.067589890828119 0.0068207074169357 -0.45185231908996 0.086421212918812 9.6473065588119 -0.27644720651704 -0.27642529704797 9.6504256334226 0.0019809740793049 0.0087155435156982 0.0034356928688667 0.0020496889625227 0.0085804665856144 0.0037192368962063 0.15365220467016 0.039623225512318 4 10 4 4 0
49.027872788116 8.4408141017371 115.66525268555 0.028163 0.013256 1.4504003267949 1.8551949352702 0.35296210388591 1.8841610771579 0.1275418068795 0.0064513771508497 -0.88658130673837 0.40567465259385 9.6867904230615 -0.75882840821776 0.13102403507205 9.7052372850244 -0.0031504432760712 0.0012842606994754 0.00071494087178415 -0.0031404364175212 0.0012638155561917 0.00079378854393932 0.21498139454381 0.049497474683058 4 9 4 4 0
49.027792521067 8.4407921575679 115.70107269287 0.039449 0.015875 1.4381253267949 3.5847122368535 0.54356092610916 3.6250914406519 0.065779490749314 -0.0076819390812115 -0.39508888128591 0.40368935663212 9.7885249963776 -0.24255347454801 0.018979102385329 9.8018056347808 0.0031445940720984 0.0051741980788251 -0.0060777822517877 0.0030538835202975 0.0054076830994769 -0.0059176412536856 0.15365220467016 0.039623225512318 4 5 5 4 0
49.027893208963 8.4408235009052 115.60442352295 0.028658 0.012916 1.4513693267949 0.84787311709049 0.29218518642227 0.87664582700104 0.18908620570685 -0.0051061678586574 -0.64274429638194 0.21792356812098 9.8717526045655 -0.51590723048549 -0.064048458780731 9.8813927799064 0.0010876655809196 0.00078059406910673 0.00047412933794928 0.0010939941711948 0.00076672298062301 0.00048210563955203 0.25205158202241 0.056568542494924 4 8 4 4 0
49.027779185015 8.4407891689278 115.71012878418 0.036288 0.011926 1.4423503267949 3.6716784368208 0.51016925820057 3.7067526310659 0.038615913113645 7.9815104767258e-05 -0.29713062094372 0.20440332278324 9.8609840569269 -0.17900477131578 -0.16385089979856 9.8647775002592 -0.018432589744343 -0.0014609797669431 -0.014249420234997 -0.01860240945113 -0.00092808002179732 -0.014072616812924 0.14354441821262 0.032557641192199 4 5 5 5 0
49.027867127504 8.4408124281779 115.66439819336 0.027377 0.011925 1.4499403267949 2.108874616198 0.37853436539037 2.1391412687273 0.12130168883031 0.0088162740292463 -0.88539611973698 0.21871874222362 9.8707983241134 -0.7697726189379 -0.052070820587288 9.8828004864817 -0.00092257681741542 0.0036454186676285 0.0020861319752172 -0.00089695333734285 0.0035868310019186 0.0021957854934129 0.21498139454381 0.045254833995939 4 9 4 4 0
49.027907619588 8.4408270368593 115.54356384277 0.029461 0.013552 1.4487953267949 0.62710944951155 0.25189945590224 0.65308540552555 0.17377659940276 -0.0058764164403546 -0.12002997546739 0.26764020261248 9.8267123245588 0.012648683266212 -0.022441674188511 9.8310625666805 -0.00022287313915519 0.00080389669466176 -0.00081311261320334 -0.00023350795937719 0.00082752875114254 -0.0007858329256956 0.29920728600754 0.059413803110052 4 9 4 4 0
49.027891189398 8.4408218513894 115.62425231934 0.028549 0.012811 1.4514503267949 0.93203133883064 0.28432525239512 0.95924917249951 0.17136232895267 -0.012686553903129 -0.57906940892688 0.27570742933965 9.7904599524155 -0.45073698342053 -0.0040533031378782 9.8011168685428 -0.0010260926357659 -0.0056791455138103 -9.1437574941186e-06 -0.0010284289757291 -0.0056764890875991 -0.00015878725798829 0.25205158202241 0.056568542494924 4 7 4 4 0
49.027910203279 8.4408255836147 115.54783630371 0.028922 0.014445 1.4469773267949 0.56533921661697 0.21116899511221 0.58705910278831 0.1398622316865 -0.0093521931715822 -0.28934984962478 0.28213518637035 9.7826736358692 -0.14779641518934 -0.0027276633257766 9.7899012929133 -0.0019771477045225 4.3912688432587e-06 -0.0017454879333137 -0.002002152458636 5.5317378905719e-05 -0.0017157569745858 0.29642030969554 0.053037722424704 4 9 4 4 0
49.027908270991 8.4408269909567 115.54286193848 0.029373 0.013859 1.4485983267949 0.62601060171329 0.24959050672822 0.65174548353129 0.17150011818068 -0.0052840756366822 -0.18460764297412 0.2382381349382 9.8283002292693 -0.049595908592725 -0.050659207802458 9.8326720907955 0.00049297265833748 0.0020989093090902 -0.0010049967797206 0.00047995135621435 0.0021275221790616 -0.0009496596014373 0.29642030969554 0.053037722424704 4 9 4 4 0
49.027830641921 8.4408015727062 115.67024993896 0.036477 0.009957 1.4448003267949 3.0438688083546 0.46924839313071 3.0787341013371 0.082054127838025 -0.013201011838991 -1.0064026385065 0.47886806894623 9.6895132962526 -0.90469041898014 0.12390670963033 9.7105760328595 -0.0026629279954136 -0.009218105036086 0.0071497743951051 -0.0025920614533174 -0.0094729380245731 0.0068296435550861 0.17360011520734 0.045967379738245 4 11 4 4 0
49.02787784948 8.4408156476407 115.66075897217 0.026561 0.0122 1.4508833267949 1.6762818961356 0.34023871410102 1.7049365833996 0.13738098578413 -0.0056801137235455 -0.69586466471146 0.16552871780119 9.8830006524499 -0.57338287711794 -0.096182804027373 9.8917811400631 0.0014755173711026 -0.0035550478695068 -0.0008003356021335 0.0014648303357322 -0.0035327479350264 -0.00091121372393324 0.21498139454381 0.049497474683058 4 9 4 4 0
49.027892263629 8.4408227634471 115.61194610596 0.028475 0.012751 1.4513733267949 0.89211923089659 0.28700601287999 0.91995198352828 0.17871292153538 -0.0115851130716 -0.58738937822133 0.23689853981012 9.8513462931479 -0.46118418133678 -0.044002235677935 9.8608159057889 -0.0014877247371828 -0.001662357747148 -4.7799220710741e-05 -0.0014888789171515 -0.0016602331912339 -7.6437506067243e-05 0.25205158202241 0.056568542494924 4 8 4 4 0
49.027913512288 8.4408235190783 115.52490234375 0.028637 0.014012 1.4445413267949 0.60575094346714 0.16447891729795 0.62162137653477 0.087023190331928 -0.0094388665626344 0.22526995285143 0.26863025749185 9.8104410047274 0.36245703992638 -0.012830566683273 9.8100041209814 -1.6556925220328e-05 0.00029071659267427 -0.0026501449903552 -5.3510307874802e-05 0.00036652197465477 -0.0026403082428382 0.27526895938336 0.042426406871193 4 9 4 4 0
49.027786051661 8.4407906892571 115.70594024658 0.037998 0.014623 1.4398113267949 3.6305894658731 0.55150626244771 3.6714780316335 0.07512738654753 -0.00084704396003024 -0.35300217492471 0.25186249184904 9.7545834031004 -0.21821136042043 -0.11012153649075 9.7612875714791 0.016054595601185 0.01380007792537 -0.012840616056962 0.01588256249904 0.01426737708114 -0.012547383210701 0.15365220467016 0.032557641192199 4 5 5 0 0
49.027838982169 8.4408042272133 115.66672515869 0.032474 0.009589 1.4455613267949 2.838427980759 0.43663375815123 2.8707455126535 0.078358434689618 0.017320984115514 -0.8802687770762 0.19917093163981 9.8506588065269 -0.78982962365845 -0.12603021484912 9.8597548501302 -0.0099652242269467 0.0068745893380433 0.0044698011006103 -0.0099210611431028 0.0067239865922677 0.0047789449389393 0.17360011520734 0.045967379738245 4 11 4 4 0
49.02785135197 8.4408080608541 115.66449737549 0.029054 0.009446 1.4476593267949 2.5028579758675 0.41449012982125 2.5348419415163 0.10332937830804 0.00062257377208629 -0.57593167349559 0.29746288130136 9.9003112760791 -0.48175156405586 0.0086329618871089 9.9098312757398 -0.0023455570865509 -0.0012005814639836 0.0054701712697814 -0.002293560322488 -0.001360034834459 0.0054551317043055 0.18663868837945 0.045254833995939 4 10 4 4 0
49.02790460857 8.4408275875738 115.53593444824 0.029359 0.012816 1.4495783267949 0.5513302554909 0.26868570393291 0.57975437882187 0.20010245368456 -0.0094678930844319 0.10590824446143 0.25742702939619 9.8242222233832 0.23288819659011 -0.030336453439828 9.8253630141859 0.0023611596634352 -0.0020235178725964 2.1787540862637e-05 0.0023604745716437 -0.00202332241726 -6.7829430603446e-05 0.29920728600754 0.059413803110052 4 11 4 4 0
49.027894991181 8.4408249887453 115.59143829346 0.029841 0.013581 1.4511213267949 0.73744068780639 0.29580624250572 0.76747081934653 0.20569320261876 -0.00043307187553404 -0.74336268187206 0.2670379989493 9.7876433062167 -0.61261972466704 -0.021783039926974 9.8003220738461 0.0055154692161794 0.0037011658019591 -0.00073859880291184 0.0055065447553973 0.0037214207099953 -0.00070245761133568 0.2674696244436 0.055172456896535 4 8 4 4 0
49.027789297513 8.4407914314886 115.70401763916 0.039048 0.015545 1.4386613267949 3.6080594354664 0.54910899453818 3.6489064291173 0.071402683745163 -0.0049804826081865 -0.39675971441234 0.39776138434558 9.7117200095741 -0.25098997977629 0.024037280047134 9.7247732073623 0.010538190764972 0.0091826427177584 -0.012206860242841 0.010359425184938 0.0096452629158766 -0.012002314859057 0.15365220467016 0.039623225512318 4 5 5 0 0
49.027858572313 8.4408100441947 115.66589355469 0.026347 0.011274 1.4490283267949 2.3458711400574 0.40477060279387 2.3777010060388 0.11609007119105 0.0089047364825577 -0.65732171679696 0.18429471339164 9.8045616803598 -0.5494283381435 -0.076408707798977 9.8126490709087 -0.0042858778392011 0.0045879181369423 0.0058129415358635 -0.0042203080837151 0.0044319756062961 0.0059785989827871 0.18663868837945 0.045254833995939 4 10 4 4 0
49.027815339351 8.4407974736539 115.68470001221 0.037968 0.014108 1.4417503267949 3.382370608251 0.48583214074382 3.4167895113362 0.045230592206061 -0.028292890888786 -0.5869122716546 0.54622129286987 9.9000245676365 -0.43805799845336 0.1552773078709 9.9216974902369 -0.02643465251781 -0.015714320598479 0.0075998439361335 -0.026327489860874 -0.016001303060274 0.0073615913736579 0.15365220467016 0.039623225512318 4 10 4 4 0
49.02786076776 8.4408106528613 115.66561126709 0.026921 0.011246 1.4492103267949 2.2938371845443 0.40751525907539 2.3263439268778 0.12599188532454 0.0044981344651533 -0.63968261048804 0.17928115896933 9.7321181550033 -0.53054806346069 -0.080404392058818 9.7400025999491 0.0042242436359953 0.00024221896555503 0.0028834123896137 0.0042561277968535 0.00016542341763914 0.0028406102934012 0.18663868837945 0.045254833995939 4 10 4 4 0
49.027775562041 8.4407884341498 115.71360015869 0.038684 0.012264 1.4439003267949 3.6941978186502 0.50901404879516 3.7288761844523 0.04032286358333 0.0012462298993801 -0.37332489218887 0.49278626393177 9.7005086556579 -0.25431171602662 0.10699100432958 9.7163116649461 -0.018310702962858 -0.000392720198428 -0.01396201373331 -0.018480694138991 0.00016211082659705 -0.013736603542329 0.14354441821262 0.032557641192199 4 5 5 5 0
49.027904019016 8.4408277469595 115.53283691406 0.029229 0.013001 1.4497273267949 0.5262284246917 0.26899984483983 0.55484111651297 0.20353854566294 -0.01109029527491 0.075408893877041 0.25155722933324 9.8198091153945 0.20441538377905 -0.036224640913083 9.8211377087398 -0.00025723680169642 -0.0027868936856503 -0.00021669498659013 -0.000261068206122 -0.0027793379473302 -0.00029483613604914 0.29920728600754 0.059413803110052 4 11 4 4 0
49.027856138428 8.4408093995597 115.66548156738 0.026855 0.010765 1.4483173267949 2.4039092830945 0.40145259920872 2.4349644670145 0.10435318719509 0.0093677977268022 -0.63317680785063 0.20300709042329 9.7585447063433 -0.53012501413297 -0.064858368356064 9.7666360143589 -0.010457825429573 0.0032149739507902 0.0036009597917889 -0.010418390560579 0.0031145883541849 0.0037996413061738 0.18663868837945 0.045254833995939 4 10 4 4 0
49.027849028348 8.4408073381471 115.66561889648 0.029113 0.009455 1.4472353267949 2.5500477286402 0.42584806385007 2.5831424279991 0.1070257896726 -0.0038896432469236 -0.66145964906389 0.36595833302077 9.7779019860792 -0.56600109385147 0.0755164115114 9.7904161678747 -0.010619645802711 -0.0052655318064219 0.01002538761647 -0.010523240055895 -0.0055596039726213 0.0099688233607931 0.18663868837945 0.045254833995939 4 11 4 4 0
49.027874495466 8.4408146092472 115.66390228271 0.027324 0.012918 1.4506213267949 1.7916513084284 0.34178449283945 1.8197207986736 0.12428434172335 -0.0011035052684066 -0.73249786865713 0.23709171802913 9.7316595963119 -0.60515728299032 -0.03289429815018 9.7432761469457 -0.0073331762708389 -0.0029784925580966 0.0027703052456981 -0.0072976477356073 -0.003053533507767 0.0027832672656064 0.21498139454381 0.049497474683058 4 9 4 4 0
49.027871041196 8.44081358205 115.66551971436 0.028601 0.013037 1.4504163267949 1.9338862733589 0.37324709841283 1.9647227126425 0.13816776304864 0.014965435088632 -1.0024373983252 0.32168966777151 9.7900133902192 -0.8774334062717 0.046985580098869 9.807223624937 0.0096809225349902 0.0047433930559957 0.0014311565815083 0.0096996001615444 0.0047019620133466 0.0014385204528934 0.21498139454381 0.049497474683058 4 9 4 4 0
49.027894194958 8.4408243326821 115.59648895264 0.029235 0.013108 1.4512193267949 0.7926543518512 0.29601629765964 0.82229901243365 0.19937905711462 -0.00029275265179156 -0.69588175867993 0.24003677227297 9.8300564119761 -0.56802280635025 -0.04440874668588 9.8411057105245 0.0047245989014318 0.0014207455245081 -0.00026122752967687 0.0047213642030114 0.0014276267188255 -0.00028155155620378 0.25205158202241 0.056568542494924 4 8 4 4 0
49.027841532792 8.4408050348067 115.66723632812 0.0322 0.010062 1.4460643267949 2.7625282938451 0.44338192522296 2.7962529471405 0.095437874849538 0.017849491209278 -0.8930011895002 0.20900614708686 9.773136970672 -0.7981705867816 -0.10877203239195 9.7830558775934 -0.0059802891641127 0.0062227367689231 0.0069729984633573 -0.0059097865193567 0.0059932931312957 0.0072276024111646 0.17360011520734 0.045967379738245 4 11 4 4 0
49.027910517693 8.4408248737037 115.54916381836 0.028381 0.014515 1.4464803267949 0.54910634943568 0.19549441718623 0.56907647964764 0.12604112651588 -0.008910060439393 -0.27746326772546 0.28733861231064 9.8138688428655 -0.13538114703511 0.0066313026535832 9.8210606884453 -0.0022491043147145 0.0013827581772857 -0.0020289265733349 -0.0022776734946171 0.0014401905135265 -0.0019560327771765 0.29642030969554 0.053037722424704 4 9 4 4 0
49.027888896824 8.4408201139795 115.64350891113 0.028289 0.013918 1.4516603267949 1.0587115388232 0.29113581792864 1.0858216695255 0.16316016065322 0.00067318079307881 -1.030839114917 0.24226191405741 9.7412248417772 -0.89853281924945 -0.030887086847417 9.7572724266421 0.0037637320318819 0.0055200211722479 0.0014773617809286 0.0037859635019552 0.0054761104618899 0.0015801539884993 0.25205158202241 0.056568542494924 4 7 4 0 0
49.0278981954 8.4408262077346 115.56129455566 0.029482 0.01278 1.4505743267949 0.59858395302862 0.28011203203055 0.62783685057964 0.20636576012031 -0.013744706214125 -0.25500847220395 0.23176899121779 9.8679253696453 -0.12748619380339 -0.059759635347121 9.8729434054013 -0.00057424330400661 -0.0029254712116852 -0.00084529653771502 -0.00058613121870162 -0.0028992689865752 -0.00092373576991832 0.2674696244436 0.055172456896535 4 10 4 4 0
49.027883934649 8.4408176989657 115.6559677124 0.027164 0.012483 1.4515843267949 1.4194818923132 0.31883851252321 1.4473471754174 0.14754909814437 0.004691053383725 -0.90114546578976 0.19094435376789 9.8198827943679 -0.78033886071096 -0.07616319342872 9.8317922189886 -0.00060722358929474 0.0032094587888807 0.0027022893679455 -0.00057274051610134 0.0031348076039483 0.0027957353794185 0.25205158202241 0.056568542494924 4 9 4 4 0
49.027846674078 8.4408066127043 115.66697692871 0.030091 0.009966 1.4462423267949 2.6117532359829 0.4212070041423 2.6438626144339 0.09305345185597 0.0053443074960313 -0.84254881217076 0.05439815771602 9.716645065218 -0.74431492917868 -0.2424168575752 9.7219414476186 -0.0084385809525064 -0.0026947509191249 0.0044345521968061 -0.008394581248036 -0.0028277039860175 0.004437283721619 0.18663868837945 0.045254833995939 4 11 4 4 0
49.027805818684 8.4407952120626 115.69538116455 0.04002 0.018323 1.4398353267949 3.4785298818221 0.55225321208086 3.5208950732637 0.091782646971714 -0.018203034502033 -0.45062707603051 0.35347848892085 9.5448536451114 -0.27401935550718 -0.019344692489211 9.558260850523 0.017118815080346 -0.0026297902986807 0.0077565055322162 0.017257630624765 -0.0029313642376672 0.0073228592091087 0.15365220467016 0.039623225512318 4 10 4 4 0
49.027853834485 8.4408087777543 115.66513061523 0.027843 0.010315 1.4479913267949 2.4528818848773 0.40613368570004 2.4841764377414 0.10218196814262 0.011556808692564 -0.58368713104543 0.32705507775511 9.8350812481843 -0.48593802007115 0.047118336712886 9.8457208640677 -0.010911767080076 0.0066377183963261 0.003608994607814 -0.010873850814133 0.0065317373649466 0.0039044641312323 0.18663868837945 0.045254833995939 4 10 4 4 0
49.027811996976 8.440796719167 115.68779754639 0.041408 0.016027 1.4410383267949 3.4236630047984 0.51944608795571 3.4621233435813 0.070837064928124 -0.036983431338931 -0.55814475691421 0.65111269273277 9.8481391828023 -0.39315143070232 0.24081581916139 9.8746461179669 -0.0037199136320347 -0.012018129468552 0.0071550837848609 -0.0036085475200026 -0.01230501491665 0.0067009305395615 0.15365220467016 0.039623225512318 4 10 4 4 0
49.027827576318 8.4408007486349 115.67369842529 0.036292 0.010998 1.4443523267949 3.1356387277766 0.49433938886955 3.1729750016047 0.093904186405272 -0.0087978502423514 -0.94887605250785 0.3970268745691 9.8262326240133 -0.83732997747524 0.045667358371987 9.8443079209284 0.0092475724554337 -0.0062535683021822 0.0082021964350019 0.0093371696394421 -0.0065430091531527 0.0078687592568602 0.17360011520734 0.045967379738245 4 11 4 4 0
49.027876264846 8.4408151491848 115.66226959229 0.026271 0.012524 1.4510483267949 1.7307298533728 0.34106866519936 1.7591062899358 0.13150933404399 -0.0082502309847975 -0.66804192425114 0.18661064949533 9.7729158911245 -0.5435186741086 -0.075025494143082 9.7821506697377 -0.0088370895712334 -0.0037752859211802 0.0039058617709187 -0.0087879907228645 -0.0038782044382533 0.0039161335802637 0.21498139454381 0.049497474683058 4 9 4 4 0
49.027895896386 8.440825460379 115.58319854736 0.030069 0.013783 1.4510033267949 0.67351746361534 0.29015183388542 0.70334989024041 0.20763837138536 -0.00544047419627 -0.73845856880105 0.32588920274276 9.7366651935509 -0.60497372630801 0.034043339115921 9.7512682038933 0.0020952188058527 0.00086069280352988 -0.00022945263072945 0.002092258407502 0.00086713793888378 -0.0002323329387018 0.2674696244436 0.055172456896535 4 8 4 4 0
49.027882445401 8.4408171824953 115.65653991699 0.027199 0.012098 1.4513483267949 1.4980831882687 0.32181284057214 1.5257681856125 0.14088244718736 0.00013315594030541 -0.79570524837587 0.26559941183051 9.8160646861886 -0.67674450273967 -0.0025607311775938 9.828583670607 -0.0020130532694778 -0.00034714114247264 0.0016518287109189 -0.0019930609560954 -0.00039213442233716 0.0016661205447076 0.21498139454381 0.049497474683058 4 9 4 0 0
