49.01096231398 8.4159713851201 118.00887298584 -0.018622 0.046705 -1.8480729803847 -0.26413000054972 -0.087527649900411 0.27799249366183 0.012164395668235 -0.012658956955159 -1.4456790503482 -0.21224814529346 9.7713771326085 -0.98992931072416 -0.027122247634769 9.8302766609088 0.0063390840887491 0.0040080473590535 -0.013987976227484 0.0056794655996187 0.0037411329538079 -0.014340531029664 0.65346461266085 0.086052309672664 4 8 4 4 0
49.010962230588 8.41597337528 117.98950195312 -0.019258 0.045019 -1.8488939803847 0.0081592056813386 0.021519685374593 -0.013753685750479 -0.018452783829628 -0.014835119818421 -0.46753572924912 -0.18161841406553 9.7876911404917 -0.026621547582398 0.0069995032812722 9.8004992872608 4.162722407498e-05 0.00026501899588003 0.00024190106625795 5.2214798188573e-05 0.00026964990540427 0.00023479081948232 0.65088401424524 0.076485292703892 4 9 4 4 0
49.010958046418 8.4159707014339 118.44348144531 -0.019069 0.043334 -1.8505389803847 -0.25267278603746 -0.056762398741827 0.25852814608822 -0.015146089161197 0.00088787619062749 0.18991932427834 -0.22254597918862 9.8283030408763 0.61389412451966 -0.032474504554682 9.8134236982538 0.0048724498657123 0.0028925549424862 -0.0051420687154577 0.0046437181845579 0.002792469456951 -0.0054029269976271 0.55936124284759 0.04101219330882 4 9 4 4 0
49.010962632013 8.4159715039501 118.0054397583 -0.019265 0.04629 -1.8467319803847 -0.35774409509272 -0.11104029592506 0.37445249019715 0.0098564160073245 -0.01603722241834 -1.3956440679566 -0.22785180006082 9.7963762035256 -0.9423360879406 -0.036137570292391 9.8528889719313 0.0063904759873064 0.0032964394517156 -0.019326989560848 0.0054902386190203 0.0029166721837097 -0.019661829673708 0.65346461266085 0.086052309672664 4 8 4 4 0
49.010962012078 8.4159714057305 118.01155853271 -0.018796 0.046668 -1.8488559803847 0.025701368059996 0.0016554578385226 -0.025168195385392 0.0054689247965763 -0.0061043830418871 -0.7594875843232 -0.15610322162461 9.7721503005818 -0.30052920845708 0.025715890480868 9.7982878294228 -0.0031605361662039 -0.0038147649170271 0.0009696261088692 -0.0031082544194392 -0.0037959728085806 0.0011878516443822 0.65346461266085 0.086052309672664 4 9 4 4 0
49.010962098057 8.4159732828959 118.02571105957 -0.019311 0.044939 -1.8489129803847 0.012989932481439 0.022469333815732 -0.018659683389041 -0.018039551303671 -0.013957240183012 -0.45824480828857 -0.19617747107844 9.8001231049418 -0.01767693110508 -0.0069593141887797 9.8127762918586 -0.00018330106864763 0.00030198521253381 6.7012603232424e-06 -0.00018310931343909 0.00030211293731464 9.1626601663092e-06 0.65088401424524 0.076485292703892 4 9 4 4 0
49.010961634117 8.4159728452935 118.01664733887 -0.019158 0.04482 -1.8487739803847 -0.018173125440566 0.0043441309431808 0.016283452486593 -0.0091641964620888 -0.0099533874365479 -0.35446090039444 -0.13307414502142 9.8455451981683 0.088161139379376 0.055417779420728 9.8522715485253 4.6450783868333e-05 -0.0019081754306135 -6.863704478116e-05 4.4920291467085e-05 -0.001909153520042 -3.4463695291992e-05 0.65141461451214 0.080156097709407 4 9 4 4 0
49.010960663501 8.4159724121646 118.17656707764 -0.019171 0.045028 -1.8489839803847 0.0084017864167204 0.019640996505606 -0.013472061448184 -0.016578965054653 -0.0073129398115067 -0.44737460567688 -0.18002691182233 9.7931514802526 -0.0059698906988716 0.0078806420324187 9.8050150110907 0.00014985944238636 -0.00021507515764632 -0.00037632345409324 0.00013297588257264 -0.00022228373142601 -0.00037844551819063 0.58898641750044 0.053758720222862 4 9 4 4 0
49.010959461611 8.4159713055934 118.33487701416 -0.018882 0.044604 -1.8488839803847 0.0088576043836343 0.017071257779416 -0.013205129053014 -0.013982514098429 -0.0092563480250877 -0.43127837001472 -0.20915920092692 9.7744583536989 0.0059675286550414 -0.024169895681697 9.786172407068 0.00072703870721378 -0.0016476592132868 0.0015649243440917 0.00079754388302191 -0.0016177737886257 0.001561716877142 0.56868444677167 0.045254833995939 4 9 4 4 0
49.010960498392 8.4159722014815 118.19509887695 -0.019148 0.044989 -1.8489219803847 0.007284160386302 0.018458943825184 -0.012072874851412 -0.015749210036999 -0.0060188459156534 -0.43766546221414 -0.19559130958937 9.8139766820621 0.0044315126795361 -0.007594905133515 9.8256769627798 -9.7485375135876e-05 -0.00036024163272963 0.00077448322858552 -6.2196347428928e-05 -0.00034536421604211 0.00078492273194758 0.58898641750044 0.053758720222862 4 9 4 4 0
49.010961963137 8.415974210824 117.98070526123 -0.01947 0.045009 -1.8488189803847 0.00064073884457607 0.024323339845264 -0.0072918458376114 -0.023213530506326 -0.014915854305106 -0.45707182586542 -0.21237552088924 9.786831141975 -0.015533534052326 -0.021902523106269 9.79976697582 -0.00027065220775616 -0.0010365424591732 8.7734165550718e-06 -0.00026906556643537 -0.0010361201587957 4.1132017664299e-05 0.65088401424524 0.076485292703892 4 9 4 4 0
49.010961844665 8.4159740912318 117.98863220215 -0.01936 0.044993 -1.8488499803847 -0.0057803275340218 0.018105872900018 0.00058829388886852 -0.01899705368382 -0.013461600288056 -0.40211139054969 -0.1724834471933 9.8095555425985 0.040147780167091 0.017843453999944 9.8192219081138 0.00096826737668821 -0.00066118551660594 0.00017424892180354 0.00097568773559406 -0.00065769942422125 0.00014341925533861 0.65141461451214 0.080156097709407 4 9 4 4 0
49.010961967638 8.4159739986023 117.98496246338 -0.019317 0.045029 -1.8488059803847 -0.0019187054082042 0.022686448979197 -0.0043815738431137 -0.022341843644932 -0.014962692411407 -0.41161847948508 -0.16761588085192 9.7997776775752 0.029909113963689 0.022222501687436 9.8097843109567 0.00059429010073792 0.00010190579090816 0.00040422880907249 0.00061174794382904 0.00010970255254475 0.00037517464804816 0.65088401424524 0.076485292703892 4 9 4 4 0
49.010959676503 8.4159714085687 118.30748748779 -0.018965 0.044738 -1.8490689803847 0.0094843855235794 0.019387934317445 -0.014444992277789 -0.016037113880856 -0.0067100549384312 -0.43588300931489 -0.17356912435165 9.7759952110452 0.0025069549121831 0.011951153493847 9.787239769011 0.00018793490743455 -0.0011836874585579 -0.00042257617457097 0.00016979694530402 -0.0011914953676989 -0.00040815247166618 0.56868444677167 0.045254833995939 4 9 4 4 0
49.010961742275 8.4159726772867 118.01445770264 -0.019179 0.04507 -1.8488199803847 -0.0036048010038795 0.0027514510207224 0.0027112361441201 -0.0036352184085607 -0.014482487607013 -0.35992255557089 -0.17831085524029 9.8180640588566 0.084676909761484 0.010531767019554 9.8259078212269 0.0011632011054802 -0.0032993427946014 -0.00019092967597031 0.0011561953482682 -0.0033024183766452 -0.00018081770669428 0.65141461451214 0.080156097709407 4 9 4 4 0
49.010961984497 8.4159738208578 117.9870300293 -0.019307 0.045038 -1.8487999803847 -0.0024183458933737 0.02274244553602 -0.0039161079360169 -0.02253290623623 -0.013199445464749 -0.46475522315271 -0.17886602422104 9.8123422624972 -0.02252174239353 0.010673434178735 9.8249413473589 -0.00015971790391255 0.00020527981766032 0.0002370528592531 -0.00014907297843702 0.00020982478345147 0.00024003612497707 0.65088401424524 0.076485292703892 4 9 4 4 0
49.010958446201 8.4159708898502 118.41820526123 -0.019573 0.042988 -1.8499539803847 -0.19147260876687 -0.035901580476063 0.19395802740003 -0.018205656735069 -0.0021928810747543 0.21640590151479 -0.22374836851844 9.8680067468458 0.63896793926835 -0.029867524081597 9.8521772478585 0.0014689719538452 0.0022991142990234 -0.004782763842603 0.0012608863218578 0.0022046766341609 -0.0048861796400924 0.55936124284759 0.04101219330882 4 9 4 4 0
49.010960285971 8.4159719867694 118.22365570068 -0.019161 0.044987 -1.8490009803847 0.0089957394432625 0.017917703262412 -0.013570756292602 -0.01475811344426 -0.0057926940212203 -0.4255106380468 -0.19294516517292 9.8156441138906 0.016635246503623 -0.004641418242628 9.8267455166451 0.00026753668332719 -0.00032057667027307 0.00020249285033821 0.00027665023128185 -0.00031661775732509 0.00019643557485183 0.56868444677167 0.045254833995939 4 9 4 4 0
49.010962977182 8.4159714581553 118.00540924072 -0.01968 0.046029 -1.8448209803847 -0.44437876124785 -0.13497427634694 0.46430619740454 0.010372962257404 -0.018562416394152 -1.3077824783478 -0.16082107632184 9.7535875114336 -0.85948746400813 0.035402948797581 9.8045307594176 0.0087019150248531 0.0036519184250352 -0.023053043598986 0.0076342514670598 0.0031859194906001 -0.023496502321413 0.65346461266085 0.086052309672664 4 8 4 4 0
49.01096220227 8.4159733998033 117.98718261719 -0.019258 0.045019 -1.8489209803847 0.005426632511861 0.021387243150924 -0.011089128684066 -0.019075991686199 -0.014832427426528 -0.45498319669852 -0.16867211464745 9.7886306737316 -0.014365994764069 0.019593509060365 9.8006239182445 -0.00071417405098208 0.00088399899120046 -0.00077740000371784 -0.00074913819303236 0.0008688762760698 -0.00076119873426231 0.65088401424524 0.076485292703892 4 9 4 4 0
49.010958851412 8.4159710544748 118.38800048828 -0.019637 0.042648 -1.8494429803847 -0.12170027674611 -0.013792394601415 0.1208039268556 -0.020195696875322 -0.011336751745182 0.23268866064781 -0.18794518746266 9.9074565478141 0.65723428501142 0.0047180862679463 9.8901772005826 -0.0032266007300666 -0.004212776629731 -0.0039458711789415 -0.0033888783580047 -0.004288838291473 -0.0037221531501306 0.55936124284759 0.04101219330882 4 9 4 4 0
49.01096167178 8.4159732537224 118.00775146484 -0.019458 0.045499 -1.8488999803847 -0.017848089860555 0.010474426739937 0.014287754108334 -0.014970749295866 -0.0087231450717204 -0.5135388481977 -0.19883721324907 9.7838961623558 -0.070602287652048 -0.0098300028696054 9.7991404193583 -0.002121948394115 0.0050855045825786 -0.0011922975929568 -0.0021783546842067 0.0050614221506272 -0.0011931035918236 0.65141461451214 0.080156097709407 4 9 4 4 0
49.010960116064 8.4159718137131 118.248878479 -0.019169 0.044933 -1.8490259803847 0.011156737987374 0.017647952966322 -0.01557472968842 -0.013905065462595 -0.005003908222693 -0.44855591399577 -0.19325915079319 9.804113477095 -0.0071487744880752 -0.0050285273579734 9.8162711359119 0.00046721179902209 -0.00070700458275738 -9.4726163295637e-05 0.00046307159548592 -0.00070869802864724 -0.00010198693925272 0.56868444677167 0.045254833995939 4 9 4 4 0
49.010961839942 8.4159724924885 118.01079559326 -0.019368 0.04544 -1.8487839803847 -0.0072649117316454 -0.0013481353415966 0.0073559593692438 -0.00069803317537181 -0.011896613226811 -0.66127946687603 -0.18944031315129 9.7385407375782 -0.22057957612255 8.4546674663732e-05 9.7602933444821 0.0018920367850494 0.0043531339666365 0.00037356639559397 0.0019030009881622 0.0043596494930224 0.00020310587790707 0.65141461451214 0.080156097709407 4 9 4 4 0
49.010961939365 8.4159709556711 118.01475524902 -0.018368 0.047124 -1.8491039803847 -0.048731879792681 -0.021590726285535 0.052786802167074 0.0074049406338837 -0.0065227856786866 -1.6373219666186 -0.18214696874666 9.7851113005044 -1.1758524387003 -0.0022460812452467 9.8529130490536 0.00010718414644805 0.0023084059034577 -0.0028518120668343 -2.8439072566831e-05 0.0022552789714336 -0.0028954008574264 0.65346461266085 0.086052309672664 4 8 4 4 0
49.010960399023 8.415972093371 118.20789337158 -0.019188 0.045051 -1.8490369803847 0.0083282782027143 0.018200621690614 -0.013006548599667 -0.015213554799938 -0.0058530968620272 -0.46808356631758 -0.17232346533267 9.7804680315893 -0.027186611811531 0.015188375329668 9.7931315841014 -0.00040763356796765 0.00020961796171844 -0.00052689068949141 -0.00043111231349462 0.00019949058830396 -0.00051190529556805 0.56868444677167 0.045254833995939 4 9 4 4 0
49.010962153656 8.4159735494019 117.98514556885 -0.019241 0.044904 -1.8488929803847 0.0052653796868029 0.021174942650751 -0.010875404942475 -0.018916327909398 -0.014960548658968 -0.41739593350133 -0.17943829347217 9.8193254904156 0.024428457598641 0.00997086767611 9.8297994033305 0.0005701222795727 -0.00085674747937597 -0.00063226854861505 0.00054186387249995 -0.00086882032733781 -0.00064055445349513 0.65088401424524 0.076485292703892 4 9 4 4 0
49.010959776625 8.4159714707439 118.29544830322 -0.019041 0.044862 -1.8489969803847 0.011264965156418 0.018644530967932 -0.015951833472723 -0.014834317394885 -0.0049836260986162 -0.41745584914041 -0.17490214665631 9.7812742722474 0.022097375135273 0.011838423868563 9.7917094237852 0.00084641176465469 -0.00061350876152524 -0.00035953965182265 0.00082997987648497 -0.00062024611885248 -0.00038543158848868 0.56868444677167 0.045254833995939 4 9 4 4 0
49.010962059133 8.4159719139173 118.0076675415 -0.019576 0.045262 -1.8489239803847 -0.002462747142406 0.0015723031235182 0.0019364682644356 -0.0021878094620844 -0.0076694122744299 0.040501565622789 -0.16885888113133 9.8280723192194 0.49129919283576 0.020035165341309 9.817463297459 -0.0058964322736953 -0.01072372196538 -0.00093816815434952 -0.0059233868586614 -0.010739992520222 -0.00046037149506738 0.65141461451214 0.080156097709407 4 9 4 4 0
49.010962265569 8.4159733490167 117.99541473389 -0.019311 0.044877 -1.8488849803847 0.011247901744552 0.021929696990436 -0.016836388357464 -0.017998972260278 -0.015037624963508 -0.44978680150082 -0.19660765009652 9.7966516402596 -0.0091764122165544 -0.0074681993256869 9.8089384998258 -0.00027177941734039 -0.00078493123665483 0.00047414887713535 -0.00024955399067733 -0.00077555923102367 0.00050102568451669 0.65088401424524 0.076485292703892 4 9 4 4 0
49.010961554042 8.4159730867667 118.08592224121 -0.019296 0.045009 -1.8489509803847 0.011167645066846 0.022217318417805 -0.016838462646521 -0.018297309393812 -0.010759965775627 -0.46388810278536 -0.172342632305 9.7845100315909 -0.023577614710468 0.016330828850217 9.7969776507515 -0.00030706502990733 0.00060338660734816 -0.00040939582564489 -0.00032565397321299 0.00059539512816223 -0.00040664350596274 0.58898641750044 0.053758720222862 4 9 4 4 0
49.010961951521 8.4159721855954 118.00865936279 -0.019577 0.044739 -1.8488849803847 -0.027827222024752 -0.0063927282253967 0.028513059310292 -0.0014918438509855 -0.0080236469716923 -0.43356436112466 -0.25594979086022 9.7738446457599 0.0068920626851748 -0.065185647585397 9.786502370188 -0.00078585642498825 -0.004940852986869 -0.00024808406202861 -0.00079186583571091 -0.0049447564231734 -0.00011532035833936 0.65141461451214 0.080156097709407 4 9 4 4 0
49.010961006115 8.4159727557492 118.13999938965 -0.019172 0.045073 -1.8489729803847 0.0079423151456377 0.02123058651526 -0.013466747153397 -0.018233615802292 -0.0080813396202336 -0.44429427064886 -0.17527680149922 9.8072311775111 -0.0023509459776392 0.012843110508132 9.8188466234916 2.7482349337435e-05 0.00060179618081148 -0.00016493261371441 1.9493188843222e-05 0.00059852774244129 -0.00017745603114283 0.58898641750044 0.053758720222862 4 9 4 4 0
49.010961936243 8.4159741773225 117.9807434082 -0.019419 0.04515 -1.8488709803847 -0.0058436964043762 0.023302047824818 -0.0007770873364681 -0.02401104000815 -0.013545801553583 -0.51908745297922 -0.18454212169881 9.7867603868914 -0.076751561702357 0.0054887082730982 9.8019556614141 -0.00012496936216978 0.0001497395620485 -0.00016072216702915 -0.0001322135840317 0.00014659527159636 -0.00015773343723973 0.65141461451214 0.080156097709407 4 9 4 4 0
49.010960852959 8.4159725829437 118.15616607666 -0.01925 0.045053 -1.8489069803847 0.0085000349100768 0.020322184919965 -0.013753116108418 -0.017207381578185 -0.0077633796725659 -0.46508120479799 -0.19833033692097 9.7939577843979 -0.023409892196241 -0.010154462453448 9.8069686277814 -0.00088275192914143 -0.00019124920462921 0.00050270720991436 -0.00085905372896061 -0.000181568502047 0.00054559002231903 0.58898641750044 0.053758720222862 4 9 4 4 0
49.010962054288 8.4159712165702 118.01271057129 -0.018405 0.046879 -1.8488349803847 -0.15663590245661 -0.05312649023849 0.16519749779423 0.0082067456880319 -0.010448423936379 -1.5292295284724 -0.11719379174072 9.767626228104 -1.0707228108727 0.063657043178202 9.8289681908535 0.0021240662069154 0.0016152757025378 -0.0075295004406114 0.0017687923955087 0.0014747422857883 -0.0076490685312766 0.65346461266085 0.086052309672664 4 8 4 4 0
49.01096117022 8.415972862497 118.12342834473 -0.019205 0.045006 -1.8490019803847 0.0098615769292938 0.02210808089776 -0.015553319175481 -0.01855026919114 -0.0093092584384864 -0.44901647969784 -0.18142716154163 9.7885333271584 -0.0083639875383512 0.0068851405361974 9.8005023375587 0.00041730864686932 0.00023049498096072 -0.0005613403728788 0.00039145454137508 0.00021968683149367 -0.00058378018959393 0.58898641750044 0.053758720222862 4 9 4 4 0
49.010961822949 8.4159731820872 118.05879211426 -0.019271 0.044906 -1.8489189803847 0.013130100996726 0.021925571208874 -0.018645641819729 -0.017477714715615 -0.01249721954061 -0.4345549550216 -0.19973166136694 9.8035570551153 0.0063978559938793 -0.010507710730002 9.8152103176157 0.00040875166022616 -0.00086151675263697 0.00037328151737235 0.00042579602301844 -0.00085416301996685 0.00037106932665007 0.58898641750044 0.053758720222862 4 9 4 4 0
49.010959960526 8.4159716357813 118.27187347412 -0.019157 0.044875 -1.8490239803847 0.012124286515694 0.018791111364705 -0.016819018510592 -0.01473854604846 -0.0049779329447401 -0.44567267726812 -0.18574829139931 9.8017672738228 -0.0049171060579082 0.0021841486643547 9.8136533657335 0.00018649613344159 -0.00084282170179314 -6.2771030841653e-05 0.00018420010641568 -0.00084388977172757 -5.4879997851583e-05 0.56868444677167 0.045254833995939 4 9 4 4 0
49.010960222698 8.4159719218343 118.23316192627 -0.019195 0.044981 -1.8490069803847 0.0090822717528944 0.017820395585375 -0.013627547399559 -0.014640499589865 -0.005037503372307 -0.46271644436555 -0.18217226592203 9.7899640007676 -0.021986259588331 0.0057257480771626 9.8025623697414 -0.00014424285988646 0.00019780833851385 0.00045014916688189 -0.0001240490464573 0.00020641013645513 0.00045236650273243 0.56868444677167 0.045254833995939 4 9 4 4 0
49.010962238876 8.4159733351276 118.00527954102 -0.019289 0.044889 -1.8488869803847 0.011853814097329 0.021653915498684 -0.017343280073272 -0.01756745597217 -0.014615369407443 -0.42572921470987 -0.18202032979256 9.8096472357525 0.01495641016147 0.0072777721277011 9.8205566756948 2.9599271112124e-06 0.00017451199048342 0.00042457011619967 2.1814177624453e-05 0.00018268155315532 0.00042054374816065 0.65088401424524 0.076485292703892 4 9 4 4 0
49.010959115446 8.4159711416972 118.36894226074 -0.019256 0.04308 -1.8490389803847 -0.057169082336962 0.0025457189315274 0.054273994107507 -0.0181431636233 -0.018019470161891 0.19196050831479 -0.15412262554019 9.8374382148683 0.62015380074283 0.034407505106857 9.8209685035613 -0.0015193860515591 -0.0084150742600395 -0.0031618875905265 -0.0016473564195852 -0.0084743633154107 -0.0029309282930433 0.55936124284759 0.04101219330882 4 9 4 4 0
49.010961977334 8.4159732340158 118.04164123535 -0.019302 0.044967 -1.8489549803847 0.014220241378702 0.023017337888814 -0.019993503121652 -0.018228354059678 -0.013411183952604 -0.4593761869406 -0.17841147415271 9.7869822059613 -0.019091220599555 0.010704358810277 9.7993592807169 0.00027143697967621 0.00017510600938821 -0.0003869165006293 0.00025361014816042 0.00016761927243642 -0.00040203915006943 0.58898641750044 0.053758720222862 4 9 4 4 0
49.010961750298 8.4159737627508 117.99678039551 -0.019451 0.045237 -1.8488669803847 -0.0082545222321334 0.014037532543042 0.0040840526305743 -0.015764083789658 -0.01237231082451 -0.5128282320558 -0.21745362203156 9.7672618480641 -0.06934762101051 -0.027529880699867 9.7828543773174 0.00034549367063301 -0.0016781941904673 -5.7987292217538e-05 0.00034399107111267 -0.0016789995446522 -4.0836268550418e-05 0.65141461451214 0.080156097709407 4 9 4 4 0
49.010961363662 8.4159730042666 118.10414886475 -0.01927 0.044965 -1.8489779803847 0.010784907823993 0.022413531877583 -0.016524724308995 -0.018590706795747 -0.010111942230014 -0.44598874422415 -0.18573459052955 9.8075223194125 -0.0043446570584364 0.0033571743280938 9.8194148536371 9.3883688703152e-05 -0.00069545232710587 -0.00049755828105479 7.2077347601452e-05 -0.00070487929070367 -0.00048777025543538 0.58898641750044 0.053758720222862 4 9 4 4 0
49.010961915925 8.4159741525395 117.98299407959 -0.019396 0.045139 -1.8488909803847 -0.0097087749404891 0.020976905772024 0.0035777390277191 -0.022836158221832 -0.013600506750956 -0.4129397862851 -0.17707211707454 9.8141668101546 0.029914553115862 0.013118602774683 9.824397381044 -0.00034297839998907 0.0011412120131107 -0.00049281209811228 -0.00036590865787509 0.0011314452196191 -0.00049872222308428 0.65141461451214 0.080156097709407 4 9 4 4 0
49.010962091235 8.4159736852299 117.98598480225 -0.019323 0.045024 -1.8488609803847 0.0031883422734649 0.0229734069368 -0.0093714046769947 -0.02121597531974 -0.014485964582746 -0.48173923071999 -0.18867144771695 9.7686465644765 -0.041144492653654 -1.4661368548009e-05 9.7822528887157 -0.00054325939567808 -0.00039877561176998 -0.00041222468474123 -0.000560896818099 -0.00040669719872202 -0.00037960025656074 0.65088401424524 0.076485292703892 4 9 4 4 0
49.010959873397 8.4159715604919 118.28395080566 -0.019096 0.044931 -1.8489629803847 0.012384923684328 0.018512728300899 -0.016992855973355 -0.014399670693526 -0.0040030656937787 -0.43867330255706 -0.18718803728855 9.80420269782 0.0020125376614754 0.00058355683727732 9.8157980892849 0.00089494820207664 0.0004198877601315 0.00063159336028841 0.000922036245068 0.00043188667054935 0.00058267599614626 0.56868444677167 0.045254833995939 4 9 4 4 0
49.01095932602 8.4159712441219 118.35008239746 -0.019068 0.044137 -1.8487879803847 -0.0031024284849709 0.013957775827147 -0.00084746477067626 -0.014272695006375 -0.014739613176308 -0.15621026798439 -0.16043743119494 9.733382632566 0.27598772411319 0.024087043294905 9.7320544672916 -0.0019604173899484 -0.0045874513372659 0.0003450576897816 -0.0019390452083795 -0.0045801736784285 0.00051815532595493 0.56868444677167 0.045254833995939 4 9 4 4 0
