49.014238551333 8.4169781816707 117.07601928711 -0.006723 0.013779 1.9050633267949 -0.0072307192540327 -0.0025539863760505 -0.0059896299938277 -0.0047887889775619 0.030707293662132 -0.1366529852538 -0.065584629285533 9.8067955235264 -0.0013711159235531 0.0004045118573923 9.8079667327446 0.00017119301526695 -0.00030801602117079 0.000315715971652 0.00017552282708674 -0.00030590391694981 0.00031537633916256 0.17920379460268 0.0162788205961 4 4 5 5 0
49.014238521827 8.4169781528559 117.12395477295 -0.006699 0.013747 1.8965613267949 -0.0098782614761188 -0.0024626023684265 -0.0085716763133975 -0.0054928337990466 0.03205596709766 -0.13860317672421 -0.065923367224513 9.8090883265902 -0.0034618708262021 0.00021969103298851 9.8102883994938 0.00080870223214533 -0.00045189593087824 -0.00041971755463011 0.00080286593447802 -0.00045475661963737 -0.00042777947283797 0.17993887851157 0.017691806012954 4 4 5 5 0
49.0142385371 8.4169781964712 117.07442474365 -0.006732 0.013815 1.9069903267949 -0.0073078929736197 -0.0023521146718161 -0.0061180162722476 -0.0046380415682527 0.030587589161618 -0.13594469448322 -0.065706998945153 9.8039139708196 -0.00079550605264512 9.8698515739366e-05 9.8050765830788 -0.00020471142465042 0.00043531889248686 -0.00050864006866962 -0.00021175840872145 0.0004318819806886 -0.00050864283653258 0.17920379460268 0.0162788205961 4 4 5 5 0
49.014238555408 8.4169781543376 117.08353424072 -0.006741 0.013808 1.9016073267949 -0.0078476479229486 -0.0028984606170795 -0.0064776142991103 -0.0052941142096765 0.031037193363395 -0.14026055437435 -0.067274010682042 9.8052453764043 -0.0048960402188316 -0.0010777198200752 9.806478159188 0.00025920899214706 2.8292457305807e-05 -7.9996903400539e-05 0.00025808047843198 2.7798017922692e-05 -8.3727591715748e-05 0.17920379460268 0.0162788205961 4 4 5 5 0
49.014238485818 8.4169781344296 117.13748168945 -0.006736 0.013697 1.8954883267949 -0.011116747608102 -0.0025507045073729 -0.0097196615711459 -0.0059681746157872 0.033473256422572 -0.13765264351856 -0.064365021218187 9.8109243246027 -0.0027323322991188 0.0019305756030307 9.8120999507358 0.00050967207437284 -0.0009565616204513 7.8411260975701e-05 0.00051078375841395 -0.00095602787680408 7.786567891542e-05 0.17993887851157 0.017691806012954 4 4 5 5 0
49.01423856044 8.4169781404689 117.095703125 -0.006819 0.01381 1.8979683267949 -0.0084550299431531 -0.0029704292582511 -0.0070496785057315 -0.0055329180968235 0.031408991807961 -0.13631224167523 -0.067195101016568 9.8042699619813 -0.00088709212672747 -0.00066671868877735 9.8054475224301 -0.00054723501954235 -0.00010714550168188 7.8243145362799e-05 -0.00054608876173227 -0.00010662535145574 8.6515040271767e-05 0.1795689282699 0.0162788205961 4 4 5 5 0
49.014238552943 8.4169781431279 117.10961914062 -0.00674 0.013812 1.8966443267949 -0.0090106563255618 -0.0031996793135863 -0.0075140563357978 -0.0059135809578933 0.031776739078062 -0.14348508583754 -0.067962453068722 9.810796506982 -0.0081790764000593 -0.0017402928504241 9.8120775988039 0.00010933362199498 0.00032523244778924 6.615820772601e-05 0.00011023818028301 0.00032568241136391 6.2445003482027e-05 0.17993887851157 0.017691806012954 4 4 5 5 0
49.014238572979 8.4169781144553 117.10404968262 -0.006754 0.013798 1.8957603267949 -0.0084999682615604 -0.0035395809273455 -0.0069224615617219 -0.0060710850320623 0.031758245657431 -0.13592339645308 -0.067623717238874 9.8072621925421 -0.00050983030228902 -0.0012054228216058 9.8084372601929 0.0003922155751081 -0.00022235919599118 -0.0011498224417423 0.00037632477518284 -0.00023013486256548 -0.0011535881477231 0.1795689282699 0.0162788205961 4 4 5 5 0
49.014238556154 8.4169781488165 117.11427307129 -0.006769 0.013796 1.8968823267949 -0.0089306475453547 -0.0028660919023845 -0.0075428893218701 -0.0055746316314109 0.032181892562418 -0.13724705738158 -0.061323069416195 9.8104894730489 -0.0018505354926323 0.0048920038275323 9.811639627551 -0.00038067001960578 -0.00015523398737217 -5.9593364852815e-05 -0.00038142610128754 -0.00015560259950146 -5.3300717937962e-05 0.17993887851157 0.017691806012954 4 4 5 5 0
49.014238555247 8.4169781480713 117.09307098389 -0.006772 0.013826 1.8988343267949 -0.0084491129186982 -0.0029115014898889 -0.0070581742694018 -0.0054814389500922 0.031290427580907 -0.14017289356834 -0.068322964663733 9.8075484885667 -0.0046850441519328 -0.0018460630251369 9.8087866511865 0.0001570671703443 0.00016860096944337 -7.9586154196624e-05 0.00015592783165041 0.0001680861720091 -8.2896983621265e-05 0.1795689282699 0.0162788205961 4 4 5 5 0
49.014238559637 8.4169781578091 117.11863708496 -0.006714 0.013748 1.8972493267949 -0.0088373042616484 -0.0025361130932337 -0.007558345261498 -0.005234682082746 0.032348343983261 -0.14148113213019 -0.070061663711356 9.8083396486796 -0.0061830304060997 -0.0040617778854556 9.8096071677496 0.00021743055990237 -0.00089612355299813 0.00087892626738533 0.0002295736163895 -0.00089023009864318 0.0008818685530041 0.17993887851157 0.017691806012954 4 4 5 5 0
49.014238525154 8.4169782162946 117.07069396973 -0.006716 0.013768 1.9089843267949 -0.0072362231846713 -0.001999110568272 -0.0061572896674013 -0.004295371597815 0.030309885769845 -0.13872362618226 -0.063059153083296 9.8091983618003 -0.003601501663376 0.0026524466991179 9.8103808888537 -0.00012806058538128 -0.00024381836848598 -0.00080811069575904 -0.00013915336402492 -0.00024924966615457 -0.00080463356754002 0.17920379460268 0.0162788205961 4 4 5 5 0
49.014238546609 8.4169781546956 117.11556243896 -0.006757 0.013774 1.8962783267949 -0.009390152439209 -0.0022998943829976 -0.0081599697445545 -0.0051845935359358 0.031444966035758 -0.13570879782352 -0.064645569336555 9.8093913939259 -0.00036914439282456 0.0016107001882585 9.8105429317877 5.7690707885e-05 -0.0004606966112973 -0.0003163111864685 5.3382947205599e-05 -0.00046281308268102 -0.00031395842863004 0.17993887851157 0.017691806012954 4 4 5 5 0
49.014238567086 8.4169781310458 117.09857177734 -0.006766 0.0138 1.8970733267949 -0.0084250862792162 -0.0032606985757391 -0.0069330801858073 -0.0057920510009269 0.031610272105415 -0.13561375668312 -0.0635666437984 9.8123701465598 -0.00014899412058349 0.0029371073885926 9.8135128264715 0.0002436990545878 -0.00016186212837351 6.0777916580781e-05 0.00024452262641659 -0.0001614133827437 5.8513290184609e-05 0.1795689282699 0.0162788205961 4 4 5 5 0
49.014238555055 8.4169781530768 117.09048461914 -0.006788 0.013888 1.8995633267949 -0.0081180269134748 -0.0029267530667059 -0.0067369762300037 -0.0053927178278654 0.031049342038339 -0.13569491624801 -0.066010897549412 9.8064271667836 -0.00016228988929153 0.00049589576395719 9.8075880460951 -5.192002780469e-05 0.0012525927098078 -0.00047778270105724 -5.8677747588151e-05 0.0012493421303486 -0.00048550333009863 0.1795689282699 0.0162788205961 4 4 5 5 0
49.014238557583 8.416978160391 117.08102416992 -0.006731 0.013824 1.9026533267949 -0.0075125198548949 -0.0027198609495077 -0.0062128890218089 -0.0050236618875722 0.030937060050472 -0.13647690427147 -0.062236627417687 9.8081323663124 -0.0010915300934044 0.0038611701474967 9.8092785043656 0.00025626007771268 0.00033286612196441 -0.0001549043527486 0.00025409688045563 0.00033181864826607 -0.00016066296411519 0.17920379460268 0.0162788205961 4 4 5 5 0
49.014238544013 8.4169781723339 117.11449432373 -0.006721 0.013817 1.8970633267949 -0.0092448046905618 -0.0021721033807735 -0.0080606165766455 -0.0050210408058651 0.03188607502205 -0.14117911264821 -0.067466329399611 9.8087153045102 -0.0059058258373749 -0.0013260710712446 9.8099614697972 0.00041386366596342 0.0004837150762357 -0.0010580060116966 0.00039919459639592 0.00047657921153613 -0.0010668456641137 0.17993887851157 0.017691806012954 4 4 5 5 0
49.014238567853 8.4169781544365 117.08397674561 -0.006778 0.01384 1.9005053267949 -0.0079044668651378 -0.0029096936350598 -0.0065336256395833 -0.0053158861338465 0.031001038603107 -0.13610397592184 -0.066044496682255 9.8096867958721 -0.00046922733330678 0.00038140555244919 9.8108531622407 -0.0001236695217997 0.00012549755921358 0.00031363846595771 -0.00011932182818803 0.00012765458388416 0.00031447348725746 0.17920379460268 0.0162788205961 4 4 5 5 0
49.01423850924 8.4169781710195 117.12870788574 -0.006728 0.013715 1.8974303267949 -0.010181750959797 -0.0022495573322389 -0.0089240381948204 -0.0053936769455054 0.032441609948833 -0.1335262235594 -0.066314241640126 9.8058812238921 0.0014390370964063 -0.00025783186318252 9.8070144258451 9.8789667675742e-05 -0.00082495678718256 -2.5583350338236e-05 9.8507735904032e-05 -0.00082512546757387 -2.1349761584881e-05 0.17993887851157 0.017691806012954 4 4 5 5 0
49.014238458596 8.4169781285708 117.14601135254 -0.006833 0.0137 1.8953953267949 -0.012195286657761 -0.0025951272514531 -0.010730497399442 -0.0063495013873457 0.033938430685725 -0.13633333519906 -0.067783968073211 9.8085097843992 -0.0017205551875354 -0.0010580924046523 9.809691313977 -0.00048152045792241 -0.00043005919692473 -0.00066258725445429 -0.00049049519964436 -0.0004346215929267 -0.00065294351087488 0.17993887851157 0.017691806012954 4 4 5 5 0
49.014238568827 8.4169781547868 117.08583831787 -0.006755 0.013812 1.8999223267949 -0.0078361739229457 -0.0028119220476957 -0.0065047080217659 -0.0051962583281414 0.030972143739774 -0.14176666321176 -0.062977350341598 9.810794690198 -0.0060840420662474 0.0033197378557719 9.8120186173175 7.954004297659e-05 -0.00033617893974146 -0.00085376993707262 6.7807311240521e-05 -0.00034193895527101 -0.00085249691239452 0.1795689282699 0.0162788205961 4 4 5 5 0
49.014238555931 8.4169781317442 117.10617828369 -0.006771 0.013783 1.8961503267949 -0.0087461588457708 -0.0035686639300969 -0.0071493546473428 -0.0061739665315351 0.031860606028065 -0.13480451029613 -0.060228490012825 9.8066547654579 0.00040141759536608 0.0060812342990461 9.8077643176137 -0.00025154386839363 1.5828538075526e-05 -0.00024184094410678 -0.0002548600952562 1.4185744696811e-05 -0.00023844971095195 0.1795689282699 0.0162788205961 4 4 5 5 0
49.014238549568 8.4169781785415 117.07821655273 -0.006753 0.013777 1.9042793267949 -0.0074859657156381 -0.0024631372241761 -0.0062646915555441 -0.0047812604273951 0.030586173788963 -0.13777371554712 -0.067570815557788 9.8104073273479 -0.0024202724977038 -0.0015118582302909 9.811606898636 -0.00025831834914797 -0.00037499327209925 -0.00091686421218585 -0.00027090723888225 -0.00038118471413383 -0.00091066572669504 0.17920379460268 0.0162788205961 4 4 5 5 0
49.014238469451 8.4169781300361 117.14343261719 -0.006775 0.013737 1.8954343267949 -0.011814106964434 -0.0026985707603438 -0.010336162191179 -0.0063260828780045 0.03398158193209 -0.13448343079431 -0.064797280781248 9.8075257771495 0.0002512033821602 0.0016718481009612 9.808661719453 8.286006204375e-05 -2.9366542101342e-05 -3.7388573454512e-05 8.2388803416577e-05 -2.9626919408281e-05 -3.8308405498525e-05 0.17993887851157 0.017691806012954 4 4 5 5 0
49.014238496308 8.4169781553383 117.13204193115 -0.006735 0.013744 1.8964533267949 -0.010602994311763 -0.0021297700176729 -0.0093614132024137 -0.005415167679278 0.032798388724152 -0.13763446993655 -0.065865702464828 9.8086279777474 -0.0027050440730374 0.00026525832694944 9.809814159764 0.00029517372551918 -0.000181517768721 -0.00038230603127412 0.00028990829839376 -0.00018409540482845 -0.00038507852385934 0.17993887851157 0.017691806012954 4 4 5 5 0
49.014238477543 8.4169781321418 117.1404800415 -0.006797 0.013749 1.8954703267949 -0.011550668931942 -0.0026460311578446 -0.010102707916614 -0.0061931631137039 0.033615554888524 -0.14235259815711 -0.066061455362542 9.8086782917738 -0.007400560932948 0.00033948323952316 9.809931060803 -0.00042940579934211 -0.00018458154105831 0.00023381787111253 -0.00042612690327087 -0.0001829804904096 0.00024095829738209 0.17993887851157 0.017691806012954 4 4 5 5 0
49.014238569206 8.4169781232392 117.10134124756 -0.006761 0.013785 1.8965143267949 -0.0084824193700144 -0.0034671795041798 -0.0069251917339037 -0.0060012845569771 0.031720777335283 -0.14125379611465 -0.063599168916185 9.8071922882828 -0.0058992883345786 0.0027569115275212 9.8084134630829 0.00014229353282812 -0.00033919418992531 0.0001938923908342 0.00014500135062697 -0.00033787539369091 0.0001941953039257 0.1795689282699 0.0162788205961 4 4 5 5 0
49.014238455782 8.41697814366 117.1471786499 -0.006763 0.01372 1.8960193267949 -0.012320460304983 -0.0024227617460831 -0.010902139675539 -0.0062295767025934 0.033999913524088 -0.14009411342159 -0.063616975159096 9.8082696979187 -0.0054033857119032 0.002741476338423 9.8094746194475 3.586477091437e-07 -0.00028408863802671 -0.00021143988596858 -2.5049556860141e-06 -0.00028552152663947 -0.00020949560065568 0.17993887851157 0.017691806012954 4 4 5 5 0
49.014238572034 8.416978109162 117.10584259033 -0.006778 0.013829 1.8953463267949 -0.0085553087368719 -0.0035912425142043 -0.0069616134273094 -0.0061340616192156 0.031875379091774 -0.1367863443705 -0.064761305203017 9.8079849272014 -0.001264254552129 0.0016495634411122 9.8091523155749 -6.340684113275e-05 0.00016810827788778 -0.00070101990085662 -7.3105435441609e-05 0.00016339383028584 -0.00070120973425862 0.1795689282699 0.0162788205961 4 4 5 5 0
49.01423855181 8.4169781641155 117.1169128418 -0.006761 0.013818 1.8971783267949 -0.0089261478139286 -0.0024417217790988 -0.0076721770780553 -0.0051745541134083 0.032242880075091 -0.13238796439102 -0.060940686821447 9.8084002940348 0.0029067446053332 0.0051850884951815 9.8094810474729 -0.0003247017411524 0.00042818253176728 -7.7980247470011e-05 -0.00032577561525551 0.00042763520187608 -7.6366269620171e-05 0.17993887851157 0.017691806012954 4 4 5 5 0
