49.014237866714 8.4169768708833 117.23483276367 -0.006436 0.013587 2.0900453267949 -0.013918362190412 0.019490740588925 -0.021754834140606 0.010016850407853 0.0034517677599538 -0.13332250823226 -0.06385435634337 9.8044980255954 0.00015910472342939 -0.00091441590685359 9.805612475502 -0.00030674300881604 -0.00045246986258296 -7.8817767511369e-05 -0.0003077277511072 -0.00045293704110361 -7.1733425688454e-05 0.18383960400305 0.020518284528683 4 4 5 5 0
49.014237945913 8.4169763431124 117.32760620117 -0.006776 0.014096 2.0968203267949 -0.0079263961895883 0.0059719300744181 -0.0098530020776896 0.0011863525291217 0.013128851572347 -0.13539988928645 -0.058597236624423 9.8073630107336 0.0023324918661238 0.0075824734259998 9.8084692245278 -0.00027604883993096 0.00072514677721168 0.00032232072126669 -0.00027157117273467 0.00072731713918314 0.00032129863384149 0.18560711193271 0.021931712199461 4 4 5 5 0
49.014237878527 8.4169768314954 117.24143218994 -0.006415 0.013604 2.0898453267949 -0.013496664421095 0.019171786225785 -0.021229572998483 0.0099510191949963 0.0042516729181218 -0.13715527231285 -0.065835633721907 9.8088664084964 -0.0034299804750096 -0.0028671192818178 9.8100452059811 8.4490193298155e-05 -0.00048971554018947 5.8418377911573e-06 8.4624581390048e-05 -0.00048965030033401 7.8105775522151e-06 0.18383960400305 0.020518284528683 4 4 5 5 0
49.014237824309 8.4169770493224 117.20571899414 -0.006366 0.013577 2.0916653267949 -0.014972117877475 0.022666103863195 -0.024258542169078 0.012224621041614 0.00024007553274252 -0.13779018088655 -0.064537732071209 9.8053113379373 -0.0045727481448976 -0.0021314439922835 9.8064906881344 -6.0649443777722e-05 -0.00026067910855213 0.0014449321969599 -4.0988526409552e-05 -0.00025152353644321 0.0014472328252843 0.18383960400305 0.020518284528683 4 4 5 5 0
49.01423798176 8.416976161922 117.33962249756 -0.006808 0.014145 2.0985503267949 -0.0060857573663282 0.0015153645627996 -0.0060211510654062 -0.0017537393803917 0.014622832332487 -0.14064832079635 -0.062163204219521 9.8066158174646 -0.0021851848363137 0.0044162424124396 9.8078201425659 -0.00014754405240128 0.00024787276488774 0.00064341792919153 -0.00013845983100961 0.00025225326615221 0.00064373706930431 0.18560711193271 0.021931712199461 4 4 5 5 0
49.014237840392 8.4169770147187 117.2172164917 -0.006394 0.013656 2.0963493267949 -0.01316458635544 0.022060149037183 -0.022450255044441 0.012487829373337 0.00079722501733884 -0.14164963842997 -0.070167640522315 9.8104030237288 -0.0074327811450097 -0.007138626141366 9.8116708718974 0.00072584037829741 -0.00068352198015759 0.00040588645439465 0.00073139723167329 -0.00068089056181557 0.0004003380606825 0.18517289218457 0.021931712199461 4 4 5 5 0
49.014238192327 8.41697560687 117.3970413208 -0.006901 0.014383 2.1025523267949 0.001776649516583 -0.012267651940436 0.0077475704934279 -0.0096759113608685 0.019807842130252 -0.13645208035111 -0.06548757751248 9.8124595891156 0.0042657897875187 0.0024634241749171 9.813625422003 0.00039705562053012 0.00065949053197225 0.00035104980787266 0.00040199241869165 0.00066190447109893 0.00034071276043303 0.18604569331215 0.020518284528683 4 4 5 5 0
49.014238205336 8.4169756045566 117.39339447021 -0.006903 0.014372 2.1034583267949 0.0024979682186121 -0.012671094297249 0.0085823346934315 -0.009650642563558 0.019369461148448 -0.14224117090267 -0.064969946369042 9.8055750423492 -0.0015583492735409 0.0027106777820521 9.8068215001676 -8.5207297822849e-05 0.00039563702945357 0.00022278060614551 -8.2036214053322e-05 0.00039716317018703 0.00022123358564532 0.18604569331215 0.020518284528683 4 4 5 5 0
49.014237874482 8.4169768113072 117.25051879883 -0.006549 0.013842 2.0972583267949 -0.010990413863652 0.017068623406369 -0.018081054288455 0.0092306390669371 0.0046283528747581 -0.13810667157416 -0.070741190314983 9.8090954496875 -0.0021231463203519 -0.0065588529972174 9.8103205468314 0.0001803151659042 -0.00056438268371425 0.00047822443191746 0.00018702223339741 -0.00056120104879507 0.00047937148284887 0.18560711193271 0.021931712199461 4 4 5 5 0
49.014237863591 8.4169769430027 117.23152160645 -0.006456 0.013798 2.0981853267949 -0.011947157740134 0.020169372107318 -0.02047140501094 0.011422021146938 0.0026060781888781 -0.13619844040577 -0.069488943974871 9.8085310783501 -0.0010121778471064 -0.0061434184322207 9.8097206350033 0.00018516860699637 3.2639865538225e-05 0.0006228395949878 0.00019376256187779 3.6666581874501e-05 0.00062001689924005 0.18517289218457 0.021931712199461 4 4 5 5 0
49.014237882364 8.4169767516133 117.26308441162 -0.006564 0.013887 2.0970533267949 -0.010617424923896 0.015878961290421 -0.017158162084773 0.0083946559034821 0.0056408940945355 -0.13738666090427 -0.063525817567669 9.807859447966 -0.001037464761924 0.00090645543775777 9.8090272722312 0.00039965649706771 -0.00053271849968644 -0.00023108059192761 0.00039647853387389 -0.00053414641517489 -0.00023313067001007 0.18560711193271 0.021931712199461 4 4 5 5 0
49.014238186244 8.4169754619024 117.46642303467 -0.006955 0.014263 2.1025743267949 0.0029473511951657 -0.016506799398385 0.010909462757953 -0.012733617341278 0.025213829456748 -0.1387250240024 -0.063341746763097 9.8106577545085 0.0013566642599944 0.0048783295103368 9.811841627984 2.5761720808404e-05 -0.00020929874089615 0.0010778987008115 4.1157006763697e-05 -0.000201803464905 0.001078851023985 0.18738463117342 0.020518284528683 4 4 5 5 0
49.01423783888 8.416977029477 117.21217346191 -0.006453 0.013648 2.0957263267949 -0.01360118481094 0.022353631906526 -0.022965311772649 0.012540762344197 0.00013907435794857 -0.13862804121984 -0.065126316659619 9.8100903555907 -0.0044456455499593 -0.0021492012079629 9.8112843788135 -0.00035839376821779 -0.00085922368498337 0.00055190780779413 -0.00035078632086545 -0.00085564915458818 0.00056228442693342 0.18517289218457 0.021931712199461 4 4 5 5 0
49.014237888538 8.4169766999591 117.27389526367 -0.006607 0.01392 2.0969793267949 -0.010325498878059 0.014408122216951 -0.016165560629835 0.0072722771176539 0.0070676441141704 -0.14258109099283 -0.065517791168844 9.8099690771799 -0.0062050759126688 -0.00080450469747046 9.8112221886519 5.3935656385963e-05 0.00010709102650714 0.00044045250902813 6.0067305420702e-05 0.00010999471174491 0.0004389123995371 0.18560711193271 0.021931712199461 4 4 5 5 0
49.014238194489 8.4169756274052 117.39289093018 -0.0069 0.014296 2.1034573267949 0.0028115809872491 -0.013106813715751 0.0090782620471428 -0.009862983876344 0.018748717541996 -0.14056931448883 -0.070056469933304 9.8104198869977 -0.00010577950073728 -0.0022941303864615 9.8116768992588 9.1670506351902e-05 -0.00026490288192094 0.00010460177264548 9.3229106924998e-05 -0.00026412750132992 0.00010514737713283 0.18738463117342 0.020518284528683 4 4 5 5 0
49.014237893383 8.4169767922054 117.24653625488 -0.006474 0.013629 2.0898543267949 -0.012920770115715 0.018457215681269 -0.020376497179702 0.009613147184902 0.0049515236334165 -0.13697188000639 -0.067504901100636 9.8069580778144 -0.003157226019918 -0.0042110628728409 9.8081455909051 -0.00037412894374623 -0.00017018697128391 -0.00039052507246014 -0.00037944014457036 -0.00017267475634744 -0.0003842696998523 0.18383960400305 0.020518284528683 4 4 5 5 0
49.014237940797 8.4169764008075 117.3198928833 -0.006741 0.014034 2.0964873267949 -0.0083718722494674 0.0081173157874739 -0.011314390378912 0.0028221697713447 0.011861760197253 -0.13894717203605 -0.066892432173125 9.8076487632376 -0.0014988677261069 -0.0010801750290881 9.8088611177337 -0.00018726384862317 -1.7700835758192e-06 6.5609399012881e-05 -0.00018632838638093 -1.3591721505945e-06 6.829471978791e-05 0.18560711193271 0.021931712199461 4 4 5 5 0
49.014237841056 8.4169770039639 117.22167205811 -0.006425 0.013709 2.0969063267949 -0.012919016976469 0.021552997733024 -0.021991450402066 0.012157644368524 0.0015692934932237 -0.13642898124679 -0.062062597206296 9.8124849134871 -0.0019571027392353 0.00095594423374655 9.8136291541773 9.7155335533072e-05 -9.786473666859e-05 0.00050313461402001 0.00010406951801861 -9.4613487361742e-05 0.00050234883101964 0.18517289218457 0.021931712199461 4 4 5 5 0
49.014238191096 8.4169755926617 117.41030883789 -0.006906 0.014288 2.1030373267949 0.0029111808504858 -0.013824535638962 0.0095251343006863 -0.010433814443392 0.020087895601858 -0.13823400480945 -0.067273312321523 9.8051065858101 0.0019013947306454 0.00038758500789801 9.8063114098309 -4.4780828936921e-05 -2.0989454754037e-05 1.3294826075306e-05 -4.4586980060209e-05 -2.091326097641e-05 1.4057622570906e-05 0.18738463117342 0.020518284528683 4 4 5 5 0
49.014237832405 8.4169770642373 117.20432281494 -0.006428 0.013631 2.0947073267949 -0.014018913162816 0.023223564403938 -0.0237493240216 0.013108628343609 -0.00071160690907382 -0.136201930115 -0.064036917874777 9.8085758718456 -0.0024062753783415 -0.0014058381813087 9.8097301278939 -0.00055867589694813 -0.00046058147455425 1.2996051338396e-05 -0.00055841351249576 -0.00046047106162931 2.3561641936726e-05 0.18517289218457 0.021931712199461 4 4 5 5 0
49.014237830718 8.4169770052506 117.21453857422 -0.006358 0.013573 2.0906683267949 -0.014609213171546 0.022050016212372 -0.023631355242307 0.011882457013417 0.0011985726181601 -0.13679901855595 -0.062426385683574 9.8074085422198 -0.0034846368486754 0.00022582336356241 9.8085602054565 0.00048232779986848 -0.00030284230826164 0.00018821003188928 0.00048489106279828 -0.00030165180737801 0.00018355547040084 0.18383960400305 0.020518284528683 4 4 5 5 0
49.014238197235 8.4169756264499 117.39054107666 -0.006836 0.014312 2.1034773267949 0.0027341403221214 -0.01293458035819 0.00892354272048 -0.0097543867107896 0.018899440028409 -0.13541976600547 -0.062984823878096 9.8068234965537 0.0051351398075861 0.0045940534548962 9.8079583790696 0.00090025539634513 -0.00021582974481388 -0.00026117679660555 0.00089647119879296 -0.00021757217003277 -0.0002725825098363 0.18604569331215 0.020518284528683 4 4 5 5 0
49.014237922678 8.4169765029317 117.30381011963 -0.006696 0.013999 2.0961413267949 -0.0089722584033426 0.01024783365908 -0.01290337905847 0.0043619365982471 0.010306401923608 -0.13554029575092 -0.066175744056735 9.8122004090795 0.0016948828691593 -0.00070793405573534 9.8133599184316 -6.7752191966194e-05 -6.0417258992891e-05 0.00045428173573735 -6.1302541050794e-05 -5.7373665963151e-05 0.00045558092577531 0.18560711193271 0.021931712199461 4 4 5 5 0
49.014238192189 8.4169754837258 117.45514678955 -0.006953 0.014278 2.1024903267949 0.0029785521453886 -0.015898925866644 0.010628283344166 -0.012193733695357 0.024055415151664 -0.14031994876947 -0.067754795918301 9.8095410658766 -0.00026572302919386 0.00056675700432393 9.8107785842409 0.00029110960458388 2.0419320635142e-06 0.00094244119037823 0.00030454095962339 8.5916221781592e-06 0.00093817720570399 0.18738463117342 0.020518284528683 4 4 5 5 0
49.014237821094 8.4169770786795 117.20036315918 -0.006385 0.013586 2.0925423267949 -0.01478108228017 0.02321312299112 -0.024378038080241 0.012769044333265 -0.00053017564753277 -0.14015772630609 -0.070022479392028 9.8097586891672 -0.0066405700404295 -0.0074502433611296 9.8110050538838 -9.0988151350792e-05 -0.00055297079637397 -7.3891009204062e-07 -9.0939436207356e-05 -0.00055297872094885 4.0473388045757e-06 0.18383960400305 0.020518284528683 4 4 5 5 0
49.014237962186 8.416976269134 117.33680725098 -0.006781 0.014134 2.0976163267949 -0.007276488647834 0.0045590524858043 -0.0085818157835665 0.00028656182301397 0.013889564078252 -0.1420661238011 -0.071158724634683 9.8080079866342 -0.0040078644873496 -0.0046953854485682 9.8092933413032 0.00013101122741639 0.00072564262565455 0.00064655221826249 0.00014006882642871 0.0007300171007268 0.00063966383380847 0.18560711193271 0.021931712199461 4 4 5 5 0
49.014238053123 8.4169759373031 117.35851287842 -0.006897 0.014237 2.0998193267949 -0.0035087789624202 -0.0035644448583338 -0.0012303761220928 -0.0048477422523354 0.015665349225727 -0.1394713343845 -0.065182949238749 9.8080213426502 -0.00025794147684479 0.0020484040426349 9.8092294778975 -0.00052558573188799 0.00042352281800843 0.00014486706830536 -0.00052353349024102 0.00042447589374724 0.0001493969165321 0.18604569331215 0.020518284528683 4 4 5 5 0
49.014237827494 8.4169770840976 117.19869995117 -0.006349 0.013606 2.0938623267949 -0.014461478392417 0.023708544884844 -0.024361345935707 0.013332832126815 -0.00094991545460483 -0.14049158867133 -0.065633286889784 9.8076016116893 -0.0069979032963534 -0.0031864960713097 9.8088246056005 0.00041260191402887 -0.00035522964446906 0.00040983025758717 0.0004181476842568 -0.00035261718718816 0.00040643147022996 0.18517289218457 0.021931712199461 4 4 5 5 0
49.014238149126 8.4169756976974 117.38687896729 -0.006915 0.01424 2.1013733267949 6.2971864823457e-05 -0.0093318491613201 0.004774595188523 -0.0080179359239231 0.018523756915649 -0.13622690323071 -0.065009230002968 9.8104707836451 0.0037028534406628 0.0026905285129377 9.8116310221152 -0.00014052188769751 -0.00066086552072001 0.0011566277748307 -0.00012396468797982 -0.00065283002494109 0.0011630321740241 0.18604569331215 0.020518284528683 4 4 5 5 0
49.014237873083 8.416976860089 117.24334716797 -0.006523 0.013803 2.0977043267949 -0.011262457582569 0.018317998347404 -0.018948710244505 0.010165682220166 0.0037404578190893 -0.13452108860964 -0.062117056099028 9.8084363789271 0.0010017172744987 0.0016421569790354 9.8095553529947 -0.00012631691291273 -0.00045129511598884 3.0849615382303e-05 -0.00012583530781129 -0.00045106160637949 3.5542230513547e-05 0.18517289218457 0.021931712199461 4 4 5 5 0
49.014238178466 8.4169756267461 117.39707946777 -0.006942 0.014308 2.1018983267949 0.00098527942093447 -0.011163569316828 0.0065007550810689 -0.0091287122510353 0.019468793714746 -0.14060164649989 -0.063706972888131 9.8072429275387 -0.0002810226412327 0.004055016198993 9.8084568859202 -0.0005053283253991 -0.00022076723268892 0.00093113715435072 -0.00049192140816875 -0.00021431225748818 0.00093976085721167 0.18604569331215 0.020518284528683 4 4 5 5 0
49.014237846531 8.4169769466065 117.22254943848 -0.006344 0.013631 2.0904203267949 -0.014199445278531 0.02096919172871 -0.022735964288738 0.011153924649545 0.0023171359677953 -0.13714085436747 -0.069223583882512 9.8097002392136 -0.0036619621822572 -0.0064392530843663 9.810900102232 0.0009206887196752 0.00050631612690624 -8.0951565609608e-06 0.00092048295237842 0.00050624771152075 -2.3808549789632e-05 0.18383960400305 0.020518284528683 4 4 5 5 0
49.014238122856 8.4169757667388 117.37911224365 -0.006918 0.014285 2.1009683267949 -0.0010831263298209 -0.0075893683378611 0.0029012625063285 -0.0070957631196697 0.017658704912645 -0.13716423009107 -0.066683042282217 9.806516082623 0.0026712324765016 0.00092198032989155 9.8077017880376 -0.00026411953304555 7.2987980072447e-05 0.00034809774001236 -0.00025912468190439 7.5450856145334e-05 0.00035132681291767 0.18604569331215 0.020518284528683 4 4 5 5 0
49.014238018038 8.4169760473405 117.34634399414 -0.00685 0.014181 2.0998373267949 -0.004663401735919 -0.0013481475626704 -0.0033465375861822 -0.0035157860731302 0.014758461167329 -0.14251555515193 -0.068150327861711 9.8048727870858 -0.0037701580656277 -0.0012308792887503 9.8061445975889 -0.00029516140125236 0.00022974578662674 0.0011118885047972 -0.00027942409585859 0.00023733302804902 0.0011143894818609 0.18604569331215 0.020518284528683 4 4 5 5 0
49.014238187884 8.4169755553739 117.42736053467 -0.006928 0.014285 2.1024743267949 0.0028410594252365 -0.014605225286748 0.0098570374890003 -0.011145500911172 0.021167683716241 -0.13582677276619 -0.063786192438325 9.8078415707674 0.0042887401626092 0.004051392253453 9.8089877038465 -7.2604094066561e-05 2.0974798563769e-05 7.5237254350729e-05 -7.1523082883505e-05 2.1482297595813e-05 7.6119052231722e-05 0.18738463117342 0.020518284528683 4 4 5 5 0
49.014238191556 8.4169756163618 117.40130615234 -0.006902 0.014277 2.1031853267949 0.0028816856273683 -0.013260382704517 0.0092153792540387 -0.0099608569751866 0.019095055100455 -0.13480271282481 -0.064755286968911 9.8074723764477 0.0055021493457703 0.0029513914992425 9.8086107773197 5.9403159628498e-05 -0.00042330077565192 -0.00041536624438633 5.3468899104051e-05 -0.00042617099804518 -0.00041322006016292 0.18738463117342 0.020518284528683 4 4 5 5 0
49.014237971855 8.4169762217132 117.34066772461 -0.006775 0.014154 2.0981203267949 -0.0065307709922637 0.0031363430895405 -0.007221867789758 -0.00057353577136093 0.014561286998861 -0.13721928115272 -0.065124488393278 9.8057347889446 0.00099665595454267 0.001326509083411 9.8069109699346 0.00021728937071726 0.00082386564173888 0.00013498175289315 0.00021910602938296 0.00082474125129227 0.00012634215696444 0.18560711193271 0.021931712199461 4 4 5 5 0
49.014237987436 8.4169761199409 117.33935546875 -0.006817 0.014121 2.0987563267949 -0.0056014809658706 0.00010841961440699 -0.0048936174789296 -0.0027274148747581 0.014351336084948 -0.13728425947935 -0.068424308387333 9.8071361553109 0.0011242890557348 -0.0016558705775734 9.8083352961494 -3.013066933919e-06 2.322543067111e-06 -0.00053819280959888 -1.0624125692883e-05 -1.3806903222678e-06 -0.00053810370912529 0.18604569331215 0.020518284528683 4 4 5 5 0
49.014237852722 8.4169769666668 117.22813415527 -0.00648 0.013763 2.0976443267949 -0.012701761737137 0.020757357155408 -0.021412105903465 0.011563820985248 0.0020235670919811 -0.14248318927093 -0.064017732436429 9.8041032582136 -0.0076891130862808 -0.00093225424730253 9.8053445279169 -0.00060424164900584 -4.4540917390154e-05 0.00049788370028709 -0.00059733049472536 -4.1322976382408e-05 0.00050642457188659 0.18517289218457 0.021931712199461 4 4 5 5 0
49.014238084361 8.416975859804 117.36827850342 -0.0069 0.014253 2.1004043267949 -0.0024019261852227 -0.0056704052838859 0.00079036919097949 -0.0061069294206005 0.016681014265646 -0.13817880870683 -0.066734109282867 9.8092791062845 0.0013893799907753 0.00065328285599392 9.81047927652 -0.00038994614551516 0.00011854962180723 0.00084118215457541 -0.00037794873082251 0.00012433219855234 0.00084581134652218 0.18604569331215 0.020518284528683 4 4 5 5 0
49.014237872923 8.4169768982228 117.23706817627 -0.006491 0.013816 2.0981223267949 -0.011417295577538 0.019554314655425 -0.019707655414248 0.011150600677059 0.0030590372347587 -0.14157797737186 -0.066267311177476 9.8037666694419 -0.0062853407833604 -0.002840919539454 9.8050102529102 -8.7917194913214e-05 4.1815656836238e-06 7.9709094551157e-05 -8.6836277992685e-05 4.7011667710197e-06 8.0874476429519e-05 0.18517289218457 0.021931712199461 4 4 5 5 0
49.014237912575 8.4169766000286 117.28990936279 -0.006641 0.013921 2.0969283267949 -0.0096818121707306 0.012285606066444 -0.014542372992717 0.0057613926518256 0.0086086313341596 -0.14016287503861 -0.068759991988661 9.8103142009985 -0.0033943638259543 -0.0037503506724426 9.8115550709338 7.0790231304738e-05 -0.00073600079743829 0.00031109563653343 7.5193383270871e-05 -0.00073393355854003 0.00031499388213732 0.18560711193271 0.021931712199461 4 4 5 5 0
49.014238189703 8.4169755236179 117.44017791748 -0.006933 0.014259 2.1023903267949 0.0028804502853753 -0.015191051983226 0.010184138417757 -0.01163391862911 0.022717904994284 -0.14232109237303 -0.069095817746645 9.8103900272408 -0.0022330775822997 -0.00094569845406671 9.8116652963868 0.00032099815854928 -0.00035968543084263 -0.00035940918338603 0.00031584560169359 -0.00036218147556892 -0.00036143366439875 0.18738463117342 0.020518284528683 4 4 5 5 0
