49.014237980724 8.4169808151432 116.02140045166 -0.00665 0.014107 1.9197643267949 -0.011043592472066 0.0051377481753844 -0.012134754096162 0.0010513039056177 0.033737111450472 -0.13411141836882 -0.06114710355135 9.8056174467533 0.0040743380963672 0.0038671221275995 9.8067235685167 -0.00025489775685141 0.00021678976873369 -0.00015529592712712 -0.00025704669569846 0.00021582824701278 -0.00015309999605471 0.19982242116439 0.017029386365926 4 4 5 5 0
49.014238188116 8.4169805092693 116.01148986816 -0.006758 0.014215 1.9229353267949 -0.00038969621574141 -0.0041045207901192 0.0010481043652532 -0.0039873922094287 0.025197673529766 -0.13643841716833 -0.068217010680312 9.8073320591526 0.0032849958616537 -0.0022916705025868 9.8085176112452 -0.00060732936560746 -0.00055879009418516 0.000363029948119 -0.00060207783582199 -0.00055630691022178 0.00037538654554939 0.19982242116439 0.0162788205961 4 4 5 5 0
49.01423798468 8.4169808195191 116.01900482178 -0.006635 0.014085 1.9198513267949 -0.01146724704909 0.0052573926568894 -0.012573891560042 0.0010174036427251 0.033543153618098 -0.13930726074127 -0.071355820387494 9.8109497451607 -0.0012218399947439 -0.0064951974348287 9.8121960863063 -0.00030450360069754 0.00012158746288578 -0.00026511657573246 -0.00030820980725956 0.00011982734430673 -0.00026158079174684 0.19982242116439 0.017029386365926 4 4 5 5 0
49.01423798011 8.4169807877697 116.02601623535 -0.006683 0.014109 1.9193773267949 -0.010681459885655 0.0042101392663455 -0.011477118915987 0.00030749669402031 0.033061727157329 -0.1408946424765 -0.069644967236844 9.8056517358248 -0.0029148309411369 -0.0042499177478701 9.806909812095 -0.00012689503791619 0.00057940095318449 -0.00015795671559939 -0.00012909574509289 0.00057832605345001 -0.0001600371435266 0.19982242116439 0.017029386365926 4 4 5 5 0
49.014238184049 8.4169804905428 116.00312805176 -0.006687 0.014257 1.9248173267949 -5.34493116996e-06 -0.0045467958514583 0.0015702404000988 -0.0042670149176623 0.023387683142737 -0.13605526381996 -0.067780196858923 9.8074702336501 0.0035215109100104 -0.0018217747497908 9.8086474059709 0.0007174963214332 0.00044433487477145 0.00018785990130727 0.00072010996669727 0.00044553468204462 0.00017461297217492 0.19982242116439 0.0162788205961 4 4 5 5 0
49.014238049348 8.416980641884 116.03241729736 -0.006731 0.0142 1.9179843267949 -0.0079000709557679 0.00050789794710375 -0.0076010401793009 -0.0022127555343103 0.03220249015284 -0.13200407157573 -0.064395402675999 9.8073066582575 0.0066876002783539 0.001475399713119 9.8084038158648 -3.2983102803071e-05 0.00078420493133531 0.00024091977879184 -2.9658283897674e-05 0.00078581305312999 0.00023608879212316 0.20032473636573 0.019104973174543 4 4 5 5 0
49.014238191434 8.4169805109312 116.01595306396 -0.006683 0.014274 1.9155483267949 -0.0028549447124295 -0.0034214904216594 -0.0015315585948881 -0.0041847256426688 0.027822529257209 -0.14273819398106 -0.064123352045128 9.8081513723816 -0.0028845300394421 0.0017186555187051 9.8093990540195 0.0005241068032009 0.00019307013253806 -5.9789590126557e-05 0.00052318334358448 0.00019263737216386 -6.855100911988e-05 0.20032473636573 0.019104973174543 4 4 5 5 0
49.014238118345 8.416980572108 116.02391815186 -0.006774 0.014187 1.9161053267949 -0.0057823388690793 -0.001662510790265 -0.0048769531310006 -0.0035236566559126 0.030196387071688 -0.13943095167271 -0.062644367849868 9.8110860350473 -0.00011782120956948 0.0036218739569385 9.8122761552462 -0.00034824226315696 -0.00035593585724809 -0.00014266717206532 -0.00035019055084367 -0.00035689049135675 -0.00013532033535906 0.20032473636573 0.019104973174543 4 4 5 5 0
49.014238187084 8.4169805361054 116.00791168213 -0.006681 0.014248 1.9173933267949 -0.0024293585285618 -0.003421030053384 -0.0011262853631762 -0.0040417818264804 0.026914580597581 -0.13947250722985 -0.06106135255412 9.8069683181672 0.00032005103371096 0.0045542035396488 9.8081489846133 7.1212845171489e-05 -5.5391558425448e-05 -0.0011503405563596 5.4829013764614e-05 -6.3081799367535e-05 -0.001150848070843 0.19982242116439 0.0162788205961 4 4 5 5 0
49.014238028478 8.416980680724 116.03461456299 -0.006733 0.014137 1.9185393267949 -0.0086849410674515 0.0015771026468571 -0.0087022614832463 -0.0014793852129185 0.032597942442593 -0.13949164550841 -0.064936313940823 9.8108110855655 -0.00077081778856639 0.00084006773048633 9.81201765112 -0.0003315355396434 -0.00025334605814225 0.00021740341149842 -0.00032840761344226 -0.00025186929247967 0.00022379466555589 0.20032473636573 0.019104973174543 4 4 5 5 0
49.014238184009 8.4169805373923 116.00672149658 -0.006692 0.014298 1.9187653267949 -0.0020192759279991 -0.0032677123115199 -0.00078673543093054 -0.0037597345388625 0.025875978178957 -0.13597768303087 -0.073842090480562 9.8054839658257 0.0039028256517155 -0.0082182106373234 9.8067008464869 4.9849655684578e-06 0.00059387038554684 5.1776218553469e-05 5.7011819880713e-06 0.00059424503118042 4.7677264689974e-05 0.19982242116439 0.0162788205961 4 4 5 5 0
49.01423798453 8.4169808305089 116.01766204834 -0.006652 0.014092 1.9199783267949 -0.011821670242345 0.0054116597686062 -0.012959871809495 0.0010392882622411 0.033671074565577 -0.13665462859072 -0.060616409499069 9.807338968056 0.0012877003629568 0.00421396261078 9.8084770997126 -0.00062293810394998 0.0004193512281488 -0.0008121400508963 -0.00063440180448869 0.0004139411728338 -0.0008060605993259 0.19982242116439 0.017029386365926 4 4 5 5 0
49.014238186456 8.4169805160793 116.00991821289 -0.006737 0.014248 1.9222853267949 -0.00079355450117584 -0.0039714890916633 0.00062000194404906 -0.0040020949190607 0.025379103967833 -0.13883931784304 -0.061922906628903 9.8103172325432 0.0010787403310133 0.0039018935973247 9.8114942584327 -0.00046111532784001 -0.00025309361267113 0.00015616062743539 -0.00045879684213198 -0.00025201562991901 0.00016439734955871 0.19982242116439 0.0162788205961 4 4 5 5 0
49.014238071721 8.4169805899314 116.03510284424 -0.006765 0.014158 1.9176993267949 -0.0070525837101788 -0.00062568238255365 -0.0064193103806232 -0.0029875447532889 0.031870697881354 -0.13657671598903 -0.066431062846738 9.8104380231149 0.0024765264025267 -0.00022871630052052 9.8116132509831 -5.6558323638202e-05 -0.00054527532449954 -0.00014525105980567 -5.8547237016094e-05 -0.00054626397072194 -0.00014078549409953 0.20032473636573 0.019104973174543 4 4 5 5 0
49.014238009702 8.4169807241865 116.03309631348 -0.006694 0.01411 1.9190403267949 -0.0094684687168351 0.0024127537061131 -0.0097231556788992 -0.00096647043463611 0.032491713528748 -0.13838632802994 -0.069035050454724 9.8062320050505 -8.9957383835709e-05 -0.0034217367478479 9.8074508892608 5.3434548821271e-05 -0.00012254773553368 -0.00027930372956864 4.9485418597076e-05 -0.00012440756300811 -0.00027919168380862 0.20032473636573 0.019104973174543 4 4 5 5 0
49.014237975629 8.4169808022072 116.02544403076 -0.006632 0.014064 1.9195303267949 -0.010927084272815 0.0041707529300002 -0.011694547280535 0.00018512054561818 0.033334116927627 -0.13672453436151 -0.065308629822493 9.8083222803074 0.0013001566635599 -0.00014755744793591 9.8094925969465 0.00029212563111896 -0.00017123461808616 -0.00036783026937496 0.00028695480901007 -0.00017369832595837 -0.00037078666466328 0.19982242116439 0.017029386365926 4 4 5 5 0
49.014238184622 8.4169805239427 116.00859832764 -0.006713 0.014217 1.9211213267949 -0.0011496262068996 -0.0036963982961794 0.00018682621484371 -0.0038663061442679 0.025455189072663 -0.14204748782907 -0.064222148885335 9.8124418606254 -0.0022514893239827 0.0014044156070574 9.8136796526064 -0.00039648454370321 -0.00051458352425061 -0.0016665867678904 -0.0004200884460771 -0.00052574906909819 -0.0016572959819171 0.19982242116439 0.0162788205961 4 4 5 5 0
49.014237984857 8.4169807681207 116.02765655518 -0.00666 0.014095 1.9196913267949 -0.010126467916317 0.003596661179423 -0.010745900215497 -8.0122186316086e-05 0.032830142615474 -0.13498249666782 -0.062289424608864 9.809885176531 0.0033850828245658 0.0029162652007679 9.811010707638 -0.00010576153047744 -0.00025915723454205 0.0006909055530145 -9.5951794836721e-05 -0.00025455892506142 0.00069402585699156 0.19982242116439 0.017029386365926 4 4 5 5 0
49.014238185424 8.4169805017572 116.01091003418 -0.006712 0.014209 1.9236033267949 -7.1753570750375e-05 -0.0042582787879776 0.0014024995386445 -0.0040211957374607 0.024925121753472 -0.13233267060063 -0.067106399218016 9.8076897783146 0.0072733404044932 -0.00121396162455 9.808809238333 0.0001767022357093 -0.00041326854317325 0.00012387827723625 0.00017848794843903 -0.00041245615377819 0.00012414730768902 0.19982242116439 0.0162788205961 4 4 5 5 0
49.014238199267 8.4169805316205 115.97574615479 -0.006678 0.014176 1.9248743267949 0.00051355556505179 -0.0042358518006078 0.0019503911137696 -0.0037950192263884 0.019681675756402 -0.13859906159106 -0.065134419297144 9.8118564658151 0.00079007617731187 0.00072192001147547 9.8130514524947 0.00046680450317618 -0.00045891921686271 0.00020800529954383 0.00046977621155124 -0.0004575302807204 0.0002044548541243 0.19982242116439 0.017029386365926 4 4 5 5 0
49.014237971151 8.4169807633259 116.02783203125 -0.006708 0.014101 1.9199073267949 -0.010124643334466 0.002964321977342 -0.010527925998175 -0.00067627770253106 0.032736054207087 -0.14307772613779 -0.066471206907894 9.8056324475537 -0.0047837909329936 -0.0010474067459221 9.806900629034 -0.00053460765220539 -2.061291568014e-05 -0.00020172963675134 -0.00053740432370642 -2.1967305202392e-05 -0.00019402614437497 0.20032473636573 0.019104973174543 4 4 5 5 0
49.014238211724 8.4169805764988 115.95155334473 -0.006671 0.014165 1.9245753267949 0.00077656909394259 -0.0030163295542357 0.0017738246291941 -0.0025602493344351 0.015310800442235 -0.1414013766632 -0.065173662470983 9.8099363058339 -0.0022430892078292 0.00025319090333068 9.8111714243493 3.6507794804657e-05 -0.00035532858669453 -0.0012538165387265 1.879442687449e-05 -0.00036372590232632 -0.0012518369467581 0.19982242116439 0.017029386365926 4 4 5 5 0
49.014238175168 8.4169805181262 116.01892089844 -0.006708 0.014218 1.9152423267949 -0.0036467217193596 -0.0029368528253783 -0.0024401762431406 -0.003996356414109 0.02845983234057 -0.13431578686633 -0.068610816854832 9.8069745616534 0.0052337590260395 -0.0025793226258106 9.8081325304075 0.00053116750550972 -0.00038041720341778 0.00036607718690432 0.00053631928031449 -0.00037798510397524 0.00036105638530194 0.20032473636573 0.019104973174543 4 4 5 5 0
49.014237979134 8.4169808068901 116.02320098877 -0.00663 0.014071 1.9196593267949 -0.010954370287551 0.0046388430933365 -0.011880239398621 0.00061437064193326 0.033175211567785 -0.14166374016087 -0.063908168152986 9.8083145548615 -0.0036049646358009 0.0010207115955373 9.8095451139927 -8.7549818078183e-05 -0.0001344749465063 0.00013867126129139 -8.5591513840283e-05 -0.00013352263806212 0.00014078251447145 0.19982242116439 0.017029386365926 4 4 5 5 0
49.014238204764 8.4169805736839 115.96007537842 -0.006697 0.014163 1.9247543267949 0.00065451411984878 -0.0032861687168436 0.0017531010968728 -0.0028555112908566 0.016649722990762 -0.13622608455316 -0.064383898305496 9.8103152898878 0.0029573950636685 0.0012259551357564 9.8114718217393 -0.00020853419131448 -0.00037206062256359 -0.00096957745466907 -0.00022221046858805 -0.00037856701608344 -0.00096402750682322 0.19982242116439 0.017029386365926 4 4 5 5 0
49.014238192985 8.4169805037199 115.98857879639 -0.006738 0.014213 1.9248563267949 0.00039788020653952 -0.0045714936921402 0.00195852067654 -0.0041498244764832 0.021174071067881 -0.14109070161052 -0.064888072262766 9.8062122232569 -0.0016806327167339 0.001166240865749 9.8074415916907 -7.0631039620129e-05 -2.3226954691246e-05 -0.0008295251259673 -8.2412901716794e-05 -2.8799567907366e-05 -0.00082825922195924 0.19982242116439 0.017029386365926 4 4 5 5 0
49.014238179918 8.416980495865 116.00538635254 -0.006723 0.014231 1.9244403267949 -0.00019001744900814 -0.0045114554711442 0.0013825817401305 -0.0042985648928393 0.024168570472778 -0.13827619024582 -0.06154813353194 9.8091306319347 0.0012455140601665 0.0044478342108732 9.8102971481769 0.00013646060483714 0.00017296409898799 -0.00015410700412421 0.00013424581374377 0.00017192975959582 -0.00015719701209703 0.19982242116439 0.0162788205961 4 4 5 5 0
49.014238186008 8.416980487903 115.99826812744 -0.006724 0.014236 1.9250583267949 0.00028232495627915 -0.0047300080597209 0.0019050404601562 -0.0043385763962271 0.022708390581377 -0.13478461034872 -0.06743399345559 9.8036743150711 0.0047208706481166 -0.0014262005459301 9.8048315761265 0.0001826658905006 0.00019106149525045 4.8419007336562e-05 0.00018331945465875 0.0001913566363307 4.4533582106508e-05 0.19982242116439 0.0162788205961 4 4 5 5 0
49.014238101627 8.4169805736216 116.02898406982 -0.006741 0.014225 1.9167773267949 -0.0061384590561735 -0.0014616912940708 -0.0052776301705175 -0.0034592088463416 0.031385115352098 -0.14218577458975 -0.065893856808571 9.8070538555462 -0.0029070947316426 0.00036558030088227 9.8083055812642 0.00028936401146173 0.00028705606217563 0.00053930173947636 0.00029698585917995 0.00029069430944372 0.00053319511718272 0.20032473636573 0.019104973174543 4 4 5 5 0
49.014238202151 8.41698055377 115.96730804443 -0.006676 0.014244 1.9247643267949 0.00060187339424169 -0.0037720928631116 0.0018722312744757 -0.0033295183843138 0.01810833651824 -0.14090486221081 -0.064895338934156 9.8054230831198 -0.0016676723516133 0.00077831222386863 9.8066501797134 0.00030492618761791 0.00085201529694268 -0.0010533796127693 0.00028985858503235 0.00084496390630266 -0.0010632856837644 0.19982242116439 0.017029386365926 4 4 5 5 0
49.014238151041 8.4169805556681 116.01829528809 -0.006703 0.01422 1.9155663267949 -0.0047884971572311 -0.0022715500415519 -0.0037379410627112 -0.0037576309141919 0.028960072145946 -0.13582022822556 -0.064897079926583 9.8067128470294 0.0036120646060913 0.0010931710441827 9.8078674048872 0.00048830891226028 -0.00015772852339525 -1.0782059135088e-05 0.00048811039003821 -0.00015780306882164 -1.6669603656717e-05 0.20032473636573 0.019104973174543 4 4 5 5 0
49.014238184074 8.4169805306479 116.00733184814 -0.006706 0.014287 1.9202613267949 -0.0015468146107654 -0.0034400526677616 -0.00027854335457942 -0.0037612502623603 0.025617303754288 -0.13281159157079 -0.062795889463235 9.8065267415441 0.0070980563547315 0.0028339596616266 9.8076240120536 -0.0002170701714868 0.00035350082624232 -0.00036589085878719 -0.00022227921955378 0.00035105263640237 -0.00036515100176524 0.19982242116439 0.0162788205961 4 4 5 5 0
