49.010831069432 8.4161779785053 117.46022796631 0.011647 -0.003875 1.4034233267949 -0.11626169235612 -0.010643131268265 -0.11641139195255 0.0088577263116569 -0.015638441479896 0.24648234795834 0.096700992265416 9.8473473446918 0.21049157341385 -0.019311101181169 9.8486477473532 -0.0022424948681806 -0.0038310385996691 -0.0019336575114382 -0.0022356588199814 -0.0038077729828315 -0.0019866679635625 0.45301765969993 0.043139309220246 4 8 4 5 6
49.010832976684 8.4161790332777 117.70162200928 0.011313 -0.003124 1.4034303267949 -0.068790975427038 -0.0056674552713656 -0.068773809224136 0.0058720617717221 0.0057368883656349 0.0018574112854856 0.11305403276836 9.8065450151437 -0.029769581905042 0.0020509354769597 9.807152140889 6.1024945458063e-05 0.001070841042534 0.001043715292834 5.7635361783924e-05 0.0010589792772821 0.0010559776587135 0.42966033095924 0.02475883680628 4 8 5 4 6
49.010831161343 8.4161779935385 117.46495056152 0.011982 -0.003296 1.4037903267949 -0.12625547794723 -0.0067953318920811 -0.12562846662509 0.014282159478947 -0.014402513879413 -0.10597239979651 0.23196803009362 9.7545471667888 -0.14082286089501 0.11622374546565 9.7561527735457 0.0021389376573563 0.0049120347902296 -0.00031797137987598 0.0021392002754747 0.0049157058013837 -0.00025153539744222 0.45301765969993 0.043139309220246 4 8 4 5 6
49.010830879298 8.4161781073611 117.4264831543 0.01149 -0.003731 1.4035823267949 -0.12222693106963 -0.0044767236055355 -0.12126673565658 0.015931754501771 -0.015015551953503 0.049188517068923 0.064681607280838 9.8120714669221 0.013971845089795 -0.047390079033022 9.8122874309297 0.0013153153714034 -0.0023766286059899 0.00077060946539039 0.0013123745797745 -0.0023853780523462 0.00074806170431744 0.45301765969993 0.043139309220246 4 8 5 5 6
49.01083351756 8.4161792746358 117.79315185547 0.011353 -0.003136 1.4029943267949 -0.053360197141717 -0.0037034487356351 -0.053229182538073 0.0052610131213865 0.0095303689956019 0.032202472349107 0.11488103211308 9.8039818134954 0.001189245396121 0.003901631055629 9.8047076419982 0.00070277986611614 0.00012980056212084 0.0011983078949445 0.00069898425540028 0.00011619048561594 0.0012019440727645 0.42966033095924 0.02475883680628 4 10 4 4 6
49.010830335902 8.4161781183148 117.38109588623 0.011529 -0.003732 1.4031323267949 -0.12604939056556 -0.008080745552352 -0.1256308507831 0.013062855139493 -0.015210205078184 0.035151453864129 0.096173848365699 9.8245713356198 -0.0020024508254456 -0.016975879171288 9.8250918120529 0.00038284513559651 0.00088299981878512 7.2982111429489e-05 0.00038256485914711 0.00088210879228668 8.4619366220065e-05 0.45301765969993 0.043139309220246 4 8 5 5 6
49.010834399473 8.416179643662 117.94284820557 0.011564 -0.003819 1.4012133267949 -0.032023784171236 -0.0034616001411562 -0.032149167795389 0.0019851985868874 0.014724287983651 0.043933813817409 0.12040831731515 9.8031823262726 0.0068535218589051 0.0070587089920529 9.8040157648327 8.9875971646746e-05 -0.00053650211868741 0.00030806560386782 8.8702651416269e-05 -0.00054005280458935 0.00030216553060812 0.41387920943193 0.019104973174543 4 10 4 4 6
49.010834422163 8.4161796483393 117.95195770264 0.011512 -0.003808 1.4009173267949 -0.030348141000233 -0.0038228980759939 -0.03055785935091 0.0013582764124396 0.015295149408781 0.035622619110412 0.10996602154876 9.8063109519771 -0.0018587509468881 -0.0033202327968647 9.8069918572849 -0.00065456220898528 0.00036258191998642 0.00032791115287706 -0.00065582786160838 0.00035877161147141 0.00032954352922854 0.41387920943193 0.019104973174543 4 10 4 4 6
49.010831625398 8.4161786108651 117.53302764893 0.01138 -0.003335 1.4033473267949 -0.10133068195766 -0.0064784534779467 -0.10099362232025 0.010496274421113 -0.0047868419070978 0.032649426719341 0.12764305205324 9.8071551495754 -0.00053038139587764 0.016648531845713 9.8080284905469 0.0013195076727568 0.00017317083480041 -0.0008566454209433 0.0013223735342585 0.00018292420198221 -0.00085019155618261 0.45381273670976 0.044553338819891 4 8 5 5 6
49.01083090662 8.4161782907773 117.42597198486 0.011433 -0.003611 1.4032533267949 -0.11865446357616 -0.0085853938223777 -0.1184247874171 0.011320850243941 -0.012957292561711 0.055420393935531 0.11400856486442 9.8211144203336 0.019428668169571 0.0017000242761606 9.8219136984129 0.00034301965799107 -0.00025533100880429 -0.00057338650388088 0.00034511596471802 -0.00024877377149467 -0.00057495180190469 0.45381273670976 0.044553338819891 4 8 5 5 6
49.01083183614 8.4161786566913 117.56182098389 0.011315 -0.003248 1.4033893267949 -0.094025861034522 -0.0063687476131196 -0.093772612763967 0.0093872461107171 -0.0021594840025157 0.053553352285188 0.11050567867633 9.7937506094477 0.021241479628417 -0.00035762103482841 9.7944985672823 0.00031973191471171 0.00016140616325753 -0.00064381957335809 0.00032184270748674 0.00016867480889068 -0.00064088566837411 0.45381273670976 0.044553338819891 4 8 5 5 6
49.010830405415 8.4161781217619 117.38678741455 0.011524 -0.003834 1.4032503267949 -0.12782519356128 -0.0082228968766677 -0.12740772316782 0.013197740952457 -0.015428897355865 0.074392169018787 0.13437052777878 9.8015999304172 0.036848427054677 0.02184539538755 9.8027135008847 0.00086411145402736 9.7528074727882e-05 -6.1333491076403e-06 0.00086413100899229 9.7617374246957e-05 -1.6462246356307e-06 0.45301765969993 0.043139309220246 4 8 5 5 6
49.010832068822 8.4161786994942 117.59286499023 0.011282 -0.00332 1.4034033267949 -0.088292532769841 -0.005990798106955 -0.088056323519378 0.0088059873331291 -0.0023285806864079 0.023868665451186 0.095633106261373 9.7930425044092 -0.0084069982240657 -0.0150713161463 9.793526212512 1.7263767686852e-05 -0.0011679264580274 0.00069777429701424 1.4969616990788e-05 -0.0011757136142223 0.0006846206143095 0.45381273670976 0.044553338819891 4 8 5 5 6
49.010831264101 8.4161779744405 117.47184753418 0.011758 -0.003841 1.4037653267949 -0.094235939918345 0.0068831428152861 -0.09177704925902 0.022467992490488 -0.0095556780556478 -0.36320541501869 0.076001804667229 9.7974843698514 -0.40673485449984 -0.035916071079251 9.7962108565332 0.0059730562930065 0.01071965858675 0.0026554416845537 0.0059617954290714 0.010687927202121 0.0028050577505467 0.45301765969993 0.041036569057366 4 8 4 5 6
49.010832730611 8.4161789321054 117.67202758789 0.01131 -0.003315 1.4033723267949 -0.072488348798512 -0.0058370086947563 -0.072447475056772 0.0063243196191119 0.003746262030538 0.069383809458673 0.11510450088777 9.8108916181379 0.036777769419968 0.0041098536315425 9.811743499555 0.00013225790875526 -0.00040740590678577 0.0001209790179602 0.00013188851693321 -0.00040868974713777 0.00011685931218853 0.42966033095924 0.02475883680628 4 8 5 4 6
49.010830412485 8.4161781002119 117.38292694092 0.011388 -0.003769 1.4032123267949 -0.12783873048932 -0.010016511794824 -0.12771818850263 0.01145127633701 -0.014669300118426 -0.0072366174868729 0.1120252036582 9.8061831618963 -0.044007447187973 -0.00032417668967568 9.806728158793 -0.00085683359174274 -0.00078773431157876 -0.00011998976580913 -0.00085635655586781 -0.00078631557457171 -0.00013215171496065 0.45381273670976 0.044553338819891 4 8 5 5 6
49.010830517238 8.4161780970086 117.39754486084 0.011403 -0.003806 1.4034473267949 -0.12656808511661 -0.0073733070085148 -0.12602832900268 0.013809153163998 -0.015210351894419 -0.0057912575523765 0.07841420612609 9.8040104358454 -0.041865314983557 -0.03374736587193 9.8041830268942 -0.0005622027102653 -0.0020552734803904 0.00074534355325482 -0.00056500120880799 -0.0020636277553401 0.00071976128370501 0.45301765969993 0.043139309220246 4 8 5 5 6
49.010830983033 8.4161780856481 117.43743896484 0.011338 -0.003401 1.4035943267949 -0.11681721742641 -0.0078547047614801 -0.11649635503036 0.011685841220999 -0.012013174220573 -0.060273887471591 0.10772670416341 9.7643185561053 -0.095175790935943 -0.0033877429138263 9.7646338698561 -0.00061586087049264 0.0030621779229154 -0.0015105800267993 -0.00061110732602104 0.0030791226927575 -0.0014780848524718 0.45301765969993 0.043139309220246 4 8 5 5 6
49.010832558861 8.4161788665267 117.65119934082 0.011329 -0.003364 1.4032663267949 -0.080390910979702 -0.0068289200104321 -0.080404632595361 0.0066655028272973 0.001535661166373 0.043431550443504 0.11223492721117 9.8331600834149 0.010770982191547 0.00086575769094042 9.8338920353846 0.00029003378993638 -0.0014894629322761 -0.0010962574410989 0.00029379916713707 -0.0014769455635102 -0.0011120427782115 0.42966033095924 0.02475883680628 4 8 5 4 6
49.010830765116 8.4161781122799 117.41236114502 0.011597 -0.003809 1.4036483267949 -0.11794306993353 -0.0056533111721937 -0.11723965317313 0.014048918956732 -0.013902539262742 0.073907001587939 0.14907027437735 9.8252710873196 0.036363024638402 0.035326986112169 9.82655564893 0.00049121369770998 0.00037271477514128 0.00050634359786865 0.00048917053393898 0.00036682262019722 0.00051262356950306 0.45301765969993 0.043139309220246 4 8 5 5 6
49.010833152948 8.4161791211349 117.73773956299 0.01132 -0.003191 1.4031443267949 -0.063393678541094 -0.0049229646450244 -0.063326816332639 0.0057188235586051 0.0057571108891201 0.015818641964095 0.11197041731502 9.812095890251 -0.015300129040947 0.00084839781007933 9.8127345649096 -2.3664298348449e-05 -0.00080200781480417 -9.7680593552436e-05 -2.3281244879372e-05 -0.0008008427679981 -0.0001068386155616 0.42966033095924 0.02475883680628 4 10 4 4 6
49.010833988469 8.4161794780536 117.86503601074 0.011437 -0.003307 1.4024353267949 -0.041039497005817 -0.0021507257714565 -0.040820211168186 0.0047511566095166 0.0096777199118612 0.037175379394399 0.11264077283317 9.8017857388633 0.0051058533516369 0.0011200970371261 9.8025015999622 0.0011510366191295 -0.00090051748369024 0.00019810589844202 0.0011504430949468 -0.00090277225959473 0.00019168983766536 0.42966033095924 0.02475883680628 4 10 4 4 6
49.010830630212 8.4161780883103 117.40586853027 0.011443 -0.003485 1.4035483267949 -0.11961605763833 -0.0088530320399851 -0.1194211611747 0.011178938297866 -0.013988226216031 -0.0052249518202506 0.11126396243515 9.7962082959402 -0.040905174412928 -0.0013691793390123 9.7967643384625 -0.00085328134245398 0.0029870883247809 -0.00014590401199761 -0.00085284817022196 0.0029885787967552 -0.00011470504868245 0.45301765969993 0.043139309220246 4 8 5 5 6
49.010834284265 8.4161796093135 117.91703796387 0.01153 -0.003777 1.4020043267949 -0.034319049509664 -0.0028953012954935 -0.034317988190485 0.0029080902248349 0.012676301106202 0.031712670532961 0.11324675565572 9.8227186978942 -0.0048389009401063 0.00015906498118907 9.8234211506648 0.00039767116946234 -0.0010221582663632 3.6409812701656e-06 0.00039772227345025 -0.0010221458461912 -6.6444726829432e-06 0.41387920943193 0.019104973174543 4 10 4 4 6
49.010831475058 8.4161785375077 117.50101470947 0.011283 -0.003372 1.4033573267949 -0.10656041885476 -0.007748052555973 -0.10636110128441 0.010122937202228 -0.0078034103643535 0.021075688963175 0.072651962150619 9.8108577229391 -0.012464686939912 -0.038377920825956 9.8110694420533 -0.00030727871118543 -0.00012996967645855 0.00030830560938986 -0.00030831848925318 -0.00013344758587226 0.00030575282904966 0.45381273670976 0.044553338819891 4 8 5 5 6
49.010834337358 8.4161796277944 117.92931365967 0.011525 -0.003743 1.4016153267949 -0.03354373022059 -0.0031162550633421 -0.033590094064008 0.0025691985998115 0.014249183404939 0.03460665428019 0.11464639036528 9.8171480066545 -0.0023843326944197 0.0013437511289696 9.8178782400278 -0.00022180014814879 0.00046103567304665 -0.00080602646362363 -0.00021883001479222 0.00047027798013504 -0.00080143637219344 0.41387920943193 0.019104973174543 4 10 4 4 6
49.010831019835 8.4161780190942 117.45152282715 0.011383 -0.003876 1.4037853267949 -0.10707306788462 -0.004977763476131 -0.10640890661358 0.012906685944781 -0.010536875950911 0.001013658126276 0.10264966118819 9.8461241628017 -0.037632491496376 -0.010491931767977 9.8465699094992 -0.001768157213507 0.0008838363526283 0.0026520922550098 -0.0017789364916437 0.00085365759652655 0.0026546152929881 0.45301765969993 0.043139309220246 4 8 5 5 6
49.010834184395 8.4161795684389 117.89906311035 0.011523 -0.003665 1.4022183267949 -0.037050564377761 -0.002681122001807 -0.036975305579484 0.0035722242212912 0.011016871870773 0.03944048919982 0.11950572575831 9.8182111077307 0.0043566744476717 0.0066903092154294 9.8190156760692 0.0006641733788698 -0.0016948896060186 0.0010546279800349 0.00066041310929439 -0.0017069717028363 0.0010374275035696 0.41387920943193 0.019104973174543 4 10 4 4 6
49.010833802502 8.4161793927932 117.83615875244 0.011321 -0.003172 1.4027183267949 -0.045741906163523 -0.003055906138819 -0.045608827210132 0.0046361361111525 0.01026290641963 0.034316706709846 0.10557372525205 9.7981471413332 0.0034083570404306 -0.0053412328879252 9.7987743196988 0.00012225803272375 -0.00059913224699147 0.00034993368692403 0.0001211383713763 -0.00060304316310817 0.00034350012697642 0.42966033095924 0.02475883680628 4 10 4 4 6
49.010833385125 8.4161792157926 117.77143859863 0.011343 -0.003172 1.4029153267949 -0.059156029657413 -0.0049479542304787 -0.05915195574416 0.0049964624160526 0.0083973302370746 0.064519695512089 0.11680872313861 9.8086750604046 0.033161208715983 0.0057490221721484 9.8095249887535 0.00049873481190883 -0.00014395450603962 -0.0012338636641092 0.00050270079819695 -0.0001299950135341 -0.0012338244244721 0.42966033095924 0.02475883680628 4 10 4 4 6
49.010833686509 8.4161793413373 117.81730651855 0.011335 -0.003146 1.4027863267949 -0.049273889242175 -0.0037891046981544 -0.049214205469413 0.0044984258808078 0.010176855885907 0.013672325700012 0.10835627091171 9.8081333192718 -0.017094319270529 -0.0025941516277555 9.8087265034212 0.00052906760777814 -0.0005893650140565 -0.00078327875266804 0.00053155464205273 -0.00058044427797231 -0.00078825407012938 0.42966033095924 0.02475883680628 4 10 4 4 6
49.010830552997 8.4161781425178 117.38952636719 0.011428 -0.003718 1.4032783267949 -0.12567606202371 -0.01001725995188 -0.12558660714699 0.011082575069116 -0.014616793828776 0.03427505061039 0.099996701196122 9.8000964279191 -0.0021446973730502 -0.011827977579046 9.8006594019302 0.00060601075820858 -0.00062071091207722 -0.00037464143824209 0.00060741232900038 -0.00061641132603629 -0.00037944220990942 0.45381273670976 0.044553338819891 4 8 5 5 6
49.010834096379 8.416179528641 117.88334655762 0.011473 -0.003523 1.4022493267949 -0.038771369562228 -0.002381860209734 -0.038622047630258 0.0041509956743064 0.010022042015525 0.019869425186958 0.11364697162769 9.8078006905647 -0.01371448245952 0.001458044273255 9.808468483473 0.00070324937887142 -0.0019093831397176 -0.00018041028902421 0.00070401078021934 -0.0019072019316093 -0.00019982960096394 0.42966033095924 0.02475883680628 4 10 4 4 6
49.010831169581 8.4161784084649 117.45787811279 0.011351 -0.003454 1.4032853267949 -0.11124535120845 -0.0095845804746327 -0.11128645266966 0.0090947612210543 -0.0096734820299602 0.0084751476067097 0.13491552536991 9.7989676552842 -0.026029188926157 0.023368013739042 9.7998406498863 -0.00029039018106661 0.00027146272269679 -0.00087550011591326 -0.0002873835768548 0.00028138228161921 -0.00087336973312352 0.45381273670976 0.044553338819891 4 8 5 5 6
49.01083228756 8.416178767443 117.62020874023 0.011386 -0.003318 1.4033583267949 -0.084777797428915 -0.0063042655820074 -0.084643072698911 0.0079100500423623 -0.0015397741005811 0.012327448960628 0.1148156358189 9.8136180031287 -0.020266073110117 0.0037093208696937 9.814277474828 0.0014104171019369 -0.00058505335568155 -0.0002430097041616 0.0014112608890515 -0.00058221933539222 -0.00024484158719337 0.45381273670976 0.044553338819891 4 8 5 5 6
