49.014236431956 8.4169899616246 115.90000152588 -0.006246 0.014148 2.2194773267949 0.016248673513622 -0.010728874950659 0.019431076118529 0.0012535059483626 0.027625123339597 -0.13948664785589 -0.057799603283826 9.8055265782466 -0.00083271823452505 0.0034367874134462 9.8066883337481 7.6434741016576e-05 0.00014764527128294 0.0014403676569703 9.6764799570987e-05 0.00015665300393384 0.0014381991006107 0.23369210512981 0.014212670403552 4 8 5 5 0
49.014235674128 8.4169909587551 115.70066833496 -0.007115 0.014144 2.1979783267949 0.0044281106664035 -0.008879837235189 0.0087947621178012 -0.0045944551869075 0.022595252128907 -0.12568999257029 -0.070699303233783 9.811077487162 0.012623930459221 -0.00080931278255756 9.8121291067218 0.00020084766622068 0.00076914574952586 -6.6309201394112e-05 0.00019978266923081 0.00076866459238277 -7.4614951794545e-05 0.25536836139193 0.013453624047074 4 8 5 5 0
49.014236636827 8.4169898049321 115.924659729 -0.006186 0.014173 2.2184403267949 0.021113851267951 -0.012074532674693 0.024121653781464 0.0031211100697552 0.032321107171776 -0.13911833730913 -0.066957752294224 9.8059034980554 6.3879671144025e-05 -0.0062776391988766 9.8071170557311 4.8495312909606e-05 -0.00023292021702949 0.0007641769738535 5.9360883890856e-05 -0.00022819255727837 0.00076482765490539 0.23369210512981 0.014212670403552 4 8 5 5 0
49.014236599654 8.416989819717 115.91667938232 -0.006178 0.014196 2.2194873267949 0.019740466591138 -0.012647651724798 0.023371507848719 0.0018497927712094 0.030538362600584 -0.13723064531598 -0.05960243233851 9.8098828290987 0.0020743729877203 0.0013185844898831 9.8110234583435 0.00041422021068212 -0.0002445239148703 0.00092056303566545 0.00042729735560972 -0.00023887020160083 0.00091608266543534 0.23369210512981 0.014212670403552 4 8 5 5 0
49.014235866212 8.4169904827863 115.79192352295 -0.006325 0.014197 2.2179773267949 0.0090375932409366 -0.01268996220848 0.014857865634848 -0.0046852707822038 0.02761885948527 -0.13730660127524 -0.055622274826059 9.8067504583115 0.0017958979508547 0.0067211441652195 9.8078669786949 0.00049468868423578 6.5113437764696e-05 -4.1772625623668e-05 0.00049403792782129 6.4873547020718e-05 -4.9204526037352e-05 0.24610770000144 0.013453624047074 4 9 5 5 0
49.014237017183 8.4169895374776 115.94758605957 -0.006153 0.014276 2.2048663267949 0.026358981900306 -0.013961573958281 0.029501749880437 0.0044007977516117 0.034874627172966 -0.14320673860552 -0.060657977893599 9.8062705511169 -0.0035883809283786 -0.00033071037896036 9.8075034728007 -6.2600676562243e-05 0.00040572369387907 0.0014736848066515 -4.163650506719e-05 0.00041479215185021 0.0014719152949569 0.23233165948704 0.015620499351813 4 8 5 5 0
49.01423632541 8.4169901381823 115.90046691895 -0.00621 0.014088 2.2004143267949 0.014071006746568 -0.0078835769083381 0.016015234967361 0.0019122587355793 0.034189083108006 -0.13724863861441 -0.070661650744602 9.8102186889121 0.0011124192832705 -0.010023811485095 9.8114282469807 -0.00045479021868274 -0.00026302012919569 0.00064658768637607 -0.00044561090976058 -0.00025897480417982 0.00065453236168523 0.23876766950322 0.014212670403552 4 8 5 5 0
49.014236624782 8.4169898183185 115.92163848877 -0.00619 0.01421 2.2196183267949 0.020678379387657 -0.012675024490142 0.024135393833595 0.0023945306868644 0.031574481544476 -0.13376111501018 -0.06704788487636 9.8055122055619 0.0055305911373332 -0.0063133392285348 9.8066503900807 -7.371052731064e-05 0.00010893030581615 0.00021589647983928 -7.0656678931404e-05 0.00011025060051669 0.00021623938509274 0.23369210512981 0.014212670403552 4 8 5 5 0
49.014236328838 8.416990147414 115.89632415771 -0.006212 0.014053 2.2014773267949 0.013451908645326 -0.007870219693698 0.015505643145327 0.0015722443834215 0.031559306674358 -0.1360204242134 -0.057052940514973 9.8083659525162 0.0021477310878873 0.0035364158606366 9.8094741501244 -0.00056483934985097 -0.00053009162080878 0.00012770351617957 -0.0005629091856078 -0.00052932797677472 0.00013891865896107 0.23603813251252 0.015620499351813 4 8 5 5 0
49.01423566604 8.4169909870428 115.69623565674 -0.007097 0.014012 2.1971003267949 0.0032572502335152 -0.0078116626975408 0.007215240536699 -0.0044245352627734 0.021762601128758 -0.12888822141207 -0.064980755412785 9.8172216691634 0.0095257765545568 0.0047781202954328 9.818276983251 0.00024431969817372 -0.001601836355681 -0.00099969107589045 0.00023041617618502 -0.0016089039296525 -0.00099163299536554 0.25536836139193 0.013453624047074 4 9 5 5 0
49.014236515429 8.4169898637644 115.90800476074 -0.006259 0.014219 2.2199093267949 0.018004893120549 -0.011947469655755 0.021565155596869 0.0013645450776259 0.028793780984911 -0.13789295863881 -0.067905038490772 9.8110914181564 0.001327729058674 -0.0064130026816943 9.812293032608 0.00015109621073043 0.00020027030586784 0.00011219742814028 0.00015263471728173 0.00020100076615223 0.00010877960533102 0.23369210512981 0.014212670403552 4 8 5 5 0
49.014236555555 8.4169898423369 115.91260528564 -0.00622 0.014219 2.2197033267949 0.019000086757013 -0.012112048433262 0.022457636965931 0.0018330686406753 0.029631986340444 -0.1323137236536 -0.056907016889612 9.8055406757677 0.006986376851959 0.0042616523715835 9.8065953520267 0.00021810399162074 5.8896070041062e-05 0.00068882521718596 0.00022788420783832 6.3190283399159e-05 0.0006852451507294 0.23369210512981 0.014212670403552 4 8 5 5 0
49.014236796698 8.4169896787983 115.93700408936 -0.00617 0.014199 2.2111373267949 0.023009181423739 -0.012727707631232 0.026052353499559 0.003564290124017 0.034206853688908 -0.1376814071525 -0.062975195740868 9.8067251607214 0.0015594316820734 -0.0022922795464148 9.8078933032202 0.00034010788632734 -0.0001053803309444 -2.5667961022449e-05 0.00033973117855607 -0.0001055374662442 -2.9844020540414e-05 0.23233165948704 0.015620499351813 4 8 5 5 0
49.014236427794 8.4169900184982 115.89559936523 -0.006246 0.014174 2.2156983267949 0.016533036452201 -0.0099702761152669 0.019207726461011 0.0019541939258798 0.028041352595795 -0.13803492363512 -0.065446875867689 9.8116607543277 0.00094148854506773 -0.0042934084337413 9.8128489179731 -6.8413367647722e-05 0.00024744256105565 0.00027284823046822 -6.4538709975073e-05 0.00024915064020773 0.00027223744285906 0.23369210512981 0.014212670403552 4 8 5 5 0
49.014236463019 8.4169899220157 115.90322875977 -0.006297 0.014209 2.2198063267949 0.016636506754185 -0.011425785498748 0.020160075100681 0.00094752035277477 0.027853418595868 -0.13205643603432 -0.0619653467057 9.8042532589935 0.0067461192372787 -0.00051559337274221 9.8053357299613 -0.0005014364309798 0.00070941431430102 0.00071978978345212 -0.00049126378210586 0.0007139222603115 0.00072234635499903 0.23369210512981 0.014212670403552 4 8 5 5 0
49.014235689336 8.4169908828898 115.70607757568 -0.007019 0.014055 2.1964193267949 0.0049489020362785 -0.0081919659317959 0.0088094215190186 -0.0037411696056957 0.021631259359483 -0.14801415180228 -0.077473673203355 9.8092394573529 -0.010147489142896 -0.0080848188733503 9.8106541776295 0.0011448028006665 0.00011416241176628 0.00077256534342001 0.0011555293332319 0.00011959808982194 0.00075563399754078 0.25536836139193 0.013453624047074 4 8 5 5 0
49.014237061657 8.4169895144275 115.94934082031 -0.006172 0.014259 2.2025983267949 0.027522647225231 -0.014010418094819 0.030478364015977 0.0049881661529386 0.035034386012195 -0.13596402274845 -0.067617133921745 9.8110235396367 0.0039097910662834 -0.0070646827917216 9.8121951593759 -1.642173947904e-05 6.0899077635253e-06 0.00026948713063126 -1.2582198306884e-05 7.7762737848827e-06 0.0002696308277188 0.23233165948704 0.015620499351813 4 8 5 5 0
49.014235959732 8.4169903994907 115.81517028809 -0.00612 0.014201 2.2120963267949 0.012840948729529 -0.012227595246977 0.017607054583864 -0.0020992762454783 0.030851683014674 -0.13593771215828 -0.049326365067143 9.8114233762913 0.0035628066729502 0.011451721832303 9.812482962309 0.0012784807045957 -0.00021791053595551 0.00082060279649352 0.0012900383326045 -0.0002128304235893 0.00080364385327159 0.24610770000144 0.013453624047074 4 9 5 5 0
49.014235718298 8.4169907572056 115.71862792969 -0.006201 0.013679 2.2018763267949 0.0084199464287913 -0.0084605078564111 0.011787422826845 -0.0018746992042358 0.021395660384121 -0.15253644486287 -0.15037659061172 10.047708010421 -0.012295724368019 -0.085833074386146 10.049713966316 0.0037248232856525 -0.0054942411853895 0.00091370386880649 0.0037373895926767 -0.0054884841210458 0.00089519459915384 0.25073093147835 0.014866068747319 4 8 5 5 0
49.01423608284 8.4169902951822 115.86779022217 -0.006163 0.0141 2.2043943267949 0.012880677463102 -0.011827097313007 0.017382782469801 -0.0019051204092058 0.037671053588597 -0.14270937032428 -0.055570496105954 9.8086216332611 -0.0040532611256474 0.0045876890400617 9.8098154779297 -0.00052338371836139 -0.00052843930480304 -5.7257263652721e-07 -0.00052326134133135 -0.00052845146188565 1.0029886094886e-05 0.2414994824011 0.014212670403552 4 8 5 5 0
49.014236190999 8.4169902047057 115.89589691162 -0.006136 0.014018 2.2018863267949 0.01185919049883 -0.0083728484242096 0.01451497464841 0.00024136425600204 0.036177591388679 -0.12961416301477 -0.053709069877682 9.8086001509626 0.0080818023008426 0.0064148433472104 9.8095982310576 -0.00011752049684373 -0.0003776988577762 -0.00015825800376737 -0.00011965797561985 -0.00037866065694356 -0.00015427351203492 0.23876766950322 0.014212670403552 4 8 5 5 0
49.014236958939 8.4169895709542 115.94613647461 -0.00612 0.014209 2.2065823267949 0.025809677323773 -0.01353949119911 0.028805391108035 0.0044399388037112 0.03463785418733 -0.13702757551914 -0.058203114391474 9.8085202081304 0.0024945224089249 0.0022596269226871 9.8096497390372 0.00072627594741326 -0.00030733892636703 4.1245909945491e-05 0.00072683188052623 -0.00030704858748633 3.2797250650345e-05 0.23233165948704 0.015620499351813 4 8 5 5 0
49.014236090811 8.4169902886848 115.87399291992 -0.006152 0.014136 2.2045483267949 0.012803496865497 -0.010489625334279 0.01652877920085 -0.00087166757359947 0.038601931855286 -0.14685652807508 -0.071932195060933 9.811625750338 -0.0082363819755897 -0.011421250683125 9.8129784626423 0.00027244369140709 0.0002146428470881 0.00012219728375725 0.0002741310428155 0.00021538239450261 0.00011698120347354 0.2414994824011 0.014212670403552 4 8 5 5 0
49.014235804498 8.4169906101083 115.75287628174 -0.006511 0.014136 2.2096433267949 0.0062608425616002 -0.013616008823532 0.01314765079172 -0.0071935867775696 0.023134180126651 -0.1330577026212 -0.090459478829757 9.8149766260502 0.0057662583086186 -0.027055399112503 9.8162585462563 -0.00096981385659672 -0.00016293434288195 0.00034092189311035 -0.00096486584578073 -0.00016072720698976 0.00035561690140653 0.25073093147835 0.014866068747319 4 8 5 5 0
49.014236432236 8.4169900281429 115.89797973633 -0.006243 0.01413 2.2141893267949 0.01686347414958 -0.0096720751179408 0.019296368764655 0.0023637198672138 0.029096906960978 -0.14236334764204 -0.056842247602415 9.8052603734945 -0.0035412623543773 0.0041369522339564 9.8064565173971 -0.00027945413953175 -0.00043556963628394 0.00066816910287622 -0.00026995479190901 -0.00043137875132589 0.00067470974035324 0.23603813251252 0.015620499351813 4 8 5 5 0
49.014235753663 8.4169906717138 115.73568725586 -0.006564 0.01416 2.2084593267949 0.0060948771393163 -0.010239814672057 0.01098531740594 -0.0046109182307095 0.022065574207245 -0.14716445107921 -0.11914768120449 9.8007035829796 -0.008199879589833 -0.054009249351818 9.8023888180681 0.0013775128882153 -0.00042093525564195 -4.9457116668629e-05 0.0013766934623224 -0.00042125727653541 -6.618912766592e-05 0.25073093147835 0.014866068747319 4 8 5 5 0
49.014235825615 8.4169905859165 115.76019287109 -0.006459 0.014177 2.2098303267949 0.0086375313983286 -0.011847121995709 0.01399902341854 -0.0043582596083546 0.024773304292619 -0.13391113170661 -0.078471091520861 9.810708603292 0.0050493233539434 -0.014815086701999 9.8119242723123 0.00048302539740157 0.00023606267811632 0.00084413238492507 0.0004949220721655 0.00024153999314968 0.00083564947094235 0.25073093147835 0.014866068747319 4 8 5 5 0
49.014236843743 8.4169896419356 115.93858337402 -0.006162 0.014243 2.2093193267949 0.023583533992291 -0.013363491695145 0.026898841020019 0.0033483815878729 0.034208095343 -0.13986481994865 -0.055640953258723 9.811247101753 -0.00032658614320576 0.0047699375941527 9.8124008134751 -5.9008807870886e-05 0.00024746968686523 0.00047590251072268 -5.2274919463579e-05 0.00025042786821133 0.00047517232281267 0.23233165948704 0.015620499351813 4 8 5 5 0
49.014236174196 8.4169902140917 115.89236450195 -0.006114 0.014052 2.2023253267949 0.011797924403988 -0.0075694291537279 0.01399103858158 0.00086123530885951 0.036180850991309 -0.13556847880781 -0.055604472705807 9.8097462579681 0.0022656511815744 0.0046856965598151 9.8108397480379 0.00053968789114982 1.3404195418106e-07 3.5305258309766e-05 0.00054017601251629 3.3954207990291e-07 2.7711778765335e-05 0.23876766950322 0.014212670403552 4 8 5 5 0
49.01423569799 8.4169907796118 115.71404266357 -0.006757 0.014002 2.2000033267949 0.0046881773669262 -0.0093894717484536 0.0093108508246145 -0.0048403413818904 0.019252566679542 -0.12842761072136 -0.080432603731414 9.8108586739208 0.0089128887045746 -0.01301081208736 9.8120167875916 0.0020375556496374 -0.00010210107497921 0.0013743478980109 0.0020566286583389 -9.2736185631528e-05 0.0013464145307298 0.25536836139193 0.013453624047074 4 8 5 5 0
49.014235836287 8.4169905646089 115.76499176025 -0.006383 0.014167 2.2098863267949 0.0083869806101944 -0.012612369577066 0.014254509456222 -0.0051209163217157 0.025035254869672 -0.13796961501534 -0.045478980149153 9.8031242786639 0.00085272030768992 0.017348273859684 9.80418602762 0.00047325437698474 0.00013671159737178 -4.9598880546886e-05 0.00047251588662946 0.00013645699838008 -5.7164122842312e-05 0.25073093147835 0.014866068747319 4 8 5 5 0
49.014236428024 8.416989980439 115.89874267578 -0.006247 0.014147 2.2184343267949 0.016564935165955 -0.010230706907378 0.019384602778646 0.0018188713838001 0.027576388852989 -0.13143549186723 -0.059775426846909 9.8099421302914 0.0073428497254096 0.0014833367843661 9.8110018863431 9.1018067332791e-05 3.8689646783118e-05 8.2989251181863e-05 9.2158132059446e-05 3.9228474258043e-05 8.1488944903264e-05 0.23369210512981 0.014212670403552 4 8 5 5 0
49.014236313749 8.4169901382122 115.90209197998 -0.006164 0.014104 2.2002443267949 0.013382027897458 -0.008379126869182 0.015749886114624 0.0011089395228615 0.035150690956984 -0.13350083913187 -0.059416569899044 9.8072746760259 0.0047242499517252 0.0010128918195952 9.8083622514433 -9.6657851029927e-05 -1.8732517352494e-05 9.6641353000122e-05 -9.526431059997e-05 -1.8085769670365e-05 9.8160082255309e-05 0.23876766950322 0.014212670403552 4 8 5 5 0
49.014236078244 8.416990296846 115.87699127197 -0.006161 0.014067 2.2046023267949 0.010969898163462 -0.0088713507907422 0.014093034876544 -0.00065281462884632 0.037594039696364 -0.13486646095135 -0.057733099034944 9.8128094718103 0.0034127655095771 0.0025514433445402 9.8139054268964 -0.00017788954477626 -0.00031698997256417 0.0002360519319515 -0.00017448263212637 -0.00031556548887979 0.00024048995082086 0.2414994824011 0.014212670403552 4 8 5 5 0
49.014235663426 8.4169910182018 115.69149017334 -0.007125 0.014145 2.1957723267949 0.0032767862226073 -0.0064653201535247 0.0064378077399679 -0.0033315347959977 0.021356784982333 -0.1342593768447 -0.055707060003305 9.8017578593636 0.0041152582937697 0.014139269755814 9.8028245817292 0.00010522044642383 0.00040526453661048 0.0005887671849551 0.00011347007782182 0.00040945625362149 0.00058431530820322 0.25536836139193 0.013453624047074 4 9 5 5 0
49.01423675545 8.416989710809 115.93552398682 -0.006192 0.014183 2.2128263267949 0.021976255942877 -0.012706277855801 0.025206026364331 0.0030118334768049 0.033879329873633 -0.135814483987 -0.065023950893791 9.8078057556913 0.0032396767726384 -0.0042210665506526 9.8089600737779 0.00013992779082848 -5.8414509917385e-05 -3.5400562785362e-05 0.00013942996348555 -5.8646247354959e-05 -3.7017977173767e-05 0.23233165948704 0.015620499351813 4 8 5 5 0
49.014235842627 8.4169905136796 115.78372192383 -0.006374 0.01421 2.2168963267949 0.0086065462097805 -0.012208495628935 0.014211559916529 -0.0045969156931481 0.026711099909442 -0.13444498961219 -0.06183876947472 9.8080515899229 0.0045508296431168 0.0010539316779217 9.8091671166554 0.00065156929552627 0.00064887427157914 -0.00037406007054874 0.00064606511120749 0.00064650422374555 -0.00038736587521959 0.24610770000144 0.013453624047074 4 8 5 5 0
49.01423626516 8.4169901593647 115.90219116211 -0.006136 0.014097 2.2007433267949 0.012790581561599 -0.0078665163903392 0.01496943456594 0.0011816770032296 0.035657981389103 -0.13809439707912 -0.056588716250231 9.8070486445903 -0.00022672115580283 0.0036468588607916 9.8081834073191 0.00012718652556904 0.00054776150862096 -0.00044519951391402 0.00012084884913799 0.00054502975905161 -0.00045031991249523 0.23876766950322 0.014212670403552 4 8 5 5 0
49.014235727291 8.4169907217759 115.7228012085 -0.006364 0.013987 2.2041243267949 0.0051418138957426 -0.015954790179074 0.013578156212124 -0.009835174651956 0.019232681957616 -0.09717412367062 -0.0077353834271526 9.8378573078272 0.041263372170078 0.053667765861737 9.8381750466574 -0.0023892340053366 -0.0019795748261041 0.0012024579480391 -0.0023721027913535 -0.0019719032023387 0.001248028248577 0.25073093147835 0.014866068747319 4 8 5 5 0
49.014236106449 8.4169902706047 115.87883758545 -0.00616 0.014099 2.2041653267949 0.011627062511561 -0.0084423233528499 0.014368577516459 7.6814874702648e-05 0.036125786628686 -0.13409020914672 -0.063922579412187 9.8068817350252 0.0040456781149271 -0.0034515705238255 9.808005285764 0.00018631366315187 0.00018456195392793 0.00030324344976866 0.00019055803810245 0.00018644651938769 0.00029946900387306 0.2414994824011 0.014212670403552 4 8 5 5 0
49.014235684231 8.4169908096467 115.71035003662 -0.006924 0.014006 2.1981553267949 0.0030811727723314 -0.010382571480249 0.0085840190557826 -0.0066029353705351 0.018989047324346 -0.13239630222197 -0.08586874300378 9.811576775616 0.0049575476978045 -0.017606525859395 9.8128290687791 0.00062920248575692 2.3306577205196e-05 0.00011165695081445 0.00063069078890899 2.4112913915184e-05 0.00010269346078045 0.25536836139193 0.013453624047074 4 8 5 5 0
49.014236382611 8.4169900993563 115.89867401123 -0.006126 0.014098 2.2074413267949 0.01504895976421 -0.0080398020120185 0.016883745417625 0.0024598487058283 0.030652151210049 -0.13788638436904 -0.057309802277688 9.8094844408349 0.0003801726472282 0.0032599059302677 9.8106203706033 0.00085544756736258 -0.00012339322454606 0.00073630753131759 0.00086575989904059 -0.00011885845617036 0.00072494573104983 0.23603813251252 0.015620499351813 4 8 5 5 0
49.014235691067 8.4169909047166 115.70583343506 -0.007122 0.014074 2.1968733267949 0.0054040424911616 -0.010111331653728 0.010307363824444 -0.0050197116587801 0.022037284068374 -0.13683342337034 -0.070280591148474 9.8082164527109 0.0013621634519032 -0.00041835535358514 9.8094224805481 0.00014503065107182 -0.00017033329523509 -0.00044287620091693 0.00013875808280068 -0.00017348562776641 -0.00044367394559008 0.25536836139193 0.013453624047074 4 8 5 5 0
49.014236079176 8.4169903014906 115.87631225586 -0.006161 0.01416 2.2044633267949 0.012029170784534 -0.009026300137222 0.01503835033537 -0.00015108444951962 0.038322762817015 -0.14308819774462 -0.062656542124886 9.8003984107435 -0.0044908101794158 -0.0023130320771647 9.8016418355875 -8.0992908885434e-06 0.00055908527749554 0.00074496633875354 2.3789189884099e-06 0.00056365034291392 0.00074155799788286 0.2414994824011 0.014212670403552 4 8 5 5 0
49.014236880822 8.4169896122621 115.94060516357 -0.006178 0.01421 2.2081673267949 0.024083336334461 -0.013781022057039 0.027553685213834 0.0032735569892293 0.034042509551486 -0.13457966836307 -0.064217753162963 9.8062201892097 0.0048474530746526 -0.0035508848008708 9.8073523319108 0.00018890847281822 -0.00023349857595401 0.00031487538789231 0.00019338452470324 -0.00023153663105663 0.00031360995088715 0.23233165948704 0.015620499351813 4 8 5 5 0
49.014236339069 8.4169901306124 115.89640045166 -0.006179 0.014112 2.2029713267949 0.013460695928045 -0.0076301746957578 0.015369568947386 0.0017842390082341 0.030906231740279 -0.13798126752919 -0.066573309223167 9.8114558723741 0.00017498407156013 -0.0057803668176589 9.8126502709378 0.00040492403894435 0.00043319367524072 0.00070160184101087 0.00041474498062162 0.00043752716679231 0.0006931251998021 0.23603813251252 0.015620499351813 4 8 5 5 0
49.014236921505 8.4169895857696 115.94297027588 -0.006148 0.014254 2.2070033267949 0.024927686294961 -0.013660363085306 0.028164890531222 0.0038397899760689 0.034365060252905 -0.1436804431642 -0.063656954678669 9.8097027355144 -0.0041787770006658 -0.0029273006851505 9.8109607097077 0.0007275008212593 0.00051025166285227 0.00014086091503444 0.00072936033881549 0.00051114997354987 0.00012733773698574 0.23233165948704 0.015620499351813 4 8 5 5 0
49.014235845565 8.416990528335 115.77559661865 -0.006466 0.014124 2.2126313267949 0.0080269962388138 -0.01252877563225 0.01392139132151 -0.0052519095911542 0.025658490837263 -0.14170326809493 -0.072441374146021 9.8118801101212 -0.0028017849783487 -0.0090943461231768 9.8131661905937 -0.00021406884925164 -0.00059335080616525 0.0017633577847619 -0.00018905331430214 -0.00058193348904419 0.0017700222088426 0.24610770000144 0.013453624047074 4 8 5 5 0
49.014236153662 8.4169902214588 115.88888549805 -0.006177 0.014026 2.2030303267949 0.011324438758433 -0.0081765674432582 0.013967605104527 0.00010029677180862 0.035954261903714 -0.14062524427162 -0.071736822097353 9.8180154267768 -0.0026449419136222 -0.010949602185451 9.8192782849884 0.00024701697873396 -0.00050406395537842 0.00028556615543326 0.00025103694193063 -0.00050232195418333 0.00028522248821332 0.23876766950322 0.014212670403552 4 8 5 5 0
49.014236360916 8.41699011622 115.89746856689 -0.006156 0.014095 2.2050093267949 0.014215870055047 -0.0074908159787456 0.015892435168012 0.0023715256731466 0.031005197653872 -0.13764773768643 -0.064618808806483 9.8114948034151 0.00059995699439878 -0.003816971055232 9.8126725014019 0.00072496231670597 -9.0916492269323e-05 0.0004590038469049 0.00073136731849533 -8.8063767367284e-05 0.00044929083649401 0.23603813251252 0.015620499351813 4 8 5 5 0
49.014235682455 8.4169908646791 115.70594787598 -0.006892 0.014003 2.1967373267949 0.0035408891146763 -0.0089591994521266 0.0081179664788105 -0.0051870800991665 0.020135469916455 -0.13326636967729 -0.044317014447101 9.8091301749612 0.0043831319998471 0.023804499713039 9.8101074889686 0.0011086605947151 -0.00044756129167524 -0.00045249588296381 0.0011022148227852 -0.00045065067483246 -0.00046493056549261 0.25536836139193 0.013453624047074 4 8 5 5 0
49.014235899021 8.4169904458363 115.79978179932 -0.006409 0.014227 2.2164203267949 0.009922998876705 -0.013148211865184 0.01583953554497 -0.0045227034022062 0.029077739501279 -0.13094907041369 -0.071421853349608 9.8117052512032 0.0083889705688792 -0.0089430712116183 9.812831378494 -0.00074162168998427 0.00037130805507179 -0.0015509576879808 -0.00076363534186082 0.00036139052349398 -0.0015425959863555 0.24610770000144 0.013453624047074 4 9 5 5 0
49.014236013352 8.416990356923 115.83667755127 -0.006142 0.01414 2.2073373267949 0.010073085320993 -0.0094690641503957 0.013730844857285 -0.0016164661729373 0.033935967134086 -0.14712745656967 -0.070983532290826 9.8061034177456 -0.0081887120470387 -0.010391225678619 9.8074555984213 0.00060379078804536 -0.00042759958070026 0.0018091401162674 0.00062937160723198 -0.00041641629416075 0.0018030143235005 0.24610770000144 0.013453624047074 4 8 5 5 0
49.014236712652 8.4169897459999 115.93239593506 -0.006226 0.014168 2.2145633267949 0.020978186476807 -0.012494789100868 0.024274777252151 0.0026323986028913 0.03320927238084 -0.13484219803385 -0.05974946260966 9.8086298704631 0.0041661926565268 0.0010090847974951 9.8097378656045 -0.00055937889208256 -0.00024590061325303 -9.8843539178616e-06 -0.00055945778513404 -0.00024602258037803 -4.3418073170738e-07 0.23233165948704 0.015620499351813 4 8 5 5 0
49.014236422732 8.4169900568586 115.90137481689 -0.006237 0.014119 2.2107843267949 0.016289492068096 -0.0087890116783785 0.018316708494253 0.0026622425394064 0.030481004347513 -0.14012375168696 -0.0664309492955 9.8102453572714 -0.0012526393341766 -0.0054977722081987 9.8114692634081 -0.00040901702046053 -0.00081976476857314 0.00069078502823756 -0.00039916469605124 -0.00081545153371223 0.00070159575735992 0.23603813251252 0.015620499351813 4 8 5 5 0
49.014235677228 8.4169908427386 115.70621490479 -0.006933 0.013986 2.1970463267949 0.0025176086299835 -0.010664719881813 0.0082897052675312 -0.0071664608022128 0.018722485833746 -0.13487762727121 -0.054272075911895 9.8147853219242 0.0026563710046689 0.013541273465779 9.8158526075401 -0.00027213237528499 -0.0004203683797374 -0.00011105507229484 -0.00027364621507318 -0.00042111995189931 -0.00010438646424156 0.25536836139193 0.013453624047074 4 8 5 5 0
49.014236056352 8.416990317302 115.85583496094 -0.006177 0.014126 2.2048993267949 0.012188783678937 -0.010460993577663 0.016017748462925 -0.0012003403361492 0.036502405422756 -0.12007197737796 -0.07235343570015 9.8091079198135 0.018345483065874 -0.01167715322208 9.8100855357423 0.00014582979769228 0.00029974287229537 0.00056541525677907 0.00015374271344255 0.00030325339381077 0.00056145942130361 0.2414994824011 0.014212670403552 4 8 5 5 0
49.01423578578 8.4169906331389 115.74672698975 -0.006422 0.01416 2.2107833267949 0.0052676406879109 -0.013269884779434 0.012150510903163 -0.0074985269264653 0.021804944873565 -0.13027802996958 -0.043460820509569 9.8091306323125 0.00896341033719 0.018866841632608 9.8100720354821 -0.0012781000801991 -0.00065184911843394 1.7776987876222e-05 -0.0012776450248917 -0.00065169138029548 4.0028940792656e-05 0.25073093147835 0.014866068747319 4 8 5 5 0
49.014236075947 8.4169903021908 115.86139678955 -0.006078 0.014133 2.2044593267949 0.013317666181306 -0.010966271729322 0.017225657527063 -0.00094807202338836 0.037193358093086 -0.12903400485305 -0.049660041220346 9.8092415893849 0.0095592721480676 0.01055112388057 9.8102061357511 0.0010589926319742 6.972016212347e-05 0.00058395376816705 0.0010671248047114 7.3303546279111e-05 0.00056846888301393 0.2414994824011 0.014212670403552 4 8 5 5 0
49.014235684676 8.4169909274041 115.70457458496 -0.007127 0.014119 2.1982513267949 0.0054537200909215 -0.0096391158936397 0.010074266196591 -0.0046001903125984 0.022605568203155 -0.13328713714623 -0.070324842385036 9.8054683631087 0.0049485913098976 -0.0002757634593064 9.806625236935 0.00037795750340065 0.00040166856068253 0.00078356391012543 0.0003888891256323 0.00040727510659387 0.00077525481504343 0.25536836139193 0.013453624047074 4 8 5 5 0
49.014236656921 8.4169897920269 115.9280090332 -0.006166 0.014175 2.2173993267949 0.020678923689857 -0.011990715671535 0.023726689036508 0.0029046112191669 0.032776040861048 -0.14402799647692 -0.056674117484405 9.8127285922219 -0.0048891579651336 0.0040095908170717 9.8139470192102 0.00034035220140662 -4.9441265251595e-05 -0.00062103873879869 0.00033148042073285 -5.3325226153771e-05 -0.00062548297462492 0.23233165948704 0.015620499351813 4 8 5 5 0
49.014236039185 8.4169903310622 115.84906768799 -0.006202 0.014129 2.2057273267949 0.010012727114311 -0.010705454625421 0.014411900609288 -0.0026754641502719 0.035428876723795 -0.12203468998588 -0.067300150026795 9.8156038732772 0.016594956209268 -0.0066228883940458 9.8165773527339 -0.00038048336469649 0.00013639803590169 0.0013758157039748 -0.0003610299544653 0.00014497747777265 0.001380164610197 0.2414994824011 0.014212670403552 4 8 5 5 0
49.014235995939 8.4169903706848 115.82843017578 -0.006201 0.01419 2.2086063267949 0.010243645985654 -0.012503293313361 0.015678120300967 -0.0039313450962827 0.033527368865449 -0.152633979797 -0.07508281853558 9.8078670796876 -0.01348767654961 -0.014550239507541 9.8093226440857 -0.0005354222044723 0.00014150511910222 -9.3682135642113e-05 -0.00053668772588974 0.00014091428967833 -8.6965418338045e-05 0.24610770000144 0.013453624047074 4 9 5 5 0
49.014236120225 8.4169902535987 115.88143920898 -0.00614 0.014066 2.2042043267949 0.011598380418056 -0.008763410116305 0.014535487879454 -0.00019848292710663 0.035739337908142 -0.13439805955595 -0.053950975042923 9.8051157529399 0.0034315606864774 0.0062494733808002 9.8061826722497 6.1302615559163e-05 0.00011091152437312 0.0014252626325786 8.1317651880442e-05 0.00011969086781085 0.0014235323877348 0.23876766950322 0.014212670403552 4 8 5 5 0
49.01423609125 8.4169902848953 115.87671661377 -0.006207 0.01407 2.2040773267949 0.010936222969992 -0.0088281030219137 0.014040124261994 -0.00064194525248663 0.036835894406197 -0.13230737159017 -0.065327532361455 9.8087821719674 0.0057067701474555 -0.0046898223202819 9.8098891921966 -0.00033050870728396 -8.3279194080652e-06 3.8718007462481e-05 -0.00032993382028025 -8.083786922116e-06 4.3419939912516e-05 0.2414994824011 0.014212670403552 4 8 5 5 0
49.014236398289 8.4169900842854 115.90043640137 -0.006197 0.014174 2.2090603267949 0.015471394495053 -0.008598491384599 0.017550971764469 0.0022947488110143 0.030654514008747 -0.13797791998412 -0.059342958229318 9.8085239460533 0.00059383829712062 0.0012788361249793 9.8096738647967 -0.00027718138190527 0.00070654461287896 0.00047741564897645 -0.00027050473210426 0.0007094662700656 0.00047692143364615 0.23603813251252 0.015620499351813 4 8 5 5 0
49.014235939677 8.4169904113083 115.8091506958 -0.006291 0.01423 2.2139873267949 0.012250916541807 -0.01227505345774 0.017169007540966 -0.0024551966875157 0.030347747996507 -0.13328694022295 -0.076029206941482 9.8017751366834 0.0059852518420151 -0.013949263758231 9.8029645813102 0.00067659373924385 0.00034057880812781 0.00085672057320226 0.00068865904664759 0.0003459442659926 0.00084486696192385 0.24610770000144 0.013453624047074 4 9 5 5 0
49.014236322351 8.416990146038 115.89679718018 -0.006189 0.014074 2.2008943267949 0.014151526177772 -0.0075782743628011 0.015899748379825 0.0022121409148483 0.032956458223251 -0.13230472901567 -0.055032866908444 9.809331842977 0.0059413152146692 0.0055959364685036 9.8103749558953 -1.6047388531344e-05 -0.00019569118903362 -0.00040009454027192 -2.1640705947831e-05 -0.00019817976762898 -0.00039862290675439 0.23603813251252 0.015620499351813 4 8 5 5 0
49.014236430086 8.4169900008802 115.89706420898 -0.006309 0.01415 2.2169033267949 0.016626166246445 -0.0098312557857778 0.019195473053119 0.0021486058953677 0.027574794182891 -0.14075452956948 -0.064454474636901 9.8070325717079 -0.0019451613736379 -0.0030507437219222 9.8082537252057 -0.000715184188345 -2.6441776304252e-05 -0.00019932030870911 -0.00071792571914425 -2.7695067348403e-05 -0.00018900560015509 0.23369210512981 0.014212670403552 4 8 5 5 0
49.014236236774 8.4169901772641 115.90074920654 -0.006157 0.014062 2.2011143267949 0.012873337678935 -0.0076176616960078 0.014889271870388 0.0014367961705823 0.036129714237066 -0.13783473398083 -0.063224030640486 9.8074227568665 -0.00018073466157219 -0.002927122821989 9.8085945598424 -0.00013579047816547 0.00036937697924172 0.00058021071267343 -0.00012765576407716 0.00037298518051254 0.00057978863199753 0.23876766950322 0.014212670403552 4 8 5 5 0
49.014235980112 8.4169903871253 115.82173919678 -0.006129 0.014202 2.2100273267949 0.011375455728512 -0.013384804486701 0.017117895527705 -0.0039363879195988 0.031824660974886 -0.146847358157 -0.043205770312519 9.8120335494704 -0.007627726589709 0.016795167257683 9.8132106046015 -0.00030590531997524 0.00035105155410044 0.0016501404507484 -0.00028238191006787 0.00036120196530568 0.0016521327122407 0.24610770000144 0.013453624047074 4 9 5 5 0
49.014235741174 8.416990690203 115.73017120361 -0.006755 0.01427 2.2069813267949 0.0039492969985247 -0.01556222046951 0.012408265639722 -0.010190055968233 0.02037619597777 -0.16953401693652 -0.093210369447091 9.794515362928 -0.030568555548846 -0.029009452247533 9.7963688391229 -0.0036620282641588 0.0012583221815415 -0.00016189669620014 -0.0036641825295866 0.0012570194978622 -0.00011841321766931 0.25073093147835 0.014866068747319 4 8 5 5 0
49.014236026352 8.4169903445169 115.84299468994 -0.006147 0.014166 2.2063763267949 0.0094259275494186 -0.0099014913618529 0.013464556765294 -0.0023639017896092 0.034282757418542 -0.13055490067445 -0.041486787572049 9.8041961861594 0.0082267533589757 0.018738488108187 9.8051322121436 -7.2397589417922e-05 0.00024361734613108 -0.00042924545449966 -7.8492160801311e-05 0.0002410053461266 -0.00042965356268842 0.2414994824011 0.014212670403552 4 8 5 5 0
49.01423576593 8.4169906545731 115.74115753174 -0.006346 0.014212 2.2100313267949 0.0066181021699002 -0.0094162285916915 0.010925146606092 -0.0036183105050838 0.022180124344704 -0.1349115341439 -0.035842786528624 9.808449855224 0.0044252621416417 0.027492222566627 9.8094101563731 0.0019038528165124 3.1993502902921e-05 0.0010958138928122 0.0019192577399571 3.8986785582476e-05 0.0010684272300018 0.25073093147835 0.014866068747319 4 8 5 5 0
49.014235845877 8.4169905433152 115.76979827881 -0.006439 0.014097 2.2099813267949 0.0077008387337096 -0.013295503985051 0.014111506256544 -0.0060777600565982 0.024983332553144 -0.13512765221639 -0.062705335149677 9.8088920666309 0.0037696514981337 0.00022958829528642 9.8100229965055 -0.00038844974966572 -0.0010806760498668 0.0004999289130772 -0.00038116222039866 -0.0010774196736163 0.00051232352097216 0.24610770000144 0.014866068747319 4 8 5 5 0
49.014236135079 8.4169902306029 115.88526916504 -0.006197 0.01406 2.2036313267949 0.011130678357185 -0.0091725215478491 0.014400375073086 -0.00080960594581562 0.035623779568364 -0.14625527347778 -0.059711041061005 9.8087034304172 -0.0083608465117976 0.0008723408187569 9.8099719321495 -0.00030949577547477 -7.0039741615468e-06 0.00058892438101784 -0.00030121323532896 -3.3439730544327e-06 0.00059325047548366 0.23876766950322 0.014212670403552 4 8 5 5 0
49.014236433696 8.416990037154 115.89960479736 -0.006217 0.014136 2.2128003267949 0.017091307262412 -0.0091410454138867 0.019164785670308 0.0028952249898911 0.02999017094973 -0.13727955040311 -0.059909894851412 9.8136615451967 0.0016633584077457 0.00099766046645285 9.8148041024766 -5.7469968198023e-05 -0.00040382291947473 0.00030442896790509 -5.3136377792557e-05 -0.00040192561894419 0.00030770535251195 0.23603813251252 0.015620499351813 4 8 5 5 0
49.014236214455 8.4169901910133 115.89868927002 -0.006135 0.014039 2.2014353267949 0.012229001503398 -0.0082434491409898 0.014737489829319 0.00055763041678807 0.03633964878609 -0.13998026374432 -0.068822951806097 9.8104594772155 -0.0023558814779711 -0.0085077669997845 9.8116954538252 0.00024949005047129 0.00011019409300869 8.4084565689657e-05 0.00025056465267253 0.00011075364028999 7.9892801212573e-05 0.23876766950322 0.014212670403552 4 8 5 5 0
