49.014252433238 8.3527318195429 110.09920501709 0.03337 0.023142 -1.5848449803847 0.015629345021526 0.033549508000094 -0.016100435927133 -0.033326139542999 -0.036818938438474 -0.30350666876807 0.31916383219836 9.7809430862801 -0.078009302492098 -0.0074413231257232 9.7905548020447 -2.3184272745934e-06 0.0017872891842807 0.00071351272889932 1.5568585992091e-05 0.0017625197072774 0.00077240247015558 0.10065783625729 0.022671568097509 4 9 5 5 6
49.01431954157 8.3527312896229 110.23315429688 0.031158 0.01941 -1.5784239803847 -2.3551518934673 0.021322545347333 2.354925246535 -0.039012969693828 -0.039732457734093 -0.66859682886862 0.30091901922472 9.7767493344924 -0.47836547613493 -0.0034350010539526 9.7925327198215 0.00078161190713371 -0.00090144484385104 -0.0014953583870428 0.00075180663860588 -0.00085452438176024 -0.0015374650195814 0.097082439194738 0.027586228448267 4 5 5 5 0
49.014252286343 8.3527319864003 110.10214233398 0.033382 0.022855 -1.5851289803847 0.017442569060998 0.034796178135082 -0.017936063103204 -0.034544534362644 -0.039713335611692 -0.17389433538996 0.33452674655797 9.833684898633 0.051410543364701 0.0063828142688724 9.8407762166287 9.3480416357308e-05 -0.001227275194634 -0.0011673893361921 6.5845578849186e-05 -0.0011876476275468 -0.0012094660181156 0.10131633629381 0.024839484696748 4 9 5 5 6
49.014252361228 8.3527319738979 110.09225463867 0.033399 0.022939 -1.5849809803847 0.017728472498143 0.035060612768401 -0.01822397555864 -0.034805614166245 -0.039426827129394 -0.28369136873981 0.31768703408823 9.7982395698062 -0.058528261439995 -0.0093636260335702 9.8073168083814 0.00062210039848117 -0.00050536525772774 0.00046126806961876 0.00063219474509627 -0.00052054246992401 0.00042972507703411 0.10065783625729 0.022671568097509 4 9 5 5 6
49.014279124735 8.3527312389431 110.24687957764 0.031865 0.022441 -1.5821559803847 -1.8698055163229 0.016871495092598 1.869495218821 -0.038008076174852 -0.04310454899651 -0.65468549323017 0.32494823305514 9.7697394206003 -0.43649699898468 0.01364057183517 9.7873073007095 0.00018462436510935 0.0021866228551113 -0.00089563553451143 0.00016626680800077 0.002214014005701 -0.00082934537466856 0.093509357820488 0.021931712199461 4 5 5 5 0
49.014251870224 8.3527308539611 110.18828582764 0.033944 0.023272 -1.5854089803847 0.008278179807032 0.0090494947420753 -0.00840903435074 -0.0089280139115137 -0.026076432990877 -0.23664830199262 0.32598570226827 9.8040346995033 -0.0087350666951427 -0.0062895648905363 9.8123039531562 0.0007266936490377 0.00066900064538145 -0.00062449247412771 0.00071249205910552 0.0006897858288625 -0.00061816297057982 0.09783659846908 0.022671568097509 4 9 5 5 6
49.014252940473 8.3527319870835 110.13317871094 0.033087 0.024336 -1.5848969803847 -0.46171038061502 0.040148919553226 0.46109948815071 -0.046643734199886 -0.036332325046873 -0.87314681296535 0.35106099090846 9.7848259278468 -0.63493935115973 0.028267698045719 9.8094133789629 0.0014491509781421 0.0010779243448121 -0.00073349142040185 0.0014317860805913 0.0011015144720464 -0.00073259404712786 0.1005683846942 0.024083189157585 4 8 5 5 6
49.014252359467 8.3527320192332 110.0895614624 0.033293 0.022908 -1.5849659803847 0.022294700823715 0.034944403339864 -0.022788657715632 -0.034624282609175 -0.041755540558078 -0.22844314064637 0.33043823335325 9.7900134214166 -0.0035539548645525 0.0039429280505943 9.7982529832045 -0.00077997945773815 -0.00085616928866161 0.00087417905594604 -0.0007603992950871 -0.00088483075718064 0.00086284811151772 0.10131633629381 0.024839484696748 4 9 5 5 6
49.014252413419 8.3527318330294 110.12148284912 0.033223 0.024306 -1.5849449803847 -0.31705001945764 0.039310732107826 0.31646264520074 -0.043788328200962 -0.036798720526569 -0.94780963710191 0.33059905796478 9.7874842749452 -0.70966378336923 0.0056128331673908 9.8131970583547 0.00010747943418885 0.00071560284662955 -0.00044762802312069 9.7196826628618e-05 0.00073005154443384 -0.00042612321767748 0.1005683846942 0.024083189157585 4 8 5 5 6
49.014321732367 8.3527312339936 110.23621368408 0.03103 0.01938 -1.5782099803847 -2.4133026844094 0.021910768273448 2.4130813007302 -0.039351131207033 -0.040593636446839 -0.95207433727305 0.28880819913417 9.8100778180005 -0.76075890277209 -0.015753909979553 9.8310199649779 -1.3153313394013e-05 -0.0020449760536359 -0.0027967554926681 -6.8798955315563e-05 -0.0019571792859609 -0.0028576455094859 0.097082439194738 0.027586228448267 4 5 5 5 0
49.014252404749 8.3527319050086 110.09427642822 0.033379 0.022803 -1.5848909803847 0.021038675148187 0.033574285809165 -0.021510340824871 -0.033274105145347 -0.04007405118402 -0.14486777478954 0.30585077661999 9.82977393317 0.079487019793708 -0.022128524329344 9.8352572100848 0.00048632563621729 -0.00022214782122572 0.00076956975479239 0.0005036002605404 -0.00024770273379984 0.00075046395579062 0.10065783625729 0.022671568097509 4 9 5 5 6
49.014252384349 8.3527319386539 110.09310150146 0.03338 0.022969 -1.5849129803847 0.014849753196584 0.033901983755832 -0.015327147166337 -0.033688890920612 -0.0391293529954 -0.20193598376315 0.35149961823697 9.7982516270166 0.022626892197344 0.024519610053157 9.8065828173386 0.00043222386446986 0.0011286830692117 0.00052311876829199 0.0004450357748081 0.0011105407825081 0.00055044099139058 0.10065783625729 0.022671568097509 4 9 5 5 6
49.014252045316 8.3527314419135 110.17832183838 0.033665 0.023189 -1.5851339803847 0.0110496425141 0.022993609116215 -0.011378255861811 -0.022832781594781 -0.027789481458863 -0.21601950901052 0.35743054721158 9.7797806386642 0.010020967090386 0.028785904380247 9.7886539726166 0.00048254390009756 0.0013910230887469 0.00047815147473261 0.00049451666713537 0.0013741636571288 0.00051347065671102 0.10131633629381 0.024839484696748 4 9 5 5 6
49.014252482485 8.3527316366286 110.11488342285 0.033465 0.023248 -1.5847979803847 0.026971590599471 0.029412924268823 -0.027382583974677 -0.029030849281507 -0.03764687565146 -0.33855642268556 0.31491188987272 9.7730344848836 -0.11168342793485 -0.011749234617823 9.7833134419987 0.0012793347579104 0.00083118249200237 0.0011923034124774 0.001307326844796 0.00079083830737693 0.0011890552495631 0.10065783625729 0.022671568097509 4 9 5 5 6
49.014252434842 8.3527318759932 110.09429168701 0.033363 0.02284 -1.5849069803847 0.023797089463055 0.033902786732173 -0.024272028373846 -0.033564454140244 -0.0392415496304 -0.27213991823596 0.32487448914217 9.789939360817 -0.047339838368818 -0.0018155944056407 9.7990014529604 0.00023362913902058 -0.0019322078347076 -0.00043347452039121 0.00022222703204422 -0.0019166578908554 -0.00050287192919051 0.10065783625729 0.022671568097509 4 9 5 5 6
49.014312877734 8.352731430472 110.23030090332 0.030364 0.018414 -1.5790699803847 -2.2973585334294 0.027092872678532 2.2970588101579 -0.045944021992972 -0.043458896992338 -0.24898533582992 0.27508638387975 9.8323151054419 -0.066403553523705 -0.02603013240241 9.8390698538643 -0.0045904919980182 -0.0030220002965328 -0.0010901330629125 -0.0046117193323598 -0.0029872089982052 -0.0010971741459739 0.097082439194738 0.027586228448267 4 5 5 5 0
49.014251840538 8.352730772998 110.1887588501 0.033898 0.023123 -1.5854679803847 0.0074935544907579 0.005994076847052 -0.007580309081684 -0.0058839197817918 -0.027433840365862 -0.20746542479749 0.30789445314691 9.8080662550567 0.020131467509227 -0.024648381839539 9.8150420512969 -0.00021529701468776 -0.0012458190461189 -0.00035085218505062 -0.00022432601349201 -0.0012332148317094 -0.00038774641199884 0.09783659846908 0.022671568097509 4 9 5 5 6
49.01427407989 8.3527312442786 110.24655151367 0.031798 0.022693 -1.5826409803847 -1.6981327017937 0.019566721498586 1.6977854781978 -0.039515828167881 -0.038576497445647 -0.88609827901657 0.30873079187329 9.8139832129616 -0.66401770863004 -0.0040728192376586 9.8363558574238 -0.00116608172555 0.0014698437375141 -0.0015710293759051 -0.0012001894223059 0.0015192022362038 -0.0014965748416458 0.093509357820488 0.021931712199461 4 4 5 5 0
49.014302209529 8.3527315509998 110.23586273193 0.030962 0.020455 -1.5802419803847 -2.264735836651 0.023837067045655 2.2644168155273 -0.044869236619798 -0.038422080437255 -0.30918040979343 0.25551115397504 9.7541082561627 -0.11247955713284 -0.045301029247194 9.7616061314533 0.0024644587868812 0.0057427737007307 -0.0025560717746104 0.002416068844392 0.0058188294112398 -0.0024272647889928 0.09783659846908 0.025495097567964 4 5 5 5 0
49.014264055721 8.3527316874557 110.19490814209 0.032169 0.023447 -1.5839049803847 -1.0271961489375 0.035906264662141 1.0266390168565 -0.049327926127181 -0.047226188344918 -0.44412316332362 0.33099556304527 9.7639419786812 -0.21200282087907 0.016006015908585 9.7773798459941 -0.0014042486639752 -0.0053832774563687 -0.0003479537472251 -0.001416351753076 -0.00536927162618 -0.00048761962758441 0.095671312314612 0.024083189157585 4 9 4 4 1
49.014255527252 8.3527320054475 110.15998077393 0.03256 0.023977 -1.5847029803847 -0.72980858184539 0.039678472275983 0.72918865711995 -0.049786150322564 -0.038838597191563 -0.65987492368731 0.31940417303362 9.7892082288074 -0.42494491783347 0.00096949416392468 9.80741994381 0.0005767556574596 -1.0943979896351e-05 -0.00089536252097219 0.0005551965436551 1.8221994927482e-05 -0.00090876720023272 0.091438503924769 0.021260291625469 4 8 5 5 6
49.014251897347 8.3527309650654 110.1915435791 0.033871 0.023195 -1.5853069803847 0.0073297479068282 0.011489831756416 -0.0074961550129212 -0.011381983241404 -0.025177847148161 -0.24473222559706 0.33661552690107 9.799151798611 -0.017424347397324 0.0050991954627547 9.807971411638 0.00052476146572984 0.00027071014930229 0.0010309030832284 0.00054873381122136 0.00023567475642016 0.001027003814347 0.10131633629381 0.024839484696748 4 9 5 5 6
49.014263026226 8.3527317370135 110.18930053711 0.031835 0.023188 -1.5839809803847 -1.0125024795527 0.036459174810961 1.0119337733008 -0.049804287516795 -0.047151173149166 -0.3553583898112 0.30152389778319 9.8265412277256 -0.12607064369259 -0.012745599287738 9.8367884430777 -0.0024302321698867 -0.0022873039337101 0.00019262538698768 -0.0024269622087763 -0.0022921394790729 0.00017575242128614 0.095671312314612 0.024083189157585 4 9 4 5 1
49.014290239851 8.3527313095767 110.24689483643 0.031128 0.021966 -1.5810929803847 -2.1151994115993 0.019999747379608 2.1148855929909 -0.041564014232198 -0.03739102389346 -0.58197899364867 0.31600291382499 9.7625053724246 -0.36859728989901 0.011942823762811 9.7779955932073 -0.00033785411929941 0.0024983750014286 -0.0022542104260656 -0.0003852476263468 0.0025673391852669 -0.0021675487978913 0.09783659846908 0.025495097567964 4 5 5 5 0
49.01425250592 8.352731567451 110.12216186523 0.033307 0.023054 -1.5848939803847 0.0089662247657325 0.030613264305546 -0.0093966696842467 -0.0304839189101 -0.032723197264038 -0.42019478451692 0.30477094514007 9.7685697965612 -0.19668534779908 -0.02123196563101 9.7803463617682 -0.00071378062977373 0.0033559026504932 -8.4746438452844e-05 -0.00071289200316359 0.0033568882421417 4.329326222276e-05 0.10065783625729 0.022671568097509 4 9 5 5 6
49.01429616066 8.3527314328696 110.23843383789 0.031172 0.021207 -1.5805149803847 -2.2077689364318 0.02236732925498 2.2074458088268 -0.043896695372174 -0.040968832856949 -0.42720390941203 0.29451938183793 9.7749023212035 -0.22200489646669 -0.011106927576423 9.7861473414397 -0.0017926361365067 0.0044058421159165 -9.3864896168887e-05 -0.0017909554267673 0.0044067182206973 8.1748316028987e-05 0.09783659846908 0.025495097567964 4 5 5 5 0
49.014288206002 8.3527312933233 110.24694061279 0.031122 0.021465 -1.5812719803847 -2.0694960780494 0.019771546752508 2.0691798843369 -0.041224551124956 -0.039809054299788 -0.60548106024222 0.31130521673261 9.7746107720228 -0.39337917473223 0.0068197904460798 9.790396297235 -0.0004598626409955 -0.0036232859518226 -0.0020343450841559 -0.00050616482800146 -0.0035582028468994 -0.0021357427245653 0.09783659846908 0.025495097567964 4 5 5 5 0
49.014251999101 8.3527313495693 110.1915435791 0.033631 0.023089 -1.5853019803847 0.010169610724114 0.021665542000428 -0.010481144343336 -0.021516512661461 -0.025525624602776 -0.24682090263559 0.32229772996958 9.8158988775917 -0.019538851617324 -0.0079236451047097 9.8242702808966 -0.00058831503111812 -0.0011091586002712 -0.00075216968720167 -0.00060645503095946 -0.0010832498694082 -0.00077523056198266 0.10131633629381 0.024839484696748 4 9 5 5 6
49.014256277878 8.3527319815327 110.16291809082 0.032422 0.023981 -1.5845759803847 -0.77462431105186 0.038657968018067 0.77402082831244 -0.049283679364857 -0.039226042961813 -0.6467555547313 0.31816597186688 9.8018757914001 -0.41111737894446 0.00060830661543555 9.8197411191494 0.00049245130541602 -0.00067770180491947 -0.00097544659052086 0.00046843353409419 -0.00064572399405109 -0.0010084802520176 0.091438503924769 0.021260291625469 4 8 5 5 6
49.014304190101 8.3527314998815 110.23922729492 0.030803 0.019889 -1.5799509803847 -2.2756467810727 0.024662882671243 2.2753335850144 -0.045074234474806 -0.034190090006996 -0.24876269755048 0.34304767729249 9.7642821004473 -0.056290375868473 0.042874844024188 9.7732203179814 0.0015032776170751 0.0039144524749994 -0.0029496693031266 0.0014471747386524 0.004003284955654 -0.0028569588524805 0.09783659846908 0.025495097567964 4 5 5 5 0
49.014286399502 8.3527312662718 110.24771881104 0.031168 0.021401 -1.5814989803847 -2.0309021861718 0.019044877086952 2.0305872974998 -0.040518152994175 -0.041038077898968 -0.58236067516626 0.29313808571395 9.7955741624721 -0.37216934628063 -0.011935605640594 9.8101864389797 0.00043648437925707 -0.00052412212508832 -0.002504969526542 0.00038236890809685 -0.00044589078864164 -0.0025287491584008 0.093509357820488 0.021931712199461 4 5 5 5 0
49.014252444263 8.3527317627624 110.10390472412 0.033392 0.022851 -1.5849779803847 0.013296968593611 0.034045950896246 -0.013776955103975 -0.033854782637018 -0.036257411144338 -0.16624591125812 0.32637594235973 9.8310050288859 0.057307220193004 -0.0027951228352967 9.8376680604556 -0.0010892761155526 0.0020661678784455 -0.0007800519716199 -0.0011051374020112 0.0020910999123635 -0.00068585210964824 0.10065783625729 0.022671568097509 4 9 5 5 6
49.014253271885 8.3527320644453 110.14028167725 0.032856 0.024321 -1.5849039803847 -0.52432718657104 0.040230860643343 0.52370926869338 -0.047603110593237 -0.036010717022642 -0.82206733301284 0.31483714179922 9.7901425046119 -0.58451563654374 -0.0061593262252907 9.8122449188492 0.0010270094201535 0.0018967698132289 -0.00090909620312017 0.001006160177128 0.001925547974813 -0.00087094288584531 0.1005683846942 0.024083189157585 4 8 5 5 6
49.014261212955 8.3527318113668 110.18119812012 0.032129 0.023393 -1.5841209803847 -0.97759992102673 0.033287856914202 0.97707190373619 -0.046261954370806 -0.041585832719054 -0.45893770594623 0.32606490896746 9.8098129618409 -0.22946626500386 0.011928255749797 9.8232734379286 0.0020029517032419 0.00038773123777825 -0.00081965016154818 0.0019834807326779 0.00041380665959076 -0.00085343926113198 0.095671312314612 0.024083189157585 4 9 4 5 6
49.014323937889 8.3527311915474 110.23770141602 0.030998 0.019566 -1.5778929803847 -2.5038358505989 0.023425959635212 2.5036115936215 -0.040890078641543 -0.042489773250018 -1.2681048447099 0.26155146853317 9.7581527084322 -1.0751273225031 -0.043128821055055 9.7847097101295 -0.0039311510597412 -0.00282053217465 -0.0022098385918204 -0.0039758557765514 -0.0027500187833713 -0.0022178405264297 0.097082439194738 0.027586228448267 4 5 5 5 0
49.014252101235 8.3527315809168 110.16075897217 0.033504 0.022972 -1.5850979803847 0.0152521047261 0.026260176414605 -0.015626556109369 -0.026039089176661 -0.031048140769465 -0.21170072246963 0.30762609330601 9.8070839475032 0.014327663744633 -0.020471401819345 9.8141624446558 0.00021892884201363 -0.0013390910666056 0.00080738951282282 0.00023640009456568 -0.0013653474716498 0.00075697928846805 0.10131633629381 0.024839484696748 4 9 5 5 6
49.01428084449 8.3527312339602 110.24907684326 0.031826 0.022178 -1.5821029803847 -1.9099004136361 0.015830049800548 1.9096052623871 -0.0371155938965 -0.038565008298057 -0.58308120363124 0.32390221748779 9.7500155286643 -0.3673598177394 0.014089349464903 9.7658889653733 0.0011033895530064 0.0010612233174434 -0.0027275512690106 0.0010435878916514 0.0011474115362175 -0.002716202021778 0.093509357820488 0.021931712199461 4 5 5 5 0
49.014253717409 8.3527320772507 110.14650726318 0.032697 0.024159 -1.5848199803847 -0.58065423238716 0.040737880720572 0.58002568438977 -0.04887778126046 -0.036664522575165 -0.78708338447898 0.31632814024097 9.7880273761012 -0.55051274467023 -0.0031023202176979 9.8092811463232 0.0011452733455338 0.00036246828674895 4.4509038719582e-05 0.0011463118095346 0.00036071897684915 2.8647218667164e-05 0.091438503924769 0.021260291625469 4 8 5 5 6
49.014300240986 8.3527315296232 110.23567199707 0.031266 0.020505 -1.5804279803847 -2.2493660615522 0.021744420979832 2.2490581206943 -0.043109537399259 -0.042756239781464 -0.34593298652494 0.31387672352302 9.782073054553 -0.14591637461564 0.0093434570645568 9.7921369467015 0.0024238465820037 0.001646249498282 -0.0027434651968481 0.0023683271257845 0.001730923148912 -0.0027402297953327 0.09783659846908 0.025495097567964 4 5 5 5 0
49.014259414613 8.352731871234 110.17285919189 0.032312 0.02379 -1.5842789803847 -0.91725414073169 0.038360705510556 0.91665612124235 -0.050675324294314 -0.039681546138033 -0.56423238201647 0.34110149064741 9.7927146264663 -0.33205660243903 0.02444991673112 9.8092422098334 -0.00034727262708499 0.0018226544450906 -0.00098213508319261 -0.00036899089134722 0.0018534773627247 -0.00091406500522311 0.091438503924769 0.021260291625469 4 9 4 5 6
49.014306330559 8.3527314220993 110.24571990967 0.030645 0.01964 -1.5796299803847 -2.2832189470853 0.019854918671022 2.2829595786676 -0.039738162724445 -0.029118705736347 -0.25225274762599 0.30836583005146 9.7632969522141 -0.062614467547165 0.010333935710659 9.7712220489269 0.0021308828500963 0.0037204446364087 -0.0024385028216267 0.0020852999139302 0.003793165887015 -0.002364775643844 0.09783659846908 0.025495097567964 4 5 5 5 0
49.01425227073 8.3527316183338 110.12493133545 0.033615 0.024467 -1.5849509803847 -0.054536357182367 0.034890211422722 0.054037513748835 -0.035657648379123 -0.029909278582898 -1.2228491871363 0.34730083117227 9.8270262703601 -0.9825889600717 0.017928007618804 9.8600610433968 0.0015588633477452 0.0017031381911058 -0.00039284392410141 0.0015501545960762 0.0017153262788532 -0.00037354308161596 0.1005683846942 0.024083189157585 4 8 5 5 6
49.014315031204 8.3527314150269 110.22536468506 0.030824 0.018705 -1.5790259803847 -2.3046293601682 0.027763929919799 2.3043301248679 -0.046349337148583 -0.045223351155625 -0.31467063796509 0.32370399181815 9.7893093902336 -0.12932975840883 0.019848295235854 9.7988560877982 -0.0034966351598391 -0.0041675750957409 -0.002365628356513 -0.003543105662744 -0.0040922605375633 -0.0024278121879441 0.097082439194738 0.027586228448267 4 5 5 5 0
49.014262109429 8.3527317821319 110.18465423584 0.031897 0.023369 -1.5840059803847 -0.99794463157031 0.03454791872376 0.9974013095847 -0.047724849976939 -0.04386064054642 -0.41222303439414 0.28374534402989 9.8378091733044 -0.1827112107057 -0.029802787515493 9.8487960200779 0.00058779380231053 0.00099508141026659 3.7390232825148e-05 0.00058923204504479 0.00099343139889118 5.516853925971e-05 0.095671312314612 0.024083189157585 4 9 4 5 6
49.014251960466 8.3527312037077 110.19589996338 0.03367 0.023207 -1.5853199803847 0.012173622833049 0.017587610795026 -0.01242727474574 -0.017409220025428 -0.024822378408234 -0.25038310703875 0.32267517567672 9.7766434932682 -0.023613220519991 -0.0064995029072718 9.7851417553768 -0.00043203030905482 0.00036046287876134 6.8546090062863e-05 -0.0004300462177574 0.00035792062385352 9.0642146376649e-05 0.10131633629381 0.024839484696748 4 9 5 5 6
49.014252269148 8.3527317798675 110.11848449707 0.033232 0.024318 -1.5849629803847 -0.2408616036708 0.037863292837366 0.24030227895186 -0.041264094172467 -0.03612443403968 -1.0094615340223 0.30960787067263 9.8062798129022 -0.77055368390012 -0.016330827739023 9.8328022939602 -0.00031658392336394 0.00039471733423718 -0.00071650135444305 -0.00033362250518975 0.00041835051946692 -0.00069515772207716 0.1005683846942 0.024083189157585 4 8 5 5 6
49.014251920851 8.3527310542729 110.1946105957 0.033805 0.023168 -1.5854159803847 0.0088159214246756 0.013374079357748 -0.0090095489624621 -0.013244433251596 -0.0251801943679 -0.18620702580985 0.33179166003046 9.8160685987494 0.041189948984372 0.00035791635626006 9.8233560819191 0.00042704627913279 0.00020184812041969 -0.00075780047334343 0.00040960096068483 0.00022733604221754 -0.0007603058137068 0.10131633629381 0.024839484696748 4 9 5 5 6
49.014282604029 8.3527312323445 110.25035858154 0.031722 0.022077 -1.5818479803847 -1.9474231825297 0.015142754715243 1.9471404582909 -0.036476581690775 -0.038092712224233 -0.63147468460869 0.30406621600827 9.800785977685 -0.41516246092876 -0.0052733844085155 9.8170423045452 0.0029595292932899 0.00024697384636485 -0.0015667418938989 0.0029244847692573 0.00029624775937872 -0.0016235254281803 0.093509357820488 0.021931712199461 4 5 5 5 0
49.014257001771 8.3527319560473 110.1654510498 0.032389 0.023972 -1.5845969803847 -0.81321277057232 0.037706352279733 0.81262182091778 -0.048810162540991 -0.040440362387015 -0.58736168947054 0.32491288021595 9.8156873021497 -0.35216679216755 0.0081817383398039 9.8323073750325 0.0022253079417649 0.00050586560202146 -0.0025066062990242 0.002165019606043 0.00058658963542396 -0.0025416423137949 0.091438503924769 0.021260291625469 4 8 5 5 6
49.014252257344 8.3527316858957 110.12026977539 0.033407 0.024322 -1.5849299803847 -0.14861541349637 0.035796404605469 0.14809453752645 -0.037893809093103 -0.034044852412422 -1.0789167228418 0.31338415372266 9.8007145464898 -0.84017931579089 -0.013663851288486 9.8290493502108 0.00034374482095792 0.00078214785752925 -0.00021314818482869 0.00033906084816943 0.00078884017360302 -0.00019519207788491 0.1005683846942 0.024083189157585 4 8 5 5 6
49.014310550523 8.3527314334612 110.23504638672 0.030202 0.018789 -1.5792159803847 -2.2940248073182 0.0255510424835 2.2937326325585 -0.044648752504413 -0.039168268837404 -0.22507139033327 0.27637997360547 9.8432460380284 -0.041758552697934 -0.021934781382666 9.8495896067587 -0.0018516804105914 0.0027817249912026 -0.0018660564258017 -0.0018846130173666 0.0028368869208266 -0.0017467561327894 0.097082439194738 0.027586228448267 4 5 5 5 0
49.014277283208 8.3527312441786 110.24444580078 0.031871 0.022504 -1.5821829803847 -1.8167796515407 0.017649151761449 1.8164621191967 -0.038276018169997 -0.043664305461778 -0.74270448950997 0.3072745917785 9.7967657427878 -0.52222630495715 -0.0048578432155713 9.8158024080002 0.0003387588252511 0.00029361432723023 -0.00046324690422893 0.00032848436803459 0.00030823487514669 -0.00046117161051082 0.093509357820488 0.021931712199461 4 5 5 5 0
49.014269660665 8.3527315253899 110.22071075439 0.032214 0.023197 -1.5833299803847 -1.4564298945436 0.022373004660574 1.4560394743167 -0.040463341013708 -0.037170731952759 -1.1137469103407 0.29354071877188 9.8075421770129 -0.88714892655711 -0.020421891331056 9.8349960301172 0.004034205070563 0.0021933054921651 -0.0015028656911933 0.0040001126892781 0.0022402651683621 -0.0015246653048163 0.095671312314612 0.024083189157585 4 4 5 4 6
49.014252145198 8.352731694293 110.14566040039 0.03341 0.023071 -1.5851229803847 0.016017689737697 0.030427433553187 -0.016452523620061 -0.030194483167456 -0.03394576727468 -0.25299894726164 0.32971956519946 9.7959445461317 -0.026631733165391 0.0026953023018271 9.8047230259256 -0.00040476878019766 -0.00071296867178501 0.00098987652800861 -0.00038237315323477 -0.00074561800676528 0.00097464868088176 0.10131633629381 0.024839484696748 4 9 5 5 6
49.014252488586 8.3527314932527 110.13318634033 0.033543 0.023458 -1.5847999803847 0.045816440454916 0.033290364305865 -0.046279571017631 -0.032643447203083 -0.028848291885177 0.084162545395743 0.34540437624447 9.7819522569577 0.3181465611986 0.016762452728647 9.7833699287342 -0.0010559807172225 -0.0075697320412871 0.00098269951971769 -0.0010384013185121 -0.0075984446661017 0.00075285277370957 0.1005683846942 0.024083189157585 4 9 5 5 6
49.014308425499 8.3527314223043 110.24201965332 0.030331 0.019254 -1.5794049803847 -2.2892024953824 0.022359480374968 2.2889297971632 -0.041823693509415 -0.033474600296006 -0.25469506291701 0.26103600559785 9.8585632397669 -0.067053309458684 -0.037535193524978 9.8650114561384 0.00075674579999368 0.0037038571460449 -0.0021711533450017 0.00071741401632486 0.0037678837766673 -0.0020725284531724 0.097082439194738 0.027586228448267 4 5 5 5 0
49.014266071694 8.3527316029415 110.20516967773 0.0325 0.024331 -1.5837779803847 -1.1560737427317 0.032387768918394 1.1555593992855 -0.0472993416226 -0.038832062885806 -1.2221250653822 0.31407880009678 9.7510495119058 -0.98603349193624 -0.0032737977169125 9.7827855393823 -0.00057939257825919 0.0028203680154579 -0.001245718334651 -0.00060702742629412 0.0028593685806646 -0.0011387326360524 0.095671312314612 0.024083189157585 4 9 4 4 1
49.014292121947 8.3527313515626 110.24362182617 0.031169 0.021738 -1.5809559803847 -2.1501009582163 0.021010283397096 2.1497832935433 -0.042514116871377 -0.038425400450667 -0.53196242569253 0.29960759891573 9.8191046474481 -0.31970187475193 -0.0068067015104135 9.8328769554488 -0.00065471283359976 0.0026212116923003 -0.0032182164815954 -0.00072235585843094 0.0027203560688557 -0.0031199939895947 0.09783659846908 0.025495097567964 4 5 5 5 0
49.014264994643 8.352731643169 110.20001220703 0.032337 0.024003 -1.5837739803847 -1.0631024703821 0.03359483371264 1.0625777431308 -0.047368639370616 -0.043102271815748 -0.84422623474844 0.33695750935548 9.7306785864142 -0.60870018849256 0.021497944831439 9.7540642118723 -0.0012200340541325 -0.0029407755753734 -3.0880973299629e-05 -0.0012227146551958 -0.0029382212703453 -9.6308502670397e-05 0.095671312314612 0.024083189157585 4 9 4 4 1
49.014317159828 8.3527313560317 110.22936248779 0.031244 0.019155 -1.5786989803847 -2.3201199984616 0.023914545472056 2.3198628127056 -0.041998313661958 -0.042814127188183 -0.42040331246615 0.33466955504188 9.7665449448736 -0.23151749853727 0.029738764914871 9.7785421070572 0.00072805298173398 -0.0034266854451073 -0.0012567266840186 0.00070139811029409 -0.0033858220787641 -0.0013769016967685 0.097082439194738 0.027586228448267 4 5 5 5 0
49.014252219221 8.3527318765228 110.12071990967 0.033405 0.023131 -1.5850649803847 0.014605667036924 0.034104371349636 -0.015091280304005 -0.033892358604477 -0.036327269036241 -0.25361149879678 0.34513299280353 9.7740683312167 -0.028592882057446 0.01872308587391 9.7833948557414 -0.00042326816851492 0.0018699388894562 0.00078082078538413 -0.00040363566760767 0.0018428272630166 0.00085237634895492 0.10131633629381 0.024839484696748 4 9 5 5 6
49.014267135118 8.3527315675401 110.20938110352 0.032553 0.023996 -1.5836589803847 -1.2565695766189 0.030122887725621 1.2560834159659 -0.046128609709238 -0.036553059650993 -1.2607692051099 0.34617348372472 9.7843740292882 -1.0276365139555 0.027740107551612 9.8176788881768 0.00043569109124456 0.0037138525856046 -0.0019851880700189 0.0003911541962866 0.0037765074558318 -0.0018727340153454 0.095671312314612 0.024083189157585 4 9 4 4 6
49.014270989285 8.3527314528535 110.23011779785 0.031802 0.022975 -1.5831019803847 -1.5417916044475 0.022614011118949 1.5414001071262 -0.041445961830337 -0.039253850038479 -1.0470717662444 0.27964178044291 9.8120284799201 -0.82214020543395 -0.032231241031345 9.8373557548703 0.0010027561884267 0.0012411815853179 -0.00082507871546521 0.00098460407203111 0.0012667314669437 -0.00080802239282455 0.095671312314612 0.024083189157585 4 4 5 4 6
49.014258606296 8.3527318988292 110.16918945312 0.032149 0.023916 -1.5843139803847 -0.88262852769167 0.039569361758071 0.88201297353064 -0.051495715653894 -0.041488451624265 -0.57629988999404 0.31196826761851 9.7790199441296 -0.34254752079781 -0.0031351007892302 9.7949687222149 -0.0012835174209223 0.0006203813842429 -2.879931467471e-05 -0.001283336338445 0.00062106063803797 2.1976824298871e-05 0.091438503924769 0.021260291625469 4 8 5 5 6
49.014260263797 8.3527318500502 110.17700195312 0.032364 0.023447 -1.5841609803847 -0.94866577561288 0.035259663489103 0.94811115177914 -0.047907598657684 -0.039345626402059 -0.52898571993076 0.33567565240928 9.8169159781286 -0.29887233391485 0.01875231390378 9.8323333202415 0.0015670918503626 0.0005602216092149 -0.00046143132111912 0.0015562922489335 0.00057482136009452 -0.00047962296830308 0.091438503924769 0.021260291625469 4 9 4 5 6
49.014252390706 8.3527315365753 110.13063049316 0.033612 0.024329 -1.5848659803847 0.041618984085536 0.034993080378628 -0.04210817396718 -0.034403812733718 -0.02728813934408 -0.77712054018107 0.33057442204571 9.7836482118111 -0.53738454832354 0.0017217676483724 9.8053316044978 -0.00022399046057019 -0.0019362702253478 0.00048571887384252 -0.00021367660938086 -0.0019515117500672 0.00042568345300343 0.1005683846942 0.024083189157585 4 9 5 5 6
49.014275659226 8.3527312479779 110.24426269531 0.031914 0.022479 -1.5824209803847 -1.7614273924653 0.018518922953859 1.7610977292284 -0.038780046775746 -0.042097367827342 -0.81617609468824 0.31863170633086 9.830169551564 -0.59499779995649 0.0050047144633013 9.8511864698792 0.00036244858667101 -3.6171357542091e-05 -0.0019940141386657 0.00031756843169868 2.7485376731199e-05 -0.0020018028830612 0.093509357820488 0.021931712199461 4 5 5 5 0
49.014252639267 8.3527318850797 110.12673950195 0.033177 0.024254 -1.5849379803847 -0.38809757155644 0.040059238648085 0.38749384226283 -0.045529723135144 -0.036705406657005 -0.91109018312049 0.3253166859685 9.796012636209 -0.67273107663197 0.00071479158779103 9.8206524332949 0.00037414781377742 -9.9415222046366e-05 -0.0009077696428999 0.00035196106515126 -6.9319803113315e-05 -0.00091942605588335 0.1005683846942 0.024083189157585 4 8 5 5 6
49.014252470819 8.3527316947273 110.10949707031 0.03355 0.022616 -1.5848909803847 0.024695233060454 0.032204716271707 -0.025145781626126 -0.031854307684037 -0.039425360673674 -0.12044499548508 0.36742193237686 9.815042536627 0.10419084927735 0.038146450313328 9.8220506326609 0.00059691227735384 -0.004626987319245 -0.00026511633457513 0.00058729567514075 -0.0046154551737222 -0.00043413032370891 0.10065783625729 0.022671568097509 4 9 5 5 6
49.014254305119 8.3527320424368 110.15097045898 0.032575 0.024169 -1.5847939803847 -0.63857822543834 0.040952853202458 0.63794429479303 -0.049862731892118 -0.038100963404409 -0.73609236069522 0.32583305340942 9.7921245524668 -0.49960847121862 0.0068791749178209 9.8124461213697 6.8597547640466e-05 0.00080107795223104 -0.00073083534911033 5.1542476666209e-05 0.00082444286875421 -0.00070584212103961 0.091438503924769 0.021260291625469 4 8 5 5 6
49.014272431669 8.3527313239603 110.24019622803 0.031764 0.022908 -1.5829019803847 -1.620106148959 0.021246779102052 1.619734774315 -0.040667255782234 -0.038365397957919 -0.98048178109612 0.31945844568999 9.7644440793643 -0.75773303775493 0.0087171708565819 9.7894659571065 -0.00055464860242513 0.002094362659485 -0.0016160926176512 -0.0005897100491007 0.0021447401823431 -0.0015355746372632 0.093509357820488 0.021931712199461 4 4 5 4 6
49.014298101923 8.3527314669394 110.2381362915 0.031342 0.020749 -1.5805359803847 -2.2295015871333 0.024333789108941 2.229161891368 -0.045893113190906 -0.040591955216775 -0.36757143173604 0.3409322739227 9.8116987418828 -0.16526606502928 0.033732446793935 9.8230536801915 0.00047174454508287 0.0029938208567105 -0.0020228981167022 0.0004320093706982 0.0030556326279451 -0.0019374671540431 0.09783659846908 0.025495097567964 4 5 5 5 0
49.014268290493 8.3527315388102 110.21331787109 0.032534 0.023603 -1.5835339803847 -1.3550860687342 0.024896980992428 1.354664628492 -0.0419654655981 -0.036814258247316 -1.182786103072 0.3702022847819 9.7884545594779 -0.95350251596152 0.053250634575483 9.8202956279943 0.0030834357033105 0.0038804158597533 -0.0022258612064741 0.0030333474783621 0.003950550889479 -0.0021703058507053 0.095671312314612 0.024083189157585 4 4 5 4 6
49.014294234662 8.3527313784352 110.24166870117 0.03115 0.021456 -1.5806489803847 -2.1824691918856 0.021378556760437 2.1821553546873 -0.042740686182069 -0.039980440343875 -0.46126074651351 0.32615924859834 9.8220809941107 -0.25167791339715 0.020026231015191 9.8350785052898 -0.00042863586796935 0.0027292470307581 -0.0018398838302122 -0.00046605303581722 0.0027852343899898 -0.0017445181515434 0.09783659846908 0.025495097567964 4 5 5 5 0
49.014284601433 8.3527312395174 110.25045013428 0.031357 0.021996 -1.5817199803847 -1.9922414284032 0.016292253286256 1.9919499660309 -0.037778771362264 -0.038596651573204 -0.6018514920802 0.27955032779232 9.8117645831763 -0.38838561696175 -0.027234548426875 9.8264729133937 0.0016159164937257 0.0046226805043441 -0.0027214342923119 0.0015594596075874 0.0047055168137601 -0.0026100865579002 0.093509357820488 0.021931712199461 4 5 5 5 0
49.014257750969 8.3527319283224 110.16738891602 0.032168 0.023862 -1.5843489803847 -0.84615040793616 0.038089029298939 0.84555752632051 -0.049535191473806 -0.041999714023817 -0.55118403142716 0.29529060028236 9.8047027657805 -0.31699642356164 -0.019971373167815 9.8194882311198 0.00024585949963687 -5.6821032222589e-05 -0.00039382563669878 0.00023634781556401 -4.4171211434504e-05 -0.00040117458073123 0.091438503924769 0.021260291625469 4 8 5 5 6
49.014252528494 8.3527314741388 110.13243103027 0.033414 0.022576 -1.5848669803847 0.0092791501921762 0.032403192496583 -0.0097324017666644 -0.032269807549124 -0.030258811365704 0.051830774410237 0.33159800532224 9.8008686436423 0.27770603269504 0.0033094865235498 9.8026678701345 -0.0012166630031433 -0.0079529654017299 -0.00064953214561725 -0.0012368932111279 -0.0079268109616897 -0.00088718902003852 0.10065783625729 0.022671568097509 4 9 5 5 6
49.014254896607 8.3527320264966 110.15550231934 0.032543 0.024069 -1.5847479803847 -0.68639502520016 0.040150303903352 0.68576924005971 -0.04970523346749 -0.038635371862669 -0.70234799761592 0.32739050740989 9.79409495409 -0.46681793038837 0.0087329970379298 9.8136037735365 0.00017346489682675 0.00083685167802559 -0.00047105474889676 0.00016278073596588 0.00085173773428962 -0.0004476268663757 0.091438503924769 0.021260291625469 4 8 5 5 6
