49.014239881654 8.4169808807803 114.89964294434 -0.006406 0.014108 1.8244113267949 0.010749979370558 0.0013298902604047 0.010072416430214 0.0039846136756816 0.0080266736496976 -0.13879162971262 -0.064641009870411 9.8091008813071 -0.00048856240588478 -0.0016353088486795 9.8102954581094 0.00035650427991779 0.00013217415688699 0.00030132582369825 0.00036066172946766 0.00013407185979289 0.00029546340645496 0.37734334497908 0.025495097567964 4 5 4 4 1
49.014241436266 8.4169811051816 114.45048522949 -0.006745 0.014326 1.8336143267949 0.0069202404676802 -0.013548425000974 0.010203447233411 -0.011284469244052 0.0068468111956392 -0.14160544017728 -0.064397456615922 9.8103768504535 -0.0011303307557764 0.0014565892271627 9.8116102467133 -0.00057981755354757 0.00019008294799791 -2.4674934860469e-05 -0.00058012131640334 0.00018989400715025 -1.7620361342468e-05 0.38363524342792 0.0367695526217 4 5 4 4 0
49.014239676527 8.4169808663406 114.94585418701 -0.006393 0.014087 1.8221733267949 0.0097782458924494 0.0022145900581035 0.0089189900930089 0.0045794481941763 0.0081539939422905 -0.13945418885464 -0.068399494922494 9.8059423774405 -0.0014751182906076 -0.0058400053087579 9.8071706207238 -0.0001972604454361 0.00039241778938281 -4.9910620989328e-05 -0.0001979788998939 0.00039211259830663 -4.9648716091422e-05 0.37676650594234 0.029 4 5 4 4 1
49.014239758443 8.4169808697088 114.92974090576 -0.006363 0.014103 1.8231973267949 0.010485972511649 0.001751185653626 0.0097153491875647 0.0043167968425331 0.0080362431683395 -0.13919556941254 -0.064789222721392 9.8044943309477 -0.0010317312721826 -0.0021680293052226 9.8056963734681 0.00045378074430298 0.00031259936594859 0.0012130929063019 0.000470795828514 0.00032034287390073 0.0012045620648274 0.37676650594234 0.029 4 5 4 4 1
49.014240739765 8.4169809106765 114.65529632568 -0.006541 0.014286 1.8307683267949 0.0099758680752383 -0.0094936809619355 0.012081573519753 -0.0066093576658733 0.0087291214067065 -0.13973574560715 -0.06613399980564 9.8033512529663 0.00033508399843043 -0.0019632879410329 9.8045699224833 0.00011968518558043 -3.0601489019667e-05 0.00017404403468788 0.00012215526358498 -2.9427834069606e-05 0.00017251259279649 0.38444375401351 0.0367695526217 4 5 4 4 0
49.014240196385 8.4169810218607 114.77891540527 -0.006397 0.014124 1.8215103267949 0.011141820623522 5.3963977566436e-05 0.010779850959709 0.0028176124600653 0.0045173457991352 -0.14168187235295 -0.063739766663721 9.805407369764 -0.0031823670502964 -0.0010005271968265 9.8066376287286 4.2343995545631e-05 6.8066132030889e-05 0.00051614206377064 4.9642156630027e-05 7.1387986097089e-05 0.0005150218655225 0.37734334497908 0.021931712199461 4 5 4 4 1
49.014239720711 8.4169808692777 114.93732452393 -0.006398 0.014049 1.8226673267949 0.010084860127912 0.0019077865952318 0.0092901568470546 0.0043632530833948 0.008021354438553 -0.13166865222022 -0.062693700300178 9.8074762285836 0.0063191783145656 -0.0001130372426311 9.8085586865081 -0.00027061413938892 -0.00027050883086555 0.00025953853895758 -0.00026693041569875 -0.00026883617259969 0.0002650381757105 0.37676650594234 0.029 4 5 4 4 1
49.014240152669 8.4169810235876 114.79256439209 -0.006414 0.014079 1.8219913267949 0.010668383824714 0.0009634611338872 0.010094509092976 0.0035836771853408 0.00486516716826 -0.14162215647359 -0.067047905072041 9.8081431182969 -0.0033189295914106 -0.0043064002321582 9.8093931414568 -0.00023389300351389 -0.00036221975225413 -3.723496218921e-05 -0.00023436235376662 -0.00036243893020011 -3.1618363087326e-05 0.37734334497908 0.021931712199461 4 5 4 4 1
49.014241476553 8.4169811167586 114.43929290771 -0.006742 0.014285 1.8338013267949 0.0068174461451092 -0.013408562241211 0.010069006534798 -0.011175078155369 0.0064241806560005 -0.13491355317882 -0.063859912115579 9.8083840115527 0.0054522881712559 0.0021454857660565 9.8095182788519 -0.00023701892658078 -0.00044170953901704 0.00087805195915907 -0.00022437269137962 -0.00043579202230437 0.00088427293188551 0.38363524342792 0.0367695526217 4 5 4 4 0
49.014239830321 8.4169808755344 114.91444396973 -0.006431 0.014045 1.8239613267949 0.010735614897348 0.0013915211615124 0.010044472352991 0.0040371586671969 0.0080747848998792 -0.14192851426138 -0.066861995342509 9.8111552023213 -0.0037296330261208 -0.0038511960967089 9.8124080355442 -0.00013549543239784 -0.00069252767563521 0.00072793548247363 -0.00012517420216031 -0.00068782965516313 0.00073414945011614 0.37676650594234 0.029 4 5 4 4 1
49.01423981268 8.4169808770377 114.91925811768 -0.006361 0.01406 1.8237063267949 0.010804017389103 0.0016228849476714 0.01005377994411 0.0042758016523169 0.0080317767737151 -0.13238382767817 -0.06469808239405 9.8089259151724 0.0057629613009766 -0.0020265622778058 9.8100304313421 0.00052713002943269 -0.00038246820626323 0.00069116623021166 0.00053684106289188 -0.00037805863527014 0.0006860849084214 0.37676650594234 0.029 4 5 4 4 1
49.01423954849 8.4169808251563 114.97547149658 -0.006322 0.014053 1.8215653267949 0.0086465743194066 0.0026191623115995 0.007726103324293 0.0046830217962717 0.0084762747104664 -0.13307160736605 -0.068791907309926 9.8103156783536 0.0047641834406798 -0.006612261022127 9.8114558296646 0.0003386713418098 5.9565893157367e-05 -0.00027262715275507 0.00033480222730883 5.7838414829398e-05 -0.00027772199237745 0.37676650594234 0.029 4 5 4 4 1
49.014239949314 8.4169809130205 114.87381744385 -0.006447 0.014111 1.8245263267949 0.010729692871814 0.0014546986464216 0.010021284668058 0.0041007864795569 0.0073837584204926 -0.13948758569691 -0.062934151081227 9.810531862618 -0.0010071724170496 0.00019056271203882 9.811725478567 -8.6305380932349e-05 -9.3563011493767e-05 -0.00075831527417965 -9.6996189069041e-05 -9.8456704044112e-05 -0.00075636213597446 0.37734334497908 0.025495097567964 4 5 4 4 1
49.014239858335 8.4169808760825 114.9069519043 -0.00642 0.014087 1.8241963267949 0.010788830923211 0.0012108217383886 0.010140343944788 0.0038779151428917 0.0080374179653011 -0.13271237341852 -0.059328500622382 9.8103776603323 0.0056297901471136 0.0036114325717698 9.8114523493048 -1.9885330783149e-05 -0.00024467049953555 -0.00044997092651147 -2.6239943782072e-05 -0.00024755591528905 -0.00044808567207087 0.37734334497908 0.025495097567964 4 5 4 4 1
49.014241338206 8.4169810867106 114.47833251953 -0.006664 0.014308 1.8330293267949 0.0077500651351602 -0.013007018888086 0.010858121977966 -0.010552156811892 0.0070911368137046 -0.13511070697613 -0.061553882764391 9.8044833623546 0.0053499028803305 0.003928820390479 9.8056054470899 0.00027821982681532 -0.00030627912180454 -0.00025888352825198 0.00027452021347304 -0.00030800035364491 -0.00026078134593877 0.38363524342792 0.0367695526217 4 5 4 4 0
49.014240700751 8.4169808520829 114.69338989258 -0.006531 0.014279 1.8304373267949 0.011344604528722 -0.0091238281063313 0.013306949874497 -0.0059050627231332 0.0096602841314124 -0.13338921427379 -0.062949775469597 9.807776067511 0.0068172075863423 0.0012177568056173 9.808882853314 0.0002114785940355 -0.00035924942208986 0.00012257663570959 0.00021325832031917 -0.00035844784044652 0.00012189180281313 0.38444375401351 0.0367695526217 4 5 4 5 0
49.014241144895 8.4169810752312 114.52716064453 -0.006599 0.014246 1.8318993267949 0.0083965586950482 -0.011834869748203 0.011168521338016 -0.0092644947713983 0.007415893012542 -0.13073913115676 -0.061808934909825 9.809805652259 0.0091644351429769 0.0032671325988278 9.8108669897973 0.00059394865694587 -0.00020269913326442 -0.00026631787291478 0.00059010216669029 -0.00020447196575104 -0.00027338027316558 0.38363524342792 0.0367695526217 4 5 4 4 0
49.014240525295 8.4169805626538 114.80243682861 -0.006589 0.014303 1.8307373267949 0.014405638275594 -0.010342887365875 0.016580609971344 -0.0062913722181967 0.012634707048226 -0.13960622203261 -0.061584503504073 9.8109220289319 0.00088576874679949 0.0028466558067683 9.8121078123357 -0.00035571067044074 -0.00027776980664487 0.00044229323296112 -0.00034930640039618 -0.00027486275688051 0.00044917534463654 0.38444375401351 0.0367695526217 4 4 5 4 1
49.014240386827 8.4169808650351 114.75952911377 -0.006434 0.01421 1.8241433267949 0.01475748502784 -0.0041471073485766 0.015326563125907 -0.00030549801542093 0.0047478721164087 -0.13959859803295 -0.069190029681587 9.8084178733461 -0.00013950237514021 -0.0059887632679515 9.8096533759427 8.9069522657437e-05 0.00014910688394897 -0.00026689464677809 8.5279712202849e-05 0.00014739667489572 -0.00026908906451907 0.38525316351719 0.0367695526217 4 5 4 4 0
49.014240506467 8.4169805447678 114.81176757812 -0.006504 0.014326 1.8305653267949 0.01462718194103 -0.010443626989861 0.01681930044004 -0.006335213154624 0.012826867520527 -0.13546964402443 -0.067768803616287 9.8047202849643 0.0050342321866284 -0.0035944947552368 9.8058879804174 0.00074215389444464 -5.4268047525869e-05 0.00056176527583677 0.00075007882145708 -5.0626722695826e-05 0.00055140919042127 0.38525316351719 0.0367695526217 4 4 5 4 1
49.014240958001 8.4169810779595 114.57457733154 -0.006539 0.014275 1.8311513267949 0.009065025078693 -0.0095864126861689 0.011227416715031 -0.0069295899687587 0.0075210241921804 -0.13054537878128 -0.061116114991073 9.812382930541 0.0094125107531935 0.003278869726124 9.8134367295497 0.00041658005227302 0.00017657090259394 -0.00025734614301554 0.00041280790392562 0.00017489015363731 -0.00026438495052735 0.38444375401351 0.0367695526217 4 5 4 4 0
49.014239976516 8.4169809350659 114.86197662354 -0.00649 0.014138 1.8243793267949 0.010708962700378 0.001533495541758 0.009982359627984 0.0041696638170562 0.0069275263221345 -0.13991764310396 -0.067375379796503 9.8069898098455 -0.0013652197727246 -0.0040202817266474 9.808218340195 -0.00042874284915947 0.0001375211757567 0.00016827951357392 -0.00042632885663511 0.0001386102874723 0.00017342984655459 0.37734334497908 0.025495097567964 4 5 4 4 1
49.014241015192 8.4169810604571 114.5574798584 -0.006599 0.014239 1.8313633267949 0.0083250414215516 -0.011022804318415 0.01088443166373 -0.0085051600173574 0.0077068533637693 -0.14289040916238 -0.065347904160315 9.8073417568692 -0.0033223056614085 -0.00051612450911457 9.8085997375185 0.00017443875065034 0.00019732348474039 0.00031632026009576 0.00017892734866695 0.00019941447080978 0.00031247844253249 0.38363524342792 0.0367695526217 4 5 4 4 0
49.014240907263 8.4169810593641 114.5896987915 -0.00657 0.014318 1.8310963267949 0.0092333691966684 -0.0095268093010602 0.011374347736221 -0.0068293186488096 0.0073915284687419 -0.14212433738393 -0.063863991505889 9.8045882362605 -0.0020469256695657 0.00040621374934963 9.805826417684 -0.00026961288130521 0.00053742940677874 0.00067064749811024 -0.00026005211445982 0.00054181889309247 0.0006709219021127 0.38444375401351 0.0367695526217 4 5 4 4 0
49.014239521386 8.4169808087361 114.98346710205 -0.006306 0.014055 1.8216583267949 0.0087571774412572 0.0024860295259643 0.0078660880359116 0.004581834660538 0.0085935295219096 -0.13718823464216 -0.06045157477788 9.8069498552557 0.00063514471298846 0.001646260284845 9.8080953470376 0.0005366636198486 1.373061782031e-05 -0.00040420884971263 0.00053092962881484 1.1158188788956e-05 -0.00041178068506069 0.37676650594234 0.029 4 5 4 4 1
49.014240421936 8.4169808132616 114.75969696045 -0.00643 0.014258 1.8251343267949 0.015871194641317 -0.0056158890459887 0.016775130304038 -0.0014278658727537 0.0047892289300987 -0.13321782543525 -0.061675000391199 9.8080057109109 0.0065863925925116 0.0014849260258754 9.80910198076 4.3372405875277e-05 0.00044216475268166 0.00036961783630957 4.8614202476006e-05 0.0004445280209081 0.00036612460723884 0.38525316351719 0.0367695526217 4 5 4 4 1
49.014241184876 8.4169810766211 114.51731109619 -0.006637 0.014273 1.8321913267949 0.008429609636554 -0.0120893143446 0.011268399740148 -0.0094991403451687 0.0073007188778269 -0.13272564655744 -0.061491752751222 9.8067963494262 0.0073838070443203 0.0035705052648582 9.8078838294044 -7.3542197427834e-05 -0.00020557195915778 0.00023521995531514 -7.0168135105695e-05 -0.0002039956738591 0.00023761302915575 0.38363524342792 0.0367695526217 4 5 4 4 0
49.014240866118 8.4169810347781 114.6019744873 -0.006537 0.014256 1.8310103267949 0.0093711696671132 -0.0092983737872115 0.011448382334339 -0.0065736785860528 0.0075300358143168 -0.13082449533283 -0.063641889709462 9.8115794322314 0.0091473054194967 0.00065864276733454 9.812653879952 0.00033148914163431 -0.00013569202390228 -6.902009923736e-05 0.00033048884939601 -0.00013613782189242 -7.2866712892942e-05 0.38444375401351 0.0367695526217 4 5 4 4 0
49.014239908178 8.4169808891609 114.89179992676 -0.006437 0.014131 1.8244013267949 0.010734025115511 0.0011552443191379 0.010100570462331 0.0038121354022012 0.0078980635926414 -0.13229554336218 -0.064365906600504 9.8085554183237 0.0061332287203198 -0.0012394142526157 9.8096566371442 6.2000646629669e-05 0.00031741939668709 -0.00018199821639843 5.9414400335239e-05 0.00031624700208167 -0.00018484455847321 0.37734334497908 0.025495097567964 4 5 4 4 1
49.014240225035 8.4169810091425 114.77359008789 -0.006416 0.014098 1.8216903267949 0.011595960211447 -0.00029957123670026 0.011306967696536 0.0025906515545585 0.0044330778272086 -0.13564735300939 -0.063764948762127 9.8082082844285 0.0029297277085862 -0.00096866087628571 9.8093533379326 -0.00023227445379599 -0.00041532161395834 0.00064053362544677 -0.00022306914194103 -0.00041123346086457 0.00064638698359587 0.37734334497908 0.021931712199461 4 5 4 4 0
49.01424047591 8.4169805090448 114.82901000977 -0.006532 0.014286 1.8303383267949 0.015183745865742 -0.010341340051623 0.01732934138989 -0.0060978507504565 0.013278318201201 -0.1363134346796 -0.067941063061655 9.8109998962462 0.0042225087531308 -0.0037963999046784 9.8121805499723 0.00012679562508897 -0.00065750248747198 0.0007603224565413 0.000137669594172 -0.00065248384419795 0.00076270119351559 0.38525316351719 0.0367695526217 4 5 4 4 1
49.01424150161 8.4169811327619 114.42967987061 -0.006699 0.014289 1.8338213267949 0.0063531892543178 -0.013395908800498 0.0096180049262217 -0.011283069484331 0.006368992077062 -0.13747182526878 -0.069756337840359 9.8063174072225 0.002818635553307 -0.0037879145914754 9.807528372994 0.00051592664693002 -0.00031806863038838 0.00013134067310928 0.000517759838428 -0.00031720479227784 0.00012607410202373 0.38363524342792 0.0367695526217 4 5 4 4 0
49.014239574188 8.4169808350514 114.96856689453 -0.006361 0.014057 1.8215313267949 0.0087453207382431 0.0023152204033258 0.0078969475974529 0.0044135201925334 0.008411511029748 -0.13238011873454 -0.063269712004572 9.8039163075486 0.0056149219028281 -0.00086489264554 9.8050124333272 0.00016066298235864 -0.0002671374229086 -0.00033908543162496 0.00015591411845276 -0.00026929451081901 -0.00033960867282285 0.37676650594234 0.029 4 5 4 4 1
49.014240795129 8.4169809475756 114.63335418701 -0.00657 0.014274 1.8310273267949 0.0098560456074602 -0.009547455046528 0.011980719018057 -0.0066901368428778 0.0084092629154839 -0.14003580073383 -0.065919848369437 9.8132603528983 4.0435558801447e-05 -0.0015724845567146 9.8144807182738 -0.00019122642516095 1.6547339146797e-05 0.00072465473838235 -0.00018085938879687 2.1305232557946e-05 0.00072717440185401 0.38444375401351 0.0367695526217 4 5 4 4 0
49.014240277665 8.4169809906087 114.76453399658 -0.006451 0.014147 1.8220053267949 0.012255910474431 -0.0012876198251092 0.01219094097537 0.0018030056698356 0.0042556663191331 -0.13768741698416 -0.066303428039377 9.8093978045948 0.001241203056059 -0.0033585058412046 9.8105875435506 -0.00060788759501643 -0.00011617595343962 -4.167010959434e-05 -0.00060840102787505 -0.00011648492784309 -3.2286591685772e-05 0.37734334497908 0.021931712199461 4 5 4 4 0
49.014241122623 8.4169810611762 114.5337600708 -0.006639 0.014252 1.8317143267949 0.008438470027373 -0.011527106813006 0.011127538207066 -0.0089588162266602 0.0075330826488579 -0.13409960551336 -0.064872212860278 9.8114711547787 0.0058562646325923 0.0001393005682337 9.812600321357 -0.00020677710625523 -0.00016394804255218 -0.00044310433537437 -0.00021305120793553 -0.00016688590936508 -0.0004390301238152 0.38363524342792 0.0367695526217 4 5 4 4 0
49.014240507896 8.4169805736634 114.78770446777 -0.006522 0.014328 1.8290023267949 0.016393246567083 -0.0094518176412495 0.018263541763671 -0.0049518499893694 0.0096800422132746 -0.13272164441868 -0.059832203308449 9.8057518447736 0.0077309178390638 0.0040387928883555 9.8068287224852 -0.00018861316058839 -1.1884036631695e-05 0.0003371421068205 -0.00018378877041129 -9.7016746549316e-06 0.00033988272897247 0.38525316351719 0.0367695526217 4 5 4 4 1
49.014241212872 8.4169810876089 114.50772094727 -0.006624 0.014288 1.8323043267949 0.0082411945081009 -0.01231627525289 0.011147211779685 -0.0097646705929602 0.0071442190712454 -0.1328704193467 -0.063946706611355 9.8084336110586 0.007323173846322 0.0012959676091494 9.8095394808633 0.00039879402430799 -7.7623216842321e-06 -0.00016758742113896 0.00039635193883444 -8.8382818160224e-06 -0.00017319090301949 0.38363524342792 0.0367695526217 4 5 4 4 0
49.01424005808 8.4169809912818 114.82498931885 -0.006436 0.014104 1.8231423267949 0.010459572258857 0.0014851088039021 0.0097586766819252 0.0040466869002969 0.0057668043026305 -0.13457398897508 -0.066542796229121 9.8066463105002 0.0037739134543838 -0.0036046209221683 9.8077940616775 -0.00024001004489371 -0.00010119560839624 0.00088499352371182 -0.00022750377997586 -9.5491841887525e-05 0.00088890904119718 0.37734334497908 0.025495097567964 4 5 4 4 1
49.014241356727 8.4169811074426 114.47093963623 -0.006693 0.014303 1.8331753267949 0.0072602060727479 -0.012988858060644 0.010382027800072 -0.010660009242669 0.007132658835137 -0.13795315347225 -0.072599159919227 9.8100687705356 0.0024569973422118 -0.0069786179139763 9.8113046451753 -0.00013005706145014 -0.00017287111951507 0.00034162616855247 -0.00012514289422882 -0.0001705772158648 0.00034461394604687 0.38363524342792 0.0367695526217 4 5 4 4 0
49.014240484988 8.4169805251708 114.82210540771 -0.006558 0.014331 1.8304113267949 0.014879988692623 -0.010595318481529 0.017101490476102 -0.0064198059256801 0.012958952371945 -0.14094384670789 -0.064219260058377 9.8088559883063 -0.00049486745987488 9.3746796735405e-06 9.8100787594579 -0.00016010839283028 0.00023889097837995 0.00091076195545961 -0.00014709067537217 0.00024483053049518 0.00091136446479826 0.38525316351719 0.0367695526217 4 4 5 4 1
49.014239501822 8.4169807964481 114.98804473877 -0.006337 0.014016 1.8216873267949 0.0086613805830267 0.0025176983909167 0.0077650869095397 0.0045893079223539 0.0085783022107844 -0.13637569902488 -0.064175753258319 9.8123747355382 0.0015013787510319 -0.0018501855478932 9.8135320175563 0.00034145467065641 -0.0006065035809773 -0.00035431413087043 0.00033650757932146 -0.00060877908280975 -0.00035511463091801 0.37537314768108 0.031827660925679 4 5 4 4 1
49.014240108112 8.4169810117235 114.80558013916 -0.006398 0.014122 1.8223883267949 0.010636766462724 0.0011628493184141 0.01001313549064 0.0037722316944704 0.0052344299047403 -0.13143277210363 -0.059020711301211 9.811717169344 0.0070012710770004 0.003729030094699 9.8127716741303 2.6912103120102e-05 0.0002214186959881 -9.6663767535308e-05 2.5526206583802e-05 0.00022081780165027 -9.8434923089229e-05 0.37734334497908 0.021931712199461 4 5 4 4 1
49.014240813196 8.4169809680316 114.62574768066 -0.006557 0.014293 1.8310293267949 0.0097800473192544 -0.0095568997174094 0.011909895671821 -0.0067184877772073 0.0080354871167336 -0.13057159764187 -0.060383230806272 9.8045771323546 0.0093553025902255 0.0038948914297286 9.8056272916392 5.1532951535848e-05 0.00037421042997234 -8.4178875323693e-05 5.0277246133592e-05 0.00037366336005134 -8.7362608737739e-05 0.38444375401351 0.0367695526217 4 5 4 4 0
49.014240479256 8.416980733298 114.7593460083 -0.006458 0.014252 1.8266613267949 0.017106619975842 -0.0066605579090991 0.018237017753072 -0.0021025024399397 0.005115846667257 -0.13310316753337 -0.065414464311001 9.8094249011514 0.0069881557484458 -0.0019763889336685 9.8105434896661 5.8173799314918e-05 -0.00023527891366036 0.00052099727002562 6.5653465785994e-05 -0.00023195103116404 0.00052161639524625 0.38525316351719 0.0367695526217 4 5 4 4 1
49.014240082368 8.4169810039163 114.81484985352 -0.006415 0.014121 1.8226153267949 0.010365087581269 0.0011873305500032 0.0097428847197328 0.0037310588287359 0.0054570352776967 -0.1417672614457 -0.063299642056739 9.8063969817079 -0.0033997542706268 -0.00047768994551247 9.8076252824243 -7.2941302718971e-05 0.0002004181725789 -0.00020531173876319 -7.5858016761677e-05 0.00019912557512037 -0.0002055485698918 0.37734334497908 0.021931712199461 4 5 4 4 1
49.014241307321 8.41698107176 114.48670196533 -0.00667 0.014327 1.8328363267949 0.0078814021428313 -0.013078312425629 0.011001799798022 -0.010588651871459 0.0071021997074915 -0.13862919640401 -0.066376714633531 9.8109883212472 0.0018559649818265 -0.00081870341057848 9.8121918385978 0.0002117931868987 0.00019001219277087 -0.00024672259223329 0.00020819427096877 0.00018837399988198 -0.00025099797135062 0.38363524342792 0.0367695526217 4 5 4 4 0
49.014240714492 8.416980885313 114.66934967041 -0.00651 0.014265 1.8306443267949 0.010328775397799 -0.0093608815485745 0.012387679121749 -0.0063918301371546 0.0091792241842398 -0.1343734085411 -0.065877350712594 9.8104143876173 0.0057424838337688 -0.0017264564653913 9.8115541500457 0.00054054484753373 -0.00031284614014797 -0.00019928428864486 0.0005376718984386 -0.00031411723354448 -0.00020493463641973 0.38444375401351 0.0367695526217 4 5 4 5 0
49.014240658439 8.4169807185124 114.73686981201 -0.006548 0.014316 1.8307813267949 0.01328968186833 -0.0095910186187416 0.015308103281588 -0.0058536524719486 0.010590911190186 -0.14086610261287 -0.067476782186284 9.8104983146112 -0.00042097187830132 -0.0032784616067862 9.8117410548319 1.907686655158e-05 -4.1250275542982e-05 -0.00032490290551335 1.4416261968638e-05 -4.3389386872886e-05 -0.00032488640530371 0.38444375401351 0.0367695526217 4 4 5 5 0
49.014239610727 8.4169808496056 114.95916748047 -0.006379 0.014052 1.8216823267949 0.008994397269011 0.0023392053851098 0.008131581321834 0.0044998402359316 0.0083025967319132 -0.13612394459181 -0.065365999441791 9.8104350995262 0.001827367698373 -0.0029030407697951 9.8115966158602 -0.00013076849548178 -8.1918217280121e-05 0.00058784273066371 -0.00012247738894026 -7.8173861300107e-05 0.00059013045025103 0.37676650594234 0.029 4 5 4 4 1
49.014240035497 8.4169809729554 114.83862304688 -0.00644 0.0141 1.8236983267949 0.010437480459555 0.0016180841882622 0.0097011167921006 0.0041770251309258 0.0063420348301529 -0.13634012744085 -0.060303772988321 9.8063562502719 0.0021448571535272 0.0026998191735399 9.8074884031711 -0.00018761811275483 -0.00040492471569523 -0.0005056778882466 -0.00019472292226478 -0.00040821112032975 -0.00050037304217492 0.37734334497908 0.025495097567964 4 5 4 4 1
49.014241262195 8.4169810684876 114.49732208252 -0.006665 0.014294 1.8326523267949 0.0080741590110871 -0.01294895456302 0.011151962676403 -0.010416418098217 0.0073363699520405 -0.13766685283457 -0.064109422627759 9.8089723683441 0.0026023108784191 0.0012532352411301 9.8101474072881 -6.5990281726519e-05 -4.8568847070479e-05 0.00076412366868604 -5.5059670421445e-05 -4.3435501740971e-05 0.00076531507538856 0.38363524342792 0.0367695526217 4 5 4 4 0
49.014240594365 8.4169806051908 114.775390625 -0.006558 0.014344 1.8310783267949 0.014111942295 -0.010381713295543 0.016308194035141 -0.0064007810239076 0.011887090871083 -0.13278373013571 -0.062809584181898 9.8056854177667 0.0076867265840397 0.0014196305487534 9.8067827309306 -7.6956891456472e-05 0.00034933644556295 0.00066798924377136 -6.7377745575958e-05 0.00035373585552883 0.00066674047051912 0.38444375401351 0.0367695526217 4 4 5 5 1
49.014240961932 8.4169810844433 114.5705947876 -0.006544 0.014241 1.8311083267949 0.0086161516575596 -0.0099256613352172 0.010881120937509 -0.0073728345825921 0.0075287442289427 -0.13791827921818 -0.066437022085537 9.8061028536205 0.0018469709677762 -0.0019511498906878 9.8072973220299 0.00053350776932015 -0.0001958205914843 -0.00047902213361861 0.0005266524338533 -0.00019894030197179 -0.00048530813028416 0.38444375401351 0.0367695526217 4 5 4 4 0
49.014240563081 8.416980583292 114.78829193115 -0.006568 0.014344 1.8308913267949 0.01422462019008 -0.010441036822445 0.016431788429812 -0.0064305144858256 0.012226901331284 -0.13718453666222 -0.064184625517725 9.8105269272092 0.0033607288625881 0.0002182776048462 9.8116951466313 -1.746448431729e-05 0.0003458790753745 0.00012751631753971 -1.5686550704968e-05 0.00034671830781355 0.00012548717959206 0.38444375401351 0.0367695526217 4 4 5 5 1
49.014241376397 8.41698110829 114.46430969238 -0.006728 0.014325 1.8334043267949 0.0069395833909421 -0.01353457086708 0.010216711901357 -0.011267704323201 0.0069661249537801 -0.14128895681223 -0.06201929460925 9.8036646550563 -0.000932035131477 0.0037305958025935 9.8048780444548 -0.00044530489829634 0.00024010791007011 0.00041638520152884 -0.00043931740619935 0.00024288457828345 0.00042109632847476 0.38363524342792 0.0367695526217 4 5 4 4 0
49.014239645421 8.4169808612268 114.95165252686 -0.006348 0.014071 1.8219123267949 0.0094796944648135 0.002421394785055 0.0085799444086051 0.0047024456170878 0.0082217964395335 -0.1333838983481 -0.062138181596822 9.8089723181813 0.0045466585768638 0.00034812766349245 9.8100748040782 0.00044661556365791 0.00026807948114828 0.00083043346579286 0.00045821627332077 0.00027334091200748 0.00082235439904965 0.37676650594234 0.029 4 5 4 4 1
49.014240625228 8.4169806470306 114.76000976562 -0.006566 0.014353 1.8309383267949 0.013871312855791 -0.0099222417842113 0.015956581165594 -0.0060209485902121 0.011265557055844 -0.1361907090384 -0.065506789810711 9.8061221572099 0.0042480948576324 -0.001232061907156 9.8072855416288 -0.00010766368734423 0.0005657643753119 -0.00051330838335664 -0.00011509430501308 0.00056240178946541 -0.00051539987198515 0.38444375401351 0.0367695526217 4 4 5 5 1
49.014240679577 8.4169807778094 114.71981048584 -0.006496 0.014291 1.8306003267949 0.012653734391543 -0.0091277090020595 0.014573083908463 -0.0055729301905185 0.010123527526133 -0.13299671796931 -0.061314123239836 9.8095956731703 0.0073679144749141 0.0027519530323861 9.8106855494565 0.00070430571174331 -0.00041661194252956 0.00067897536239718 0.00071393886662333 -0.0004121734710455 0.00067148495186613 0.38444375401351 0.0367695526217 4 4 5 5 0
49.014240569404 8.4169806143829 114.7632522583 -0.0065 0.014337 1.8292133267949 0.017693411916371 -0.008798522380681 0.019354029241486 -0.0039862978733629 0.0069706433598668 -0.13984595128642 -0.068800354511503 9.8093857458247 0.00088565631648716 -0.004975318184155 9.8106224786101 -4.236703527531e-06 -0.00033600782855157 0.00020664277561654 -1.2224199803027e-06 -0.00033463181193123 0.00020886134094798 0.38525316351719 0.0367695526217 4 5 4 4 1
49.014240497857 8.4169805893321 114.8064956665 -0.006476 0.014343 1.8290583267949 0.015913140023931 -0.0093102852203509 0.017765581959044 -0.0049302161837275 0.011597617558463 -0.13724230518477 -0.063008142430933 9.8079704830199 0.0033278710943468 0.00081724486422769 9.8091321070283 0.00046591067021825 0.00020682773041657 4.0947333851054e-05 0.00046637462343399 0.0002070989052107 3.2937209737032e-05 0.38525316351719 0.0367695526217 4 5 4 4 1
49.014240044988 8.4169809813626 114.83218383789 -0.006424 0.014125 1.8234193267949 0.010394828200174 0.001723181316095 0.0096349405480278 0.0042648557923711 0.0061262956381692 -0.13858253779357 -0.066361373721705 9.8115455421208 -0.00015628110880753 -0.0032867653806451 9.8127476226366 0.00016934785996423 0.00025970010642983 -0.00036288752420865 0.00016420090431242 0.00025735838620598 -0.00036688973801516 0.37734334497908 0.025495097567964 4 5 4 4 1
49.014240697073 8.4169808703753 114.6844329834 -0.006588 0.014287 1.8304363267949 0.01068356271036 -0.0093201263837316 0.012718854890867 -0.0062637483746373 0.0095366536040713 -0.1374129359651 -0.063495658588662 9.8062669910359 0.0027392230788891 0.0006695725737121 9.8074349057072 -0.00079879283983625 -0.00014404066154367 -7.4086434337121e-05 -0.00079974015660969 -0.00014452090872029 -6.1700784345117e-05 0.38444375401351 0.0367695526217 4 5 4 5 0
49.014240165857 8.4169810252311 114.7869720459 -0.006422 0.014115 1.8217653267949 0.010829716764336 0.00042735743800493 0.010384667729512 0.003102251009843 0.004627617503628 -0.1324934856463 -0.067228237683867 9.8097026573356 0.0060514188652893 -0.0043630415534615 9.8108250621468 -0.00019600155517695 -8.108270557142e-05 0.00055899459270414 -0.00018802815325412 -7.7493692905342e-05 0.00056220599384944 0.37734334497908 0.021931712199461 4 5 4 4 1
49.01423993317 8.41698090079 114.88213348389 -0.006414 0.014089 1.8245763267949 0.010652061619027 0.0011138188939156 0.010031328401256 0.0037522802039092 0.0076754481985053 -0.13688835866158 -0.062378978025506 9.8100554527941 0.0014850306960456 0.00069611817191327 9.8112083996638 0.0003654963442978 -0.00029056317818947 0.0006983853271126 0.00037535604133299 -0.00028610045786138 0.00069499765418802 0.37734334497908 0.025495097567964 4 5 4 4 1
49.014240325631 8.4169809709011 114.7576675415 -0.006429 0.01417 1.8224683267949 0.01300908871992 -0.0021422100682231 0.013132406841638 0.0011708982929676 0.0043284393185619 -0.1369934807109 -0.064224420625026 9.8054509961917 0.0019457888525748 -0.0014097772525668 9.8066181000735 -0.00044498188954264 0.00021449707479972 -0.00051662456479042 -0.00045227398419537 0.00021118282659838 -0.00051164628038972 0.37734334497908 0.021931712199461 4 5 4 4 0
49.014240693296 8.4169808311746 114.70534515381 -0.006546 0.014313 1.8303183267949 0.012041442793378 -0.0088047600663485 0.013897900405365 -0.0054193297249159 0.0099634585801187 -0.14014994583288 -0.068721693391364 9.8083802338552 0.00014362041722265 -0.0046160542366711 9.8096212496346 -0.00016746443853229 9.4723465065517e-05 0.00011917258364864 -0.00016574230860243 9.5469421131465e-05 0.00012092425350787 0.38444375401351 0.0367695526217 4 5 4 5 0
49.01424106716 8.4169810602283 114.5456161499 -0.006629 0.014236 1.8315163267949 0.00847036779027 -0.011230755102061 0.011080142673525 -0.008666475664069 0.0077517759747178 -0.13566076191816 -0.064970978262927 9.8056223444687 0.0040097284344818 -9.3504232960919e-05 9.8067748894671 -0.00022579192949802 -5.9258875476634e-05 -0.0001973455335014 -0.00022857680660946 -6.0555359954927e-05 -0.00019371575110516 0.38363524342792 0.0367695526217 4 5 4 4 0
49.014240642256 8.4169806861655 114.74822998047 -0.006563 0.01425 1.8308773267949 0.013674069978817 -0.0097256655528311 0.015714846243467 -0.0058832172197416 0.01102640223687 -0.13439102383783 -0.064140269643329 9.8080170487962 0.0059623043037271 0.00016759546711096 9.8091453838049 -3.8309579529258e-05 -0.0010717198745954 0.00013648317047222 -3.6316342960898e-05 -0.001070836065995 0.00014405903872224 0.38444375401351 0.0367695526217 4 4 5 5 1
49.014240987937 8.4169810746726 114.5638885498 -0.00658 0.014234 1.8312073267949 0.0083845951630137 -0.010527518998224 0.010813222730967 -0.0080127869559657 0.0077279092869595 -0.13492499750272 -0.066635561602964 9.8110833641464 0.0047106645158561 -0.0018558030783084 9.8122360732428 0.00036234076987719 6.9318296310298e-05 -0.00031831687334826 0.0003577649302431 6.7244898545784e-05 -0.00032390803552524 0.38363524342792 0.0367695526217 4 5 4 4 0
49.014240832972 8.4169809984115 114.61548614502 -0.006555 0.014216 1.8309703267949 0.0095665964700415 -0.0092415752055084 0.011622281442615 -0.0064690919745429 0.0078788153151648 -0.1340277202786 -0.06666744734692 9.8106574642949 0.0058077498080029 -0.0023903468482807 9.8117975836298 9.7854978920166e-06 -0.00065554949228382 -0.00033862263121645 5.001206541994e-06 -0.0006577454645191 -0.00033443225982637 0.38444375401351 0.0367695526217 4 5 4 4 0
49.014240524341 8.4169806676032 114.75887298584 -0.006472 0.014292 1.8279553267949 0.018047258153657 -0.0078149916096955 0.019443589319909 -0.0029546263996888 0.0056315447385608 -0.12947369586574 -0.060717680261525 9.8096556842102 0.011059729988171 0.0029367172633338 9.8106917667685 0.00018942318624295 -0.00033324265589907 -0.00063762209886742 0.00018031167886662 -0.00033736259132012 -0.00063808207821423 0.38525316351719 0.0367695526217 4 5 4 4 1
49.014239996492 8.4169809526729 114.8522567749 -0.006441 0.014145 1.8240753267949 0.01043077653666 0.0015403475611989 0.0097129059001016 0.0041028412270651 0.0066525796261876 -0.14058553579553 -0.067740374796438 9.8081218351216 -0.0020799739875353 -0.0045642211701781 9.8093618702534 0.00011810060919968 0.00036052471158639 3.9666097794726e-06 0.00011811543667242 0.00036052299233546 -4.3923029388788e-08 0.37734334497908 0.025495097567964 4 5 4 4 1
49.014240347316 8.4169809292992 114.7585144043 -0.006382 0.014145 1.8231193267949 0.0138302655882 -0.0028490276216887 0.014103540186838 0.00070262912712473 0.0045307136489494 -0.13764319368776 -0.062514114491488 9.8104530274834 0.0015029845729231 0.00036801315759782 9.8116172708261 0.00039968149040726 -0.00041016807191187 -0.00013935031924147 0.00039773843866656 -0.00041102528561749 -0.00014236260260354 0.37734334497908 0.021931712199461 4 5 4 4 0
