49.014197178482 8.4170729627818 115.486328125 -0.005759 0.014388 2.0934973267949 0.020067504004784 0.0050612470964227 0.014860843536132 0.014404033759024 -0.020703081407384 -0.13973256589835 -0.059540779960628 9.805541677324 0.0013457485830298 -0.0031484593877558 9.8067175951325 -7.1171538738661e-05 3.4772050012095e-05 -0.00048086931539156 -7.8066935491702e-05 3.19956787117e-05 -0.00048001614898963 1.5481643969553 0.094752308678997 4 4 4 0 0
49.014196130349 8.4170753304955 115.40299224854 -0.005711 0.014268 2.0941543267949 0.019341051582793 0.0087367824607669 0.012385952356356 0.017233566016761 -0.020298216109362 -0.13919621607224 -0.058151452850418 9.8049447264005 0.00086928680300821 -0.0022030145162191 9.8061052596078 -2.0088522312563e-05 -0.00028722691217702 0.00039448744823802 -1.4411760006822e-05 -0.00028498305533843 0.00039639686330468 1.560187168259 0.094752308678997 4 4 4 0 0
49.01419724947 8.4170728097189 115.49147033691 -0.005784 0.014381 2.0935863267949 0.020327353105066 0.0049742248640371 0.015129281686465 0.014458527887135 -0.020773262827605 -0.14185388840874 -0.060023485433428 9.8117258936531 -0.00071428254151818 -0.0032857992852019 9.8129342120735 2.8504902768584e-05 -5.1466925389778e-05 0.00084320891195035 4.0630785012277e-05 -4.6581479697803e-05 0.00084299237276185 1.5481643969553 0.094752308678997 4 4 4 0 0
49.014197008913 8.4170733463088 115.47283935547 -0.005779 0.014326 2.0936403267949 0.020178258928732 0.0056394601462132 0.014666470731883 0.014961959412799 -0.020639082548768 -0.1381489497678 -0.055155821266427 9.8100313282721 0.0028475522232361 0.0011795279607334 9.8111586560816 -0.0005816297734235 -0.00080800013859905 2.3084892172746e-05 -0.00058118793280448 -0.00080782069667242 3.6065745738978e-05 1.5481643969553 0.094752308678997 4 4 4 0 0
49.014195995456 8.4170756441246 115.39147186279 -0.005738 0.014279 2.0942023267949 0.018955326519119 0.0092279790489032 0.011804900598021 0.017467232399768 -0.020020450088953 -0.13640896979729 -0.055651382164611 9.8071956338645 0.0035071137768573 0.0004536597043006 9.8083013140819 -0.00022751056041586 0.00023327977983992 -0.00027943550198325 -0.00023149152784767 0.00023167383771066 -0.00027751378895279 1.560187168259 0.094752308678997 4 4 4 0 0
49.014196741251 8.4170739459906 115.45198059082 -0.005703 0.014355 2.0938193267949 0.01988892968203 0.0065182070063925 0.013973878966662 0.015581632504748 -0.020366703494196 -0.13893275357195 -0.061496502857848 9.8060561025366 0.0018961483395115 -0.0053520836807379 9.8072313536953 0.00047037033709933 -9.5782431416773e-05 -0.00033576432274858 0.00046550728910782 -9.7722158813378e-05 -0.00034194148429081 1.554567463959 0.094752308678997 4 4 4 0 0
49.014195591382 8.4170765514756 115.35848236084 -0.005741 0.014332 2.0945933267949 0.018384056218614 0.01048740607094 0.010674626044081 0.01827597516326 -0.019971096087348 -0.14072172827733 -0.06675327840397 9.8085513826328 -0.00048389962693407 -0.010356135946045 9.809782270336 0.00021661271949576 0.00062009491044925 0.0008886161498524 0.00022929037355803 0.00062516501817219 0.00088184843528687 1.5665902463631 0.094752308678997 4 4 4 0 0
49.014195556506 8.4170766364867 115.35517883301 -0.005738 0.014274 2.0945223267949 0.018398517896159 0.010389701581443 0.010735991377003 0.018198617612842 -0.01981338759335 -0.13635897110158 -0.055589565302783 9.8084727272352 0.0036893093917101 0.00083350301940869 9.8095773602666 0.0003373238996551 -5.5277622301049e-05 -0.00040175388964543 0.00033158080407218 -5.762630249876e-05 -0.00040618937071829 1.5665902463631 0.094752308678997 4 4 4 0 0
49.014196434877 8.417074634062 115.42803192139 -0.005703 0.014294 2.0939993267949 0.019655763719842 0.0073377106488089 0.013360791405627 0.016176531709832 -0.020271890061281 -0.14241157009694 -0.061495297340143 9.809090746633 -0.0018876155022308 -0.0053627677008719 9.8103153552974 0.00039465848777928 -0.00055593478330552 0.00090433485304774 0.00040761736803008 -0.00055074342262005 0.00090175983472675 1.554567463959 0.094752308678997 4 4 4 0 0
49.014196563898 8.4170743355827 115.43865203857 -0.005723 0.014301 2.0939503267949 0.01986152029628 0.0069005642460466 0.013758232208796 0.015899956388377 -0.020218195965514 -0.14063659248456 -0.063350458438515 9.8114741879662 -0.00015599685028836 -0.0071538226036654 9.8126838434968 0.00012877056909965 -0.00027578827585724 0.001007674116282 0.00014322036159212 -0.00027003348925356 0.0010073011459072 1.554567463959 0.094752308678997 4 4 4 0 0
49.014196387197 8.4170747484656 115.4236831665 -0.005725 0.014272 2.0939613267949 0.019591345491647 0.0078265637967952 0.013060119613087 0.016568307940631 -0.020325358044597 -0.13517091403661 -0.060230572425804 9.8113875621759 0.005310033169931 -0.003994400974274 9.8125015424126 0.00018732907065387 -0.00079578386126206 -0.00037099983849296 0.0001820934581265 -0.00079787307890522 -0.00036908081508971 1.554567463959 0.094752308678997 4 4 4 0 0
49.014196780513 8.4170738526576 115.45536804199 -0.005702 0.014404 2.0938213267949 0.019805148170612 0.0060837970773979 0.014118255002818 0.015163470985271 -0.02042777615567 -0.13889579689036 -0.058489635154496 9.8095828841903 0.0021046063476176 -0.0023766224026814 9.8107397224973 0.00038675774513338 0.00056159426580099 -0.00032346341793917 0.00038197594997161 0.00055974213601753 -0.00033223001926964 1.5481643969553 0.094752308678997 4 4 4 0 0
49.014196316876 8.4170749038082 115.4182434082 -0.005698 0.014347 2.0939953267949 0.019612166088039 0.0080843682889783 0.012949268941415 0.016802092754318 -0.020202226065321 -0.139453839875 -0.059660280663612 9.8093800626479 0.0010251503002656 -0.0036698217326489 9.8105521558649 0.00023674099810911 0.00047783491874648 0.00014742554698277 0.00023881202105264 0.00047870352041309 0.0001413003391501 1.554567463959 0.094752308678997 4 4 4 0 0
49.014195471398 8.4170768240437 115.34842681885 -0.005747 0.014264 2.0945563267949 0.018098548481594 0.010431076188777 0.01045494845078 0.01808476451637 -0.019874853796543 -0.13348089095198 -0.058636405794071 9.8092864874266 0.0065353891128092 -0.0022169911564453 9.8103673246842 0.00016449629714537 -0.00015898325584796 -0.0003709422964445 0.00015918984342315 -0.00016111346886213 -0.00037231874474006 1.5665902463631 0.094752308678997 4 4 4 0 0
49.01419728636 8.417072721883 115.49462127686 -0.005783 0.014428 2.0935813267949 0.020409185505494 0.0049508564760754 0.015212314142419 0.014478651180357 -0.020826451247316 -0.13589187938832 -0.058094753336135 9.8010275751815 0.0052998857760164 -0.0015547316278384 9.8021397174441 -0.00019791782513578 0.00040008371915429 0.0013276474352719 -0.00017884146189045 0.00040772034970747 0.0013280207257951 1.5481643969553 0.094752308678997 4 4 4 0 0
49.014196198822 8.417075182773 115.40814971924 -0.005698 0.014292 2.0941013267949 0.019400432471691 0.008729394904044 0.012441866996195 0.017256271582594 -0.020172748555267 -0.13449781746157 -0.057195857932878 9.8034041467328 0.0056370640636597 -0.001231452466634 9.8044920506882 0.00024671707037653 -3.4724778095753e-05 0.00020366538735213 0.00024960971039469 -3.3560893660095e-05 0.00020034209015344 1.560187168259 0.094752308678997 4 4 4 0 0
49.014196693429 8.4170740482388 115.44877624512 -0.00573 0.014338 2.0938583267949 0.019977395630728 0.0067379048409718 0.013940567805795 0.015816326339225 -0.02031323058891 -0.13571178970092 -0.057108814280851 9.8098295170983 0.0049603688310417 -0.00087485701156889 9.8109330617915 0.0001061805662559 -1.3481149462989e-05 6.565778587362e-05 0.00010707909631833 -1.3091715042616e-05 6.4189130583015e-05 1.554567463959 0.094752308678997 4 4 4 0 0
49.014195381987 8.4170770393328 115.34004211426 -0.005815 0.014264 2.0946603267949 0.018038913088287 0.01081603959649 0.010209782580664 0.018388838863093 -0.01987874911185 -0.13369113447118 -0.058891135823995 9.8088355791891 0.0062147412967584 -0.0020942276465563 9.8099209978664 -0.00036139160868423 3.6875150450929e-05 0.00049822843554311 -0.00035428882327237 3.9751232992109e-05 0.00050310375905231 1.5665902463631 0.094752308678997 4 4 4 0 0
49.014196826476 8.4170737446255 115.45937347412 -0.005734 0.014351 2.0938283267949 0.020143005395755 0.0059988361477321 0.014454666144408 0.015257435461327 -0.020405560893756 -0.14104925261703 -0.054337975064043 9.8071300138626 -0.0002013003008233 0.0017291603463484 9.8082947472555 -0.00024479489999533 -0.00017191951392899 0.0012867810689293 -0.00022624099586093 -0.00016454804554822 0.0012911437136298 1.5481643969553 0.094752308678997 4 4 4 0 0
49.014197047811 8.4170732497111 115.47649383545 -0.005722 0.014333 2.0936463267949 0.020183793624527 0.0055653958992914 0.014708711532726 0.014900096161697 -0.020580560415773 -0.13274154114245 -0.058068312779166 9.8055998966879 0.0081531848006926 -0.0017050988973374 9.8066671279061 0.00051589825598633 -0.00061065448801005 0.00069747853867673 0.00052592016096239 -0.00060661779572837 0.00069342787927558 1.5481643969553 0.094752308678997 4 4 4 0 0
49.014195525841 8.4170767086941 115.35249328613 -0.005776 0.014249 2.0945333267949 0.018192600272675 0.010294134864404 0.010605495584929 0.018012864709812 -0.019899614869148 -0.13936163329488 -0.061075816797507 9.8064655060592 0.00062853912468868 -0.0046434346421148 9.8076444784694 -0.0003159813158938 -0.00044468258584141 -0.00020506338076556 -0.00031888001362027 -0.00044586360084678 -0.00019796912796047 1.5665902463631 0.094752308678997 4 4 4 0 0
49.014196225167 8.4170751109721 115.41094207764 -0.005718 0.014281 2.0940923267949 0.019391672346586 0.0083826906573889 0.012608063102514 0.016951193332015 -0.020313920161464 -0.14250023876683 -0.065354393685679 9.812624840297 -0.002164263923624 -0.0093090966025677 9.813872337261 -4.4424977439154e-05 -0.00034759039244469 0.00058081309340476 -3.6080249088264e-05 -0.00034426053052655 0.00058337781066337 1.560187168259 0.094752308678997 4 4 4 0 0
49.01419695743 8.4170734502906 115.46978759766 -0.005747 0.014359 2.0936613267949 0.020101523654724 0.0055768787114799 0.014630881020265 0.014869772304539 -0.020508579080914 -0.1361017941958 -0.061243434946039 9.8097670532827 0.0047608908699486 -0.0048379597926146 9.8108998283443 0.00011865106245472 2.9343135878948e-05 -8.204280010616e-05 0.00011743385125672 2.8880777396485e-05 -8.3920044665769e-05 1.5481643969553 0.094752308678997 4 4 4 0 0
49.014196083055 8.4170754417504 115.39880371094 -0.005707 0.014291 2.0941883267949 0.019204845554219 0.008696457982197 0.012288052062015 0.017130623634198 -0.02011806390082 -0.13528395505975 -0.059430171991006 9.8101190307781 0.0047391465050974 -0.0034281490093766 9.8112301842484 8.8674509917023e-05 0.00033230279410354 0.00090868441006397 0.00010160529121502 0.00033746062793238 0.00090545595407196 1.560187168259 0.094752308678997 4 4 4 0 0
49.014195855151 8.4170759700824 115.37939453125 -0.005729 0.014285 2.0943813267949 0.018714110520201 0.0099700124406486 0.011222680375573 0.017990833359402 -0.019870446598654 -0.13878667986826 -0.058129978654722 9.8166431007622 0.0013620805668674 -0.0017815864367132 9.8177957518261 0.00025774489477256 0.00015855631616211 0.00058329953072325 0.00026602022497043 0.00016191093895832 0.00057863771398969 1.560187168259 0.094752308678997 4 4 4 0 0
49.014196904539 8.4170735743099 115.46524047852 -0.005688 0.014344 2.0936793267949 0.02033027979811 0.0060964647102801 0.014569347599143 0.015434416393478 -0.020428552197202 -0.13657327249672 -0.062619588164703 9.810245600419 0.0042653039288767 -0.0063607211825058 9.8113931998829 0.00088570974808631 -0.00020181383638378 3.0314770658177e-05 0.00088607530265433 -0.00020165634023723 1.8758175368033e-05 1.5481643969553 0.094752308678997 4 4 4 0 0
49.014195704521 8.4170763010708 115.36766815186 -0.005744 0.014308 2.0944873267949 0.018523775753044 0.0099739670468066 0.011053625467272 0.017900489765147 -0.020015884679001 -0.14243155237762 -0.056700387824488 9.8063690423613 -0.0023281663080335 -0.00050778049714334 9.8075669944309 -0.00016127718940214 0.00039673433503752 0.00024212360563061 -0.0001578361274996 0.00039811236465234 0.00024213948011048 1.5665902463631 0.094752308678997 4 4 4 0 0
49.014196465254 8.4170745588026 115.43083190918 -0.005726 0.014312 2.0938613267949 0.019775836224889 0.0072434205818074 0.013512006951035 0.016154761427443 -0.020250306538287 -0.13230199682746 -0.056965076093206 9.8099560160811 0.0081237707686138 -0.0009378073812193 9.811009904778 -0.00016565228365784 -1.7581107856253e-05 -0.0014295069245737 -0.00018605702632332 -2.5756920742272e-05 -0.0014268858787336 1.554567463959 0.094752308678997 4 4 4 0 0
49.014195652532 8.4170764202827 115.36312103271 -0.005785 0.014295 2.0944623267949 0.018316695883255 0.010025410526494 0.010848174829755 0.017841721988479 -0.019943440873402 -0.13641617153208 -0.056579221414791 9.8087367296076 0.0038334377321774 -0.00016701390473289 9.8098474758036 -0.00052002250355279 -3.4464504296027e-05 -0.00058367444600337 -0.00052829581800869 -3.7900118325577e-05 -0.00057598406305989 1.5665902463631 0.094752308678997 4 4 4 0 0
49.01419711954 8.4170730996472 115.48129272461 -0.005748 0.014363 2.0935203267949 0.020131444406902 0.0054467712765101 0.01472331563745 0.014770455757599 -0.02066216544707 -0.13615281663795 -0.065524301041473 9.8086688893175 0.0048725756307398 -0.0089954398859534 9.8098275205679 0.00034564540189821 -0.00023450471787346 -0.0006234490119982 0.00033666594951398 -0.00023813750905284 -0.00062697738335284 1.5481643969553 0.094752308678997 4 4 4 0 0
49.014195767187 8.4170761684656 115.37231445312 -0.005734 0.01432 2.0944513267949 0.018847673016505 0.0099940591420638 0.01132465258042 0.018079494822868 -0.020023710153529 -0.13308248331893 -0.058630464498928 9.8066828555421 0.006975068395528 -0.0023586006886617 9.8077582793826 0.00013761933965975 0.00069104700228246 0.00011738521340148 0.00013923172258995 0.000691710841562 0.0001114283275503 1.5665902463631 0.094752308678997 4 4 4 0 0
49.014195901232 8.4170758586771 115.38366699219 -0.005774 0.014266 2.0942843267949 0.018700777035898 0.009543698729004 0.011425785696257 0.017613986324824 -0.020187729049534 -0.14451756773424 -0.062762337042505 9.8059498614957 -0.0046766171696091 -0.0065027212546925 9.8072121997633 -0.00058358688068478 0.00011412598267734 0.00037635928379701 -0.00057816909431027 0.00011627301357543 0.00038399281390155 1.560187168259 0.094752308678997 4 4 4 0 0
49.014195432546 8.4170769291144 115.34400939941 -0.005787 0.014239 2.0945993267949 0.017975927640667 0.010749127949022 0.010189419646691 0.018298998300775 -0.019655945254253 -0.13653654231856 -0.062721544261942 9.8088259011998 0.0033611982086454 -0.0060396942208925 9.8099742563856 -8.7378258945022e-05 -0.00039625247757864 0.00014389361231562 -8.5282886202663e-05 -0.00039542436537044 0.00014743387039176 1.5665902463631 0.094752308678997 4 4 4 0 0
49.01419602729 8.4170755645833 115.39452362061 -0.005726 0.014288 2.0942373267949 0.019159339781217 0.0092228173102299 0.011984639627549 0.01756441267089 -0.020165618717846 -0.14228613944122 -0.062735079561473 9.8047878512538 -0.0022622229327941 -0.0067115072861724 9.8060184015304 -0.00015225924547498 0.00014172654243784 0.00080666721354016 -0.000140724998848 0.00014631994576107 0.00080791411530767 1.560187168259 0.094752308678997 4 4 4 0 0
49.014195968083 8.4170757124748 115.38890075684 -0.005731 0.014238 2.0942893267949 0.01878260665057 0.0091962165817772 0.011670743076379 0.017353685669774 -0.020087075675855 -0.13604586117088 -0.061471597953609 9.8048060647867 0.0037848271981309 -0.0054510354467187 9.805940357792 -0.00025037156188613 -0.00039851088658748 0.00079209025668926 -0.00023903018531578 -0.00039395687066266 0.00079785081010437 1.560187168259 0.094752308678997 4 4 4 0 0
49.01419664184 8.4170741695284 115.44426727295 -0.005744 0.014334 2.0938633267949 0.019905918315299 0.0065898406705867 0.01395221283177 0.015652710631618 -0.020326742134038 -0.14060440935821 -0.055581755390168 9.8062254889189 -7.5454154846617e-05 0.00066564505539214 9.8073908958868 -7.9232749125448e-05 7.8734037615435e-05 -0.00020084920130717 -8.2099461494161e-05 7.7574473910948e-05 -0.00020014860381184 1.554567463959 0.094752308678997 4 4 4 0 0
49.014195799786 8.4170760911605 115.3751373291 -0.005728 0.014266 2.0944433267949 0.018557702460963 0.0098644138392609 0.01113852509938 0.017822126102884 -0.020090883372351 -0.13816137774735 -0.062632080627692 9.8034638186562 0.0018766324396608 -0.006397540161561 9.8046351774618 0.00021010861944772 -0.00030315546064838 0.00015343061095705 0.0002122804169068 -0.00030227354201074 0.00015215991574071 1.5665902463631 0.094752308678997 4 4 4 0 0
49.014196521041 8.4170744432542 115.43449401855 -0.005683 0.01431 2.0939933267949 0.019827377494665 0.0071887563198749 0.013583931814334 0.016133184151971 -0.020331920320142 -0.14062706072294 -0.062750508840245 9.8071575285169 -0.00014281759939186 -0.006799054585505 9.8083638772778 0.00044172697850425 -0.00025553426580229 0.00092216650273253 0.000454881055334 -0.0002502657723201 0.00091716849390865 1.554567463959 0.094752308678997 4 4 4 0 0
49.014196276296 8.4170750030914 115.41443634033 -0.005689 0.014336 2.0940633267949 0.019438700500979 0.0079621354750858 0.012859687357466 0.016609851619383 -0.0203673409654 -0.13653722276099 -0.056228175311862 9.8049469737344 0.0038095767289857 -0.00036993741808405 9.8060579626919 0.0001864831196383 0.00039617924086748 0.00090387979021381 0.00019938477846832 0.00040135067837666 0.00089884055598434 1.554567463959 0.094752308678997 4 4 4 0 0
