49.014240260425 8.4169804019883 116.43348693848 -0.006315 0.014027 2.1610163267949 0.0030878149283563 0.013869818057595 -0.0051577448483298 0.01324020871492 0.0051037169252396 -0.1368833379545 -0.056089668268923 9.8080921958417 0.00060104755857178 0.0058442132588509 9.8092058283881 0.00012108613327972 2.3196696512947e-05 -2.1533524264046e-05 0.00012078214101543 2.3073615387579e-05 -2.3374564525895e-05 0.38547892289981 0.039597979746447 4 5 4 4 1
49.014241097253 8.4169789633507 116.3840713501 -0.006527 0.01416 2.1552453267949 0.0051173886743022 0.006808538057792 0.00050911629019885 0.0085019764704999 -2.6102624386946e-05 -0.14753109926219 -0.066994975836198 9.8073323690588 -0.0087164368783197 -0.0025735274476124 9.8086664062487 0.00083382027640257 -4.1630280211517e-05 0.0003859530943978 0.00083918555801832 -3.9072168403217e-05 0.00037438671522149 0.38827052424824 0.039597979746447 4 5 4 4 1
49.014240200368 8.4169805229786 116.43760681152 -0.006301 0.014005 2.1616383267949 0.0031679476190287 0.014881840278919 -0.0056622356688643 0.014122431863877 0.0053580325124978 -0.1434072242434 -0.066250223420249 9.8079555012891 -0.0060354235455455 -0.0042232461438893 9.8092251373838 0.00050499843451858 -9.8258308430993e-05 0.00021475019273109 0.00050796081660238 -9.688719435877e-05 0.00020825763550706 0.38547892289981 0.039597979746447 4 5 4 4 1
49.014240350494 8.4169802048539 116.42807769775 -0.006289 0.014051 2.1596313267949 0.0028818757339618 0.013006482524382 -0.0048312348178433 0.012415056373943 0.0043858395744121 -0.14200013820306 -0.064171102851453 9.8108905186922 -0.0041783551858456 -0.0021484693422283 9.8121270043317 0.00068226681426821 2.0934211822249e-05 0.00096684243229296 0.00069577275265597 2.7066513734636e-05 0.00095701892352055 0.38547892289981 0.039597979746447 4 5 4 4 1
49.014241175904 8.4169786866209 116.38355255127 -0.006557 0.014179 2.1532893267949 0.005293935693498 0.0043834921315566 0.0020064857515686 0.0065736174946046 -0.00058828412022645 -0.1362756543031 -0.063517149200036 9.8068919751032 0.0029209254576739 0.00083447091382313 9.8080443850038 0.00021806040497675 -0.00031273339107298 0.00082291972180228 0.00022974425961785 -0.00030733847724438 0.00082177121351685 0.38827052424824 0.039597979746447 4 5 4 4 1
49.014240512109 8.4169799394937 116.41593933105 -0.00636 0.014029 2.1578023267949 0.0017556813345426 0.012447766349867 -0.0054348905194091 0.011335441632734 0.0031938214795307 -0.13606962066529 -0.062427578422069 9.8090467118234 0.0016195552751603 -7.036910672593e-05 9.8101890613271 8.2290256473055e-06 -0.00012804547504618 0.00045306314586231 1.4629115711861e-05 -0.00012510752316385 0.00045372139240742 0.38687465670421 0.039597979746447 4 5 4 4 1
49.014241160919 8.4169782125206 116.40727996826 -0.006553 0.014206 2.1496363267949 0.0018228720673255 0.0015782771012509 0.00066188203773954 0.0023186337911423 0.00064013080784134 -0.14228487352602 -0.059158986207033 9.8078740436569 -0.0031294451675883 0.0050321547660669 9.809083080262 -5.4099451198939e-05 0.00040672709145628 -8.4717889547156e-05 -5.5291139511099e-05 0.00040612680854698 -8.6580824784664e-05 0.3890822535146 0.039597979746447 4 5 4 4 1
49.014241275624 8.416977624142 116.40409851074 -0.006586 0.014267 2.1472643267949 -0.00030487530430136 -0.00030330198351924 -9.0291792625954e-05 -0.0004204805541005 -0.0010184643453549 -0.14577425810247 -0.063593604513741 9.8060555698427 -0.005644104441201 0.0011319318432756 9.8073434446402 0.00028126256933839 -0.00031483009714916 0.00034752489183436 0.00028622961468142 -0.00031251486806434 0.00034553586390391 0.39047791230747 0.039597979746447 4 5 4 4 1
49.014241141798 8.4169781793565 116.40925598145 -0.006552 0.014219 2.1494643267949 0.0006009914152685 0.0013153316097387 -0.00021646034808423 0.0014299196493604 0.00058911736159408 -0.14032500536433 -0.058200139162182 9.8071140945757 -0.0011538520895258 0.0061148051486442 9.8082888717414 0.00015793151120258 0.0005666549939028 0.0010767412882178 0.00017315343010126 0.00057371963517489 0.001070663388815 0.3890822535146 0.039597979746447 4 5 4 4 1
49.014240811547 8.4169794968792 116.39569854736 -0.006512 0.014076 2.1568973267949 0.0029298482977324 0.010720131536785 -0.0034900600459889 0.010551002757706 0.0013263019082818 -0.14157873939586 -0.060987345500391 9.8066714005085 -0.003563175932725 0.002442068005679 9.8078817842681 -0.00070514328168682 -9.9927834219745e-05 0.0013100894061098 -0.00068659852355171 -9.1394012145424e-05 0.001320483243793 0.38687465670421 0.039597979746447 4 5 4 4 1
49.014240655847 8.4169797378552 116.40672302246 -0.00642 0.014009 2.1573863267949 0.001693163301377 0.012355716020501 -0.005432297261806 0.011225893316884 0.0024540439465658 -0.14733785288258 -0.064714400767438 9.8096389396055 -0.0095163754164991 -0.0019932825138454 9.8109541426273 -0.00035138083094336 -0.00085471441076429 -2.7766589599031e-05 -0.00035168278130753 -0.00085488528050604 -1.7352992909419e-05 0.38687465670421 0.039597979746447 4 5 4 4 1
49.014240843722 8.4169794138287 116.39443969727 -0.006519 0.014087 2.1563373267949 0.0029964698985775 0.010088198711062 -0.0030805714256079 0.010062770585754 0.0012639214157291 -0.14022517273713 -0.068349119005283 9.8103903552342 -0.0021986488110029 -0.0045945209685478 9.8116291960538 -0.00026548794637697 0.00020065105320817 0.00069640037515386 -0.0002556549074409 0.00020518734255535 0.00069875008600908 0.38687465670421 0.039597979746447 4 5 4 4 1
49.014241289391 8.4169776440256 116.40234375 -0.006629 0.014328 2.1471903267949 0.00020544469686905 -0.0008849089943812 0.00065450975682675 -0.00062997968950889 -0.0011075666594171 -0.13598600682545 -0.064504908400114 9.8116895349526 0.004366349374986 0.00054776054427337 9.8128429740229 1.459366659164e-05 0.00043098708692066 0.00016990521170247 1.6960232313003e-05 0.00043212320358882 0.00016681520772591 0.39047791230747 0.039597979746447 4 5 4 4 1
49.014240497372 8.4169799703496 116.4172668457 -0.006347 0.013999 2.1581453267949 0.0021462720985552 0.012439350274242 -0.0051083942599755 0.011543336170969 0.0033383514121836 -0.14422247589768 -0.062618089225745 9.8076878159978 -0.0065758810640506 -0.0004325278931714 9.8089455748977 -6.6283889098613e-05 -0.00063362493322353 0.00026313239218923 -6.2521880236671e-05 -0.00063193794656312 0.00026801289795692 0.38687465670421 0.039597979746447 4 5 4 4 1
49.01424088373 8.4169793202001 116.39348602295 -0.006542 0.014114 2.1557963267949 0.0032051986464002 0.0094589877688519 -0.0025534432925674 0.0096552739698343 0.00085793293578338 -0.14227792358062 -0.065325344466397 9.8066200489014 -0.0041005780980931 -0.0014079843274176 9.8078687094724 -0.00032558219714732 0.00031152357629835 -2.9841879353251e-05 -0.00032601056184398 0.0003112979287426 -2.7281849563162e-05 0.38827052424824 0.039597979746447 4 5 4 4 1
49.014241158864 8.4169780380593 116.40984344482 -0.006585 0.014221 2.1487873267949 -7.9786274090979e-05 0.0013875679947383 -0.00082529847772827 0.0011183202191877 0.00048203529383665 -0.14089519905685 -0.059706701067966 9.8029319348751 -0.0014737058832187 0.005101068598759 9.8041252574544 0.00050783484713986 -7.7797724310784e-05 0.00056555388292208 0.00051586326265831 -7.406531318157e-05 0.00055876033203337 0.3890822535146 0.039597979746447 4 5 4 4 1
49.014240155783 8.416980606575 116.44033050537 -0.00632 0.014014 2.1620653267949 0.0030665155167845 0.014670594028783 -0.0056332050894147 0.013888714574975 0.0056458957580651 -0.1381299041501 -0.071963923902297 9.8099725209176 -0.00063079833403547 -0.0098661063770083 9.8112040681478 0.00023686227348587 -8.9876695505829e-05 -0.0003791672938623 0.0002314914057927 -9.2271981342462e-05 -0.00038184074724115 0.38547892289981 0.039597979746447 4 5 4 4 1
49.014241055066 8.4169790650092 116.38611602783 -0.006564 0.01418 2.1557273267949 0.0047601865465884 0.007432715316967 -0.00013597392505347 0.0088252902106173 8.0222807749939e-05 -0.13719920301516 -0.065336834831312 9.8071326172026 0.0015219306275041 -0.00092507631660263 9.8083093870775 0.00012109999143048 0.00048294715200496 0.00042356687768447 0.00012698117916729 0.00048576055361786 0.0004186069658381 0.38827052424824 0.039597979746447 4 5 4 4 1
49.014240562422 8.4169798732057 116.41249084473 -0.006359 0.014026 2.1577223267949 0.0015519554951812 0.012708132731931 -0.0057456325154515 0.011440873721209 0.0029981897240254 -0.1455383194883 -0.069599673429983 9.807277293613 -0.0079333978727279 -0.0070569995930062 9.8085986168179 0.00033110631662292 -0.00012492228174889 0.00034498566190559 0.00033592206424927 -0.00012269920347388 0.00034110660796321 0.38687465670421 0.039597979746447 4 5 4 4 1
49.014241222912 8.4169778983179 116.40677642822 -0.006599 0.01425 2.1479283267949 -6.0544470778046e-05 0.00021424595589967 -0.00016771591794415 0.00014639881875392 0.00022133173274436 -0.1347421732868 -0.063716674719702 9.8025879401552 0.004811455045092 0.0011799769927904 9.8037196088046 0.00038436771587445 0.00010068787993806 0.00019351302276464 0.00038704556342856 0.00010197256612849 0.00018729976570735 0.39047791230747 0.039597979746447 4 5 4 4 1
49.014240463029 8.4169800092568 116.42041015625 -0.006352 0.014055 2.1583393267949 0.0022364323013177 0.012459920789655 -0.0050464488014374 0.011609689880314 0.003678048946522 -0.13688741414162 -0.06418796879959 9.8056182486075 0.00091186979764187 -0.0021644409892583 9.8067831890139 -0.00044060037446451 -1.2487929797946e-06 0.0011540742385299 -0.00042435718694391 6.0377623694363e-06 0.0011601434764951 0.38687465670421 0.039597979746447 4 5 4 4 1
49.014240327978 8.4169802607988 116.42929840088 -0.00637 0.01403 2.1602123267949 0.0031029828155683 0.013302492899721 -0.0048194870205423 0.012781131434279 0.0044541194449861 -0.13334464424307 -0.065607245243904 9.8043571601376 0.0042668567830455 -0.0034417599049976 9.8054823688652 -0.00040225235022129 -0.00014204650163495 0.0014287801166991 -0.00038213761440512 -0.00013298587804127 0.0014351825749403 0.38547892289981 0.039597979746447 4 5 4 4 1
49.014241140646 8.4169781249253 116.41049957275 -0.006633 0.014202 2.1493013267949 -2.4905691047548e-05 0.0012512544954522 -0.00070513037779842 0.0010339946053966 0.00090291777403172 -0.14536398827789 -0.069124793921663 9.814082451379 -0.0059838705964878 -0.0043167415909561 9.8153999770291 -0.00049162742150797 4.7165042987364e-05 0.00069421005444289 -0.00048169971731796 5.172978145578e-05 0.00070082423516851 0.3890822535146 0.039597979746447 4 5 4 4 1
49.014241012032 8.416979141384 116.38722991943 -0.006545 0.014097 2.1558193267949 0.0040002119159852 0.0080450032276893 -0.0011084093870736 0.0089159894177933 0.00033108368637494 -0.14238201930747 -0.062865255891583 9.8055033786822 -0.0038814374060685 0.0013808558523383 9.8067375292103 0.00018589238695641 -0.00070549009496023 -0.00070292433924338 0.00017605983562618 -0.0007100482995237 -0.00070084851848402 0.38827052424824 0.039597979746447 4 5 4 4 1
49.014241285531 8.4169776690668 116.40259552002 -0.006618 0.014313 2.1470623267949 0.00023305831324157 -0.00085001861742172 0.00065862883183066 -0.00058568277004627 -0.00094074765757044 -0.14183790345299 -0.063931058583214 9.8047079746867 -0.0017641271224874 0.0011419270957507 9.8059421948483 0.00035910528244027 0.00043047480504485 -7.4287137788645e-05 0.0003579788649746 0.00042998971808091 -8.2259015135029e-05 0.39047791230747 0.039597979746447 4 5 4 4 1
49.014240404282 8.416980100008 116.42488098145 -0.006314 0.014024 2.1589353267949 0.0024415169728289 0.012311958788399 -0.0048040434641489 0.011596029968974 0.0041778346886612 -0.13998149554077 -0.057835231373196 9.8070245028017 -0.0021863801423981 0.0041966261758914 9.8081932092853 0.00030684277411429 -0.00053851925910732 0.00018988025550907 0.00030956109417733 -0.0005372960361889 0.00018897810163752 0.38547892289981 0.039597979746447 4 5 4 4 1
49.014241128028 8.4169788945028 116.3821105957 -0.006573 0.014165 2.1548653267949 0.0052137648678565 0.0059254550601422 0.0010798258840358 0.0078183596062777 -0.00050958173914553 -0.14052944007103 -0.061496663276837 9.8081353319887 -0.0014243184951949 0.0029693314274801 9.8093345192516 9.6566806788021e-05 -0.00042151790736388 -0.00046640295740954 8.9962855609053e-05 -0.00042456160467469 -0.00046493856598512 0.38827052424824 0.039597979746447 4 5 4 4 1
49.014241227491 8.4169784836392 116.38719940186 -0.006513 0.014198 2.1520683267949 0.0046829963689563 0.0027229713398556 0.0024182386305368 0.0048473441113729 -0.00058397451314209 -0.14240867250808 -0.066786729732966 9.8092264679451 -0.0031002415591096 -0.0027117513139782 9.8104864628902 0.00039674582688414 -9.517761811861e-05 0.00014903073036358 0.00039882095465567 -9.4193217974852e-05 0.00014397819809565 0.3890822535146 0.039597979746447 4 5 4 4 1
49.014240434821 8.4169800476018 116.42263031006 -0.006338 0.014058 2.1586133267949 0.0022121893380136 0.012390913004673 -0.0050328613390811 0.011536899276367 0.0038392787277455 -0.14726084673577 -0.071095856450304 9.810628054186 -0.0093383533211926 -0.0088712558406578 9.8119825285333 0.00013248336484444 -4.7088172120965e-05 0.0015632679764986 0.00015445729035413 -3.7153039213487e-05 0.001561550075071 0.38547892289981 0.039597979746447 4 5 4 4 1
49.01424120524 8.4169782979852 116.3988494873 -0.006539 0.014238 2.1506643267949 0.0031565794411103 0.0015841796305865 0.0017712904953083 0.0030554361860189 0.00012659028565664 -0.14379205648871 -0.064094930840644 9.8149628280824 -0.0040791155020976 -9.5639301628172e-05 9.8162244675937 -0.00019603895324265 0.00014413864241533 0.0010391986803856 -0.00018125567358212 0.00015092035261876 0.0010409204737975 0.3890822535146 0.039597979746447 4 5 4 4 1
49.014240770042 8.4169795746192 116.39875793457 -0.006503 0.014074 2.1571643267949 0.0026160320439115 0.011409605584113 -0.004134777369723 0.010951061698379 0.0018509787566673 -0.14277452477886 -0.064702316477562 9.8095051560901 -0.0048484636244622 -0.0014367749927095 9.8107556001367 -0.00090178857395712 4.7531975952552e-05 0.00096270034405401 -0.00088809205522628 5.3743510802729e-05 0.00097496471848402 0.38687465670421 0.039597979746447 4 5 4 4 1
49.01424117978 8.4169782434156 116.40407562256 -0.006561 0.014197 2.1499443267949 0.0026239782204982 0.0017379660282057 0.0012435687284744 0.0028913668766816 0.00034694694850877 -0.14229858948267 -0.073882908152562 9.8054857370786 -0.0029161021251576 -0.0097179591814298 9.8067911707624 -0.00015445478143871 -0.00020259165691078 -0.00037079886912468 -0.00015967255214155 -0.0002050536575208 -0.00036723511784339 0.3890822535146 0.039597979746447 4 5 4 4 1
49.014240307397 8.416980332824 116.43058013916 -0.006339 0.014062 2.1608483267949 0.0031211120081583 0.013207075276855 -0.0047568633119382 0.012709829635626 0.0046365153934258 -0.14290564953304 -0.071661351786404 9.8069147810821 -0.0052069873450961 -0.0096072769219026 9.8082118801022 -0.00010469273629061 0.00025519210961423 -7.6256263003596e-05 -0.000105766449999 0.00025469115505839 -7.6392670060645e-05 0.38547892289981 0.039597979746447 4 5 4 4 1
49.014241220892 8.4169783745055 116.39437866211 -0.006463 0.014255 2.1513763267949 0.0036793880551463 0.0024304638628557 0.0017423180730209 0.0040508739532809 -0.00051902638345021 -0.14485587353685 -0.065521052063967 9.797074849967 -0.0053985103837918 -0.0018651202007627 9.7983629244352 0.00069324654739553 0.00039719929354849 0.00088228691685254 0.00070569945914417 0.00040290979787254 0.00086975472540615 0.3890822535146 0.039597979746447 4 5 4 4 1
49.014241209301 8.4169785263644 116.38648223877 -0.006569 0.014179 2.1521693267949 0.0046334736352665 0.0029713587153343 0.0022387989741569 0.0050283868765333 -0.00053907146380475 -0.13453357265918 -0.06508848810274 9.8061447777123 0.0046190283762801 -0.00092035234203413 9.8072823288667 -0.00034355434246225 -0.00024963730656629 0.00071662948393167 -0.00033335451220266 -0.00024496490471644 0.00072305075163263 0.38827052424824 0.039597979746447 4 5 4 4 1
49.014241245071 8.4169778276651 116.40495300293 -0.006647 0.014246 2.1477613267949 0.00029549934838417 -2.5027699309805e-05 0.00026128400806375 0.00014022165409564 -0.00038765333039483 -0.14599632765317 -0.068564052465566 9.8086412629631 -0.0061089743368947 -0.0034072263630902 9.8099647606678 -6.4969888681554e-05 -0.00035978040231385 0.0010356048661664 -5.0169412984394e-05 -0.00035287022904138 0.0010387714855366 0.39047791230747 0.039597979746447 4 5 4 4 1
49.014241181952 8.4169779715579 116.4087600708 -0.006608 0.014186 2.1482303267949 -0.00047740057543316 0.00088209748327872 -0.00088175771390572 0.00047822884064243 0.00028831170945671 -0.14470534775574 -0.06594167881682 9.8174425438244 -0.0050836244251927 -0.0010438214735166 9.8187293591042 8.8839416355352e-05 -0.00070878441081247 -0.00052209208969757 8.1488908118251e-05 -0.00071225354488922 -0.00051857555361 0.39047791230747 0.039597979746447 4 5 4 4 1
49.014241151928 8.416978820148 116.38128662109 -0.006537 0.014192 2.1543303267949 0.0053474398038856 0.0051798406542272 0.0016062828379937 0.0072693671318494 -0.00053197323345197 -0.14324835693696 -0.067254610713486 9.8096521939438 -0.004164576279919 -0.0029736350299221 9.8109274641247 0.00039017943813861 0.00014973808023433 0.00034856760519703 0.00039507176522599 0.00015201288246821 0.00034203234508071 0.38827052424824 0.039597979746447 4 5 4 4 1
49.014241188211 8.4169786140924 116.38500213623 -0.006587 0.014197 2.1526423267949 0.0049448940617026 0.0037035454155092 0.0020935362276063 0.0058123900258995 -0.00059528223446857 -0.14340017411847 -0.062367653920877 9.8072848090049 -0.0041388734952088 0.001920522810498 9.8085301575439 -0.00043618925411522 -5.9113928356617e-05 -0.0005070064229615 -0.00044334501688714 -6.247350289225e-05 -0.00050034743981013 0.38827052424824 0.039597979746447 4 5 4 4 1
49.014240604713 8.4169798330391 116.40972137451 -0.006365 0.014076 2.1578593267949 0.0017137377184152 0.012805022013993 -0.0056661108335472 0.011610377995007 0.0028005552691325 -0.13884160438581 -0.06101737782861 9.8050349486942 -0.0010740863681934 0.0016311502320442 9.8062075022066 0.00046386510332108 0.00038053947724143 0.00027565267279459 0.00046763612644797 0.00038230137721719 0.00026667248157884 0.38687465670421 0.039597979746447 4 5 4 4 1
49.014241222549 8.4169784415037 116.39051055908 -0.006543 0.014259 2.1518533267949 0.0043268561827941 0.0026178931211927 0.0021791832539994 0.0045635726362898 1.2286040539617e-05 -0.14168381234468 -0.063059985530403 9.8102028514283 -0.0021519648247434 0.0010083225050917 9.8114282739984 -0.00015030811339081 0.00066715287399673 0.0012835861988168 -0.00013212435780027 0.00067547239665891 0.0012811921300433 0.3890822535146 0.039597979746447 4 5 4 4 1
49.014240704044 8.4169796678108 116.40335845947 -0.006422 0.01411 2.1572283267949 0.0021160871652761 0.01180339535828 -0.0047706001818477 0.011001732859349 0.0022366856501002 -0.13882735237234 -0.064967669953246 9.8092796519908 -0.00094695754894446 -0.0019757348645051 9.8104766994192 6.6767355726475e-05 0.00077815040541027 0.00086902938066465 7.895942038935e-05 0.00078371083425447 0.00086297632982938 0.38687465670421 0.039597979746447 4 5 4 4 1
49.014240938134 8.4169792578446 116.38987731934 -0.00654 0.014117 2.1559963267949 0.0035115814351278 0.0088215209288984 -0.0019450272866314 0.0092933790792322 0.00079250838994802 -0.14230096770849 -0.063936071636318 9.8085971146973 -0.0040099683576653 0.00012705047832498 9.8098366404568 -0.00012391639032901 0.00015230155695388 0.0012857654917843 -0.00010577678885212 0.00016070154575382 0.0012863567980707 0.38827052424824 0.039597979746447 4 5 4 4 1
49.014241270287 8.416977727941 116.40364074707 -0.006669 0.014266 2.1473043267949 0.00033620313004006 -0.00028855580934468 0.00043913943290779 -5.8588543058851e-05 -0.00045568027658277 -0.1406093847639 -0.062429275350988 9.8100708545434 -0.00063024912831872 0.0026555485114424 9.8112766242546 -0.00057510400688238 -0.00013311521314107 0.00076621652339888 -0.00056407520304494 -0.00012800584843358 0.00077525241520993 0.39047791230747 0.039597979746447 4 5 4 4 1
