49.014227993155 8.4169938692202 116.24207305908 -0.006941 0.014729 1.9034363267949 0.0083604277375498 0.013815905099958 0.0033913968745758 0.015788428454027 -0.031077463690421 -0.14283572923667 -0.071881902738641 9.8070858704111 0.0017119279982477 -0.0038589063734567 9.8083886205974 -7.068770805509e-05 -0.0002506281393194 0.00097329174631963 -5.6294334382266e-05 -0.00024385850042306 0.00097594640729565 0.4040606390135 0.038897300677553 4 4 4 4 0
49.014229035376 8.4169951087697 115.96776580811 -0.006947 0.014651 1.9018853267949 0.0071175265615622 0.020238238845797 0.00014980020436302 0.021452857709959 -0.039425099574724 -0.14234201134824 -0.067288183508724 9.8074348205294 0.0013454128653606 0.0006443854672908 9.8086981597379 -0.00013043198786246 0.00013994242277313 -0.0011541446103386 -0.00014735999778203 0.00013189906935231 -0.0011530384108592 0.406695217577 0.038897300677553 4 4 4 4 0
49.01422793547 8.4169938298772 116.25226593018 -0.006931 0.014729 1.9033613267949 0.0078410366006265 0.013684628361804 0.0029430647059851 0.01549480403971 -0.030734848982925 -0.14111473821313 -0.065027929712121 9.8061689640452 0.0033983079925067 0.0029302692363784 9.8073989710953 -3.8583891722459e-06 -0.00019232548059948 -0.00032628533869668 -8.6639303206742e-06 -0.00019454925039173 -0.00032485653617785 0.4040606390135 0.038897300677553 4 4 4 4 0
49.014228206644 8.4169940487072 116.20017242432 -0.006953 0.014722 1.9034603267949 0.0095750225069688 0.01443827679455 0.0043358649576605 0.01677334455682 -0.032213146375239 -0.14387810566803 -0.065825299058218 9.8072743052549 0.00062376056240311 0.0024367558697087 9.8085502643786 0.00013623371467582 -0.00018550562723954 0.00058129197490524 0.00014474990246222 -0.00018144382614647 0.00058049762857929 0.4040606390135 0.038897300677553 4 4 4 4 0
49.014229152523 8.4169950955437 115.94088745117 -0.007009 0.014606 1.9022603267949 0.0054027355488122 0.018340713115956 -0.0008581115834645 0.019100642363278 -0.039589883331502 -0.14775536550804 -0.072318996674223 9.8046337761505 -0.0041314849549956 -0.0038503905942321 9.8060121741088 -0.00026997438859004 -0.00077234947000118 0.00038705481624394 -0.00026420834470442 -0.00076963102150218 0.00039635781499634 0.406695217577 0.038897300677553 4 4 4 4 0
49.014228475729 8.4169943851143 116.1356048584 -0.006925 0.014685 1.9030943267949 0.0091872045634034 0.016336813603671 0.0033546338820919 0.018440253794178 -0.034040643941061 -0.14387999256015 -0.072530241106316 9.8047440406831 0.00019686315321799 -0.0046606292223751 9.8060670637311 1.0499841410363e-05 -0.00012444626359527 -0.00020480064306351 7.5564371216628e-06 -0.00012587483710847 -0.00020407820995647 0.4040606390135 0.038897300677553 4 4 4 4 0
49.014228847306 8.4169947126707 116.05586242676 -0.006952 0.01472 1.9030413267949 0.010347244461387 0.017396109900426 0.0041064471635938 0.019819877498023 -0.03653017666736 -0.14404299560451 -0.067029548533444 9.8085572483 0.00031390578557704 0.0011126062178671 9.809843620498 -6.1924628481321e-05 0.00012575913075632 0.00052902428549094 -5.4192720325971e-05 0.00012941350319657 0.00052896703892232 0.40546393181145 0.038897300677553 4 4 4 4 0
49.01422866084 8.4169945232012 116.09517669678 -0.006967 0.014699 1.9031353267949 0.0099736126435207 0.01666635977831 0.0039891781069099 0.019008598312237 -0.035478089847038 -0.14673929652496 -0.069914877981522 9.8036580383054 -0.0025305118298013 -0.0018413076996504 9.8050051775484 -0.00033656661744197 -0.00017914203086196 -0.00075002413074218 -0.0003475471761686 -0.00018436083091639 -0.000743689996661 0.40546393181145 0.038897300677553 4 4 4 4 0
49.014228889618 8.416994825024 116.03737640381 -0.006932 0.014688 1.9029093267949 0.010066275666356 0.018150945238668 0.003597153800046 0.020441333756883 -0.037036640824043 -0.14661625351021 -0.073268182603941 9.80988954222 -0.0022988966780672 -0.0050988964663351 9.8112568831192 0.00022091381944798 -0.00029951429912531 0.0011524786751511 0.0002378271834935 -0.00029154712558859 0.001151170195952 0.40546393181145 0.038897300677553 4 4 4 4 0
49.014228405743 8.4169943211457 116.15004730225 -0.006952 0.014692 1.9031663267949 0.0093117001545889 0.016038022087893 0.0035688305060307 0.01819863428242 -0.033789520755146 -0.14135192498117 -0.065760958504164 9.8064258748024 0.0028852334553039 0.0022210104397574 9.8076645039462 -0.00032198751926542 -0.00019233434431282 0.00076377438682821 -0.00031067962178547 -0.0001869892568714 0.00076970523406356 0.4040606390135 0.038897300677553 4 4 4 4 0
49.014228943131 8.4169949245673 116.01781463623 -0.0069 0.014664 1.9026173267949 0.0098965558516922 0.019108663432551 0.0031287482885898 0.02129074615389 -0.037902062813457 -0.14380758749396 -0.068947145662642 9.8039346560107 0.00031296777770942 -0.0010350024755307 9.8052317487302 0.00041784795013879 -0.00050790985910128 -0.00031314037953674 0.00041323894337147 -0.00051009115045789 -0.00031570171876013 0.40546393181145 0.038897300677553 4 4 4 4 0
49.014227857074 8.4169937726101 116.26652526855 -0.006916 0.014708 1.9034813267949 0.0073189893286584 0.013466936142453 0.0025199754730351 0.015118706590269 -0.030300299818786 -0.14609169434005 -0.073017316023603 9.8061541019695 -0.0019373381541128 -0.0050468192257936 9.8075125915153 0.00030500509658142 4.9936702850447e-05 0.00096769983689182 0.00031923075470429 5.6611915938354e-05 0.00096274727988947 0.40344764220404 0.039597979746447 4 4 4 4 0
49.014229020383 8.4169950931075 115.97772979736 -0.006924 0.014709 1.9020463267949 0.008067184415305 0.020286871305866 0.0010283506347331 0.021807830478996 -0.039374144697305 -0.14661655832561 -0.072167568788548 9.8055571152624 -0.0027001980282524 -0.0041928830172727 9.8069174808807 0.00025512833329396 0.00071621861669684 -6.2917274040177e-05 0.00025408162958432 0.00071576908907748 -7.1619156412468e-05 0.406695217577 0.038897300677553 4 4 4 4 0
49.014228528248 8.4169944303652 116.12363433838 -0.006935 0.01468 1.9031013267949 0.0095147107765822 0.016612283660369 0.0035744963129907 0.018807465277862 -0.034450024729024 -0.14119988301205 -0.06945738427135 9.8064541329095 0.0029848647490108 -0.0014285987268434 9.8077159668932 9.6516924176577e-05 -0.00039754128500609 -0.00041610924690325 9.0448904648933e-05 -0.00040041077821343 -0.00041473954520201 0.40546393181145 0.038897300677553 4 4 4 4 0
49.014228354959 8.4169942525956 116.16193389893 -0.006927 0.014715 1.9032273267949 0.0097056379951886 0.015658704053817 0.0040622354690018 0.017969222614871 -0.033516710913345 -0.14440966779477 -0.066967211152453 9.8060058475527 -4.5008559733538e-05 0.00097996043934348 9.8072976109359 6.4906304318583e-05 2.4628620307056e-05 -0.0005889035248009 5.6209782850661e-05 2.0516896747378e-05 -0.00058993902166986 0.4040606390135 0.038897300677553 4 4 4 4 0
49.014228148214 8.4169939816334 116.21327209473 -0.006972 0.014709 1.9033763267949 0.0093533166752981 0.014220842802279 0.0041977269015442 0.016495331522129 -0.031801413398009 -0.15132610418082 -0.068896612420469 9.8094088200523 -0.006726324934005 -0.00060752399476431 9.8108156032267 -0.00014915667934042 -0.00054732671081694 -0.00021479962874128 -0.00015225161675803 -0.00054878711086381 -0.00020876649132173 0.4040606390135 0.038897300677553 4 4 4 4 0
49.014229018612 8.4169950577254 115.98639678955 -0.006943 0.014707 1.9023053267949 0.0088036233827323 0.020079445836088 0.001788190970715 0.021851592271961 -0.039073192169358 -0.14167903532946 -0.068459999492645 9.802673735888 0.0021531687706239 -0.00057934866641225 9.8039360550458 -0.00024907397995889 0.00071022305926686 0.00050271079903597 -0.00024171592663653 0.00071372816955443 0.00050141941261969 0.40546393181145 0.038897300677553 4 4 4 4 0
49.014228266394 8.4169941178999 116.18646240234 -0.006942 0.014718 1.9034543267949 0.0096773485591574 0.014843852058614 0.0042993936624846 0.017190294420963 -0.032772566545184 -0.14383177122927 -0.07192121683585 9.8062430846134 0.0005949674812031 -0.0036856509706481 9.8075606900705 0.00031194060246112 -0.00012229425226445 -1.9644236219903e-06 0.00031189440947259 -0.00012231024073493 -5.7062386492489e-06 0.4040606390135 0.038897300677553 4 4 4 4 0
49.014229072152 8.416995122903 115.95700836182 -0.006937 0.014649 1.9020463267949 0.0062304456245004 0.01973438291794 -0.0005247088033571 0.020687902543098 -0.039692282512827 -0.14537674029476 -0.068572006440209 9.8059184763913 -0.0016145724960675 -0.00051697666005939 9.8072355756954 0.00022075943762634 -0.00013752745682497 0.0012646616094014 0.00023927565531372 -0.00012877929708617 0.0012622076666586 0.406695217577 0.038897300677553 4 4 4 4 0
49.014229313233 8.4169951484554 115.90879821777 -0.007008 0.014633 1.9026763267949 0.0056376789804934 0.016932520006808 -0.00018624559279833 0.01784542714744 -0.040173041672908 -0.14278719113841 -0.069008217403255 9.8070336714268 0.0009799451981766 -0.00024363699775337 9.8083153928049 0.00010288244576138 -0.00048782305280024 0.00056197702857617 0.0001111816949172 -0.00048386527207882 0.00056382190749058 0.406695217577 0.038897300677553 4 4 4 4 0
49.0142283034 8.4169941690881 116.17589569092 -0.006894 0.014697 1.9033903267949 0.0098836382013135 0.015209282041568 0.0043755325770195 0.017602931839074 -0.033084016865644 -0.13930560394571 -0.071007861729943 9.8080968115961 0.0050944857212724 -0.0030292883289046 9.8093412072852 0.00068730549070893 -0.0003887973992057 -0.00031568124701287 0.00068263675419745 -0.00039098270596 -0.00032310678430152 0.4040606390135 0.038897300677553 4 4 4 4 0
49.014229461869 8.4169952383849 115.87297058105 -0.006994 0.014666 1.9029183267949 0.0053505884395045 0.016547233594085 -0.00033473125939132 0.017387568881695 -0.041038056641269 -0.1445431612915 -0.071583245683501 9.8091796485135 -0.00065513795291813 -0.0029310694245721 9.8105051614293 0.00015036349546533 -6.5981879045926e-05 0.0010902025196829 0.00016633915352701 -5.8373190051371e-05 0.0010883113473399 0.40809925263347 0.038897300677553 4 4 4 4 0
49.014228809145 8.4169946515049 116.06686401367 -0.006935 0.014666 1.9031633267949 0.010427612824975 0.017137311541787 0.0042652433176836 0.019601791093628 -0.036116641679904 -0.14385816616209 -0.066523682822849 9.8065591313097 0.00033509423681689 0.0015534054380537 9.8078397971084 0.00013725682037775 -0.00064980394023938 0.0003760058111095 0.00014282818888662 -0.00064718584065772 0.00037844280144394 0.40546393181145 0.038897300677553 4 4 4 4 0
49.014228055756 8.4169939091938 116.23094940186 -0.006894 0.014766 1.9033383267949 0.0090205185095261 0.013865439341308 0.0039985462947203 0.016050908093217 -0.031420594064744 -0.13984523004449 -0.067403868994019 9.8090126962196 0.0048446310940158 0.00063646084118901 9.8102401254887 0.00080677218730677 0.00024602300718927 -0.0012741761957303 0.00078784778028423 0.00023723295800507 -0.001287626676055 0.4040606390135 0.038897300677553 4 4 4 4 0
49.014229418035 8.4169952204329 115.88321685791 -0.006994 0.014681 1.9027033267949 0.0055676937075456 0.0168278592403 -0.00021852585748553 0.017723667627699 -0.040900810134883 -0.14295321352622 -0.066787533005233 9.8040831761968 0.00090137767135363 0.0018643954176738 9.8053523420272 0.00021183487876661 0.00013492766618887 0.00054387639572701 0.00021979255651989 0.00013869968451647 0.00053974638953634 0.40809925263347 0.038897300677553 4 4 4 4 0
49.014229244919 8.4169951051199 115.92383575439 -0.007016 0.014611 1.9025513267949 0.0053650723975958 0.016983386045713 -0.00045870293196416 0.017804752426717 -0.039767920860404 -0.14899831192093 -0.066463240442053 9.809379041809 -0.0053362749553983 0.0023587695489678 9.8107339625641 8.5865738962872e-05 -0.00064050591852885 -3.9749978177274e-05 8.533925554466e-05 -0.00064077539527563 -3.6498408116325e-05 0.406695217577 0.038897300677553 4 4 4 4 0
49.014229112994 8.4169950953726 115.94946289062 -0.006959 0.014649 1.9021383267949 0.005763878820349 0.018860138011931 -0.00068364900144447 0.019709375506725 -0.039508453283102 -0.14022045873998 -0.070288619067279 9.8093856083541 0.0035072409571423 -0.0019323614701902 9.8106390155349 0.00044937664528922 -1.6812482304094e-05 7.2231232096774e-05 0.0004503993638029 -1.6342436022611e-05 6.5785642236631e-05 0.406695217577 0.038897300677553 4 4 4 4 0
49.014229209289 8.4169950813252 115.93109893799 -0.007024 0.014632 1.9025943267949 0.0054761559700217 0.017589913972611 -0.00054896358597415 0.018414464091116 -0.039660572064998 -0.14769384576811 -0.065226979689944 9.8084692268497 -0.0040992809478685 0.0035827330119305 9.8097963985192 2.417668268983e-05 -0.00022321970292528 0.0010090592644186 3.8930550978092e-05 -0.00021612921224832 0.0010101434292575 0.406695217577 0.038897300677553 4 4 4 4 0
49.014228579208 8.416994471031 116.11183929443 -0.006928 0.014694 1.9032153267949 0.0097425116194275 0.016736922453429 0.0037483162573961 0.018999768203195 -0.034791839809988 -0.1435497507414 -0.070627400904137 9.8080787618535 0.00061371400122608 -0.0026879896418451 9.8093831577457 2.0619408241056e-05 -0.00010020176769413 0.00051533185782936 2.8191328703578e-05 -9.6609681246794e-05 0.00051564215986734 0.40546393181145 0.038897300677553 4 4 4 4 0
49.014229375905 8.4169951948264 115.89312744141 -0.006986 0.014647 1.9025723267949 0.0057333273228432 0.017136629953816 -0.00016178006103487 0.018069559415124 -0.040500853305216 -0.14369869515255 -0.071546164562723 9.8086783955424 7.5519979480904e-05 -0.0028329920522099 9.8099914419981 0.0004152320221027 -0.00017162945967225 -0.00063224459527347 0.00040595274846049 -0.0001760503680238 -0.00063705044574627 0.406695217577 0.038897300677553 4 4 4 4 0
49.014228732709 8.416994580613 116.08215332031 -0.006941 0.014717 1.9031583267949 0.010184655428443 0.016927090418332 0.0041037946672657 0.019323884185664 -0.035753696026703 -0.14206530998217 -0.068088317443923 9.8130022170132 0.0022947688489946 3.5379586984484e-05 9.8142667392945 7.0500590707997e-05 0.00011272608691371 -0.00011846950525678 6.8667315138058e-05 0.00011183698032561 -0.00012030369920214 0.40546393181145 0.038897300677553 4 4 4 4 0
49.014228979853 8.4169950044829 116.00292205811 -0.00693 0.014663 1.9024453267949 0.0094467936806842 0.019870628569217 0.0024600603855596 0.021863998780478 -0.038462123371999 -0.14711373182317 -0.070181961850646 9.8109069246789 -0.0029995301973632 -0.0022458546612573 9.8122600022025 -0.00010133481055061 -0.00033340067377253 0.00061815357864022 -9.2211422790466e-05 -0.0003291269400344 0.00062190283371149 0.40546393181145 0.038897300677553 4 4 4 4 0
