49.014231415868 8.4170137008603 113.70036315918 -0.006382 0.013378 1.8410873267949 -0.019960584360883 0.004819940829775 -0.020523131096912 -0.00068080333305308 -0.013856659956344 -0.13522107591328 -0.064410325284114 9.8102142239191 -0.0037350615730686 -0.0015618782157273 9.8113570020797 0.00043500585925346 -0.00044585827713321 -0.00062639381969491 0.00042662754105551 -0.00044981857423965 -0.00062928957718192 0.41838977042944 0.04101219330882 4 4 4 4 0
49.014231084229 8.4170142067613 113.61053466797 -0.006376 0.013511 1.8445893267949 -0.01761717582418 0.013518012386939 -0.02061809303177 0.0082460699315602 -0.014581297408833 -0.13668820257828 -0.06873277921558 9.8076748784983 -0.0037352228615713 -0.0065360970928209 9.8088651957532 -0.00050438011150787 -0.00083375967082532 0.00046521698098381 -0.00049793050493742 -0.00083079828480807 0.00047725968605528 0.41823438404799 0.04101219330882 4 4 4 4 0
49.01423144753 8.4170136621453 113.70300292969 -0.00643 0.013392 1.8407063267949 -0.019776209951615 0.0041140659321573 -0.020157863765798 -0.0013007426479304 -0.014015380228418 -0.14200274579137 -0.064468953178802 9.8073693041958 -0.010534107457008 -0.0014579433894513 9.8086034176064 -0.00013065305687456 -0.0002506440752147 0.00046195724246422 -0.00012441485415724 -0.00024764099240709 0.00046528394253275 0.41838977042944 0.04101219330882 4 4 4 4 0
49.014231352732 8.4170138492169 113.68843078613 -0.006375 0.013414 1.8435083267949 -0.020162555359852 0.0073556829445578 -0.021397989168823 0.0016644178323822 -0.014038078627778 -0.14094560970809 -0.063634020184668 9.8060672834643 -0.009588226285195 -0.0011928573282728 9.80728205398 -0.00017677732291257 0.00023640559586153 0.00050325141701886 -0.00017003951194152 0.00023960467201794 0.00050404704225887 0.41760866849241 0.04101219330882 4 4 4 4 0
49.014231055844 8.417014213476 113.59252166748 -0.006321 0.013607 1.8447833267949 -0.016552935961943 0.013555666459883 -0.019604433428581 0.0085686805372612 -0.015061070523573 -0.13882830403164 -0.060952527230262 9.8049905220703 -0.005475197412925 0.0010381675006507 9.8061614205916 0.00011529260323178 7.368943507477e-05 0.00056974518203514 0.00012298604020747 7.7250172846368e-05 0.00056765746306958 0.41823438404799 0.04101219330882 4 4 4 4 0
49.014231274935 8.4170140433472 113.66210174561 -0.006265 0.013466 1.8456913267949 -0.019161681207154 0.011009527340338 -0.02143022094868 0.0053970234616711 -0.014344978689437 -0.13494835180289 -0.062332086674001 9.8094563122804 -0.0030857262413547 -0.000504036358689 9.8105821246898 0.00070473588195525 0.00032969403886442 -0.00073157719503641 0.0006947849491982 0.00032510469976772 -0.00074307094299427 0.41760866849241 0.04101219330882 4 4 4 4 0
49.01423101798 8.4170141891307 113.53620910645 -0.006303 0.013707 1.8459483267949 -0.013573729588727 0.013386374197292 -0.016698308513178 0.0091983582768494 -0.017096932125154 -0.13870497410502 -0.063066145757537 9.8097746175064 -0.0041592065267054 -0.0013165925961852 9.8109569405582 -7.8674206446266e-05 -0.00030010252130441 -0.00013360467952175 -8.0467548873918e-05 -0.00030095821711355 -0.00013062167667439 0.41886155230577 0.04101219330882 4 4 4 4 0
49.014231054294 8.4170141603829 113.47314453125 -0.006304 0.013865 1.8484983267949 -0.0065738593403341 0.013770162592716 -0.010099243644826 0.011438439396575 -0.019224408767981 -0.13515674565376 -0.065908072476013 9.8099856921655 0.00062327489850678 -0.0043953235160468 9.8111369787311 -0.00049499061967757 0.00041881426208805 -0.0001339565684969 -0.00049681666220447 0.00041795752175736 -0.00012972088104973 0.41886155230577 0.04101219330882 4 4 4 4 0
49.014231050579 8.4170141753438 113.52703094482 -0.006338 0.013766 1.8468863267949 -0.012249667667659 0.01332631274268 -0.015414434952071 0.0094893411114502 -0.017436232772782 -0.13270951579656 -0.064900598801107 9.8056223675489 0.0020690172985042 -0.0031799910995656 9.8067341122538 -0.0007171149701938 0.00015078877137441 -5.0802176778525e-05 -0.00071778953550173 0.00015043895027877 -4.1916237218472e-05 0.41886155230577 0.04101219330882 4 4 4 4 0
49.014231218412 8.4170141754664 113.62915802002 -0.006322 0.013515 1.8466973267949 -0.017258011720164 0.013013336124698 -0.020150972707565 0.0078181643904638 -0.01494949103766 -0.13743692320314 -0.066379843592591 9.8115445181687 -0.0048690210250381 -0.0044230365544717 9.8127293969995 -3.9836123106968e-05 -1.1759606430716e-05 0.00042426202770474 -3.4149617859222e-05 -9.0642642914295e-06 0.00042483617936843 0.41823438404799 0.04101219330882 4 4 4 4 0
49.014231237762 8.4170141450453 113.64290618896 -0.0063 0.0135 1.8468203267949 -0.018469574931155 0.012619047286766 -0.021208793545209 0.0071103325916918 -0.014786655227917 -0.13531976040678 -0.065551422502462 9.8115100639975 -0.0029504577660523 -0.0035931243426974 9.8126611360087 0.00029760898463247 9.5273735133472e-05 -0.00029209048540491 0.00029363860174522 9.3435747993865e-05 -0.00029667201459898 0.41823438404799 0.04101219330882 4 4 4 4 0
49.014231203868 8.4170141925833 113.62507629395 -0.00634 0.013553 1.8465903267949 -0.01715534958373 0.013217396484783 -0.020106917374994 0.0080446874411327 -0.0149229185417 -0.13261346622935 -0.063679123938791 9.8080383535949 7.9101042155521e-05 -0.0016854077454723 9.809141459248 -0.00025502851572668 0.00036584017962932 -0.00069670863001085 -0.0002644741062316 0.00036140701672553 -0.00069547881932575 0.41823438404799 0.04101219330882 4 4 4 4 0
49.014231063035 8.4170141702713 113.47607421875 -0.006252 0.013825 1.8488643267949 -0.0068381388780922 0.013801960434316 -0.010364771270741 0.011394136032499 -0.019236765564221 -0.1334706552307 -0.060347915027602 9.8046371602644 0.0021231108529317 0.0011315913050525 9.8057312553514 0.00040350837341578 -0.00012113918587487 7.6541998409842e-05 0.00040457119673921 -0.00012067066603684 7.1747887651577e-05 0.41886155230577 0.04101219330882 4 4 4 4 0
49.014231283485 8.417014017174 113.66650390625 -0.0063 0.013432 1.8454833267949 -0.019530034345284 0.010488482821561 -0.021642227788135 0.004800719325982 -0.014386107081523 -0.13401477403223 -0.070151366725104 9.8109476591923 -0.0023969610366186 -0.008216750452669 9.8121097061616 0.00026338191005095 0.00020960455194436 0.00011479573281874 0.00026490652389917 0.00021033924657781 0.00010992921850437 0.41760866849241 0.04101219330882 4 4 4 4 0
49.014231188757 8.4170142088043 113.62128448486 -0.006344 0.013558 1.8465403267949 -0.016966891235986 0.013274170905283 -0.019940461010316 0.0081521074270113 -0.014924564321632 -0.13484018722116 -0.061918365585552 9.8088317330221 -0.0019656533987295 0.00020444683156231 9.8099541184326 -0.00012630953409277 0.0001728954631522 0.00010418065195458 -0.00012491157092375 0.00017356644496036 0.00010481378954937 0.41823438404799 0.04101219330882 4 4 4 4 0
49.014231065642 8.4170141598007 113.51482391357 -0.006286 0.013772 1.8476943267949 -0.010277790386388 0.013173262611353 -0.013485350224267 0.0098649376194201 -0.017897123639357 -0.13229335106557 -0.064969472597358 9.8097763583483 0.0028740870529801 -0.0032891328288829 9.8108825123378 6.9999756457292e-05 -0.00023613214199657 0.0012114178077067 8.6709584239635e-05 -0.00022851758556609 0.0012117895745918 0.41886155230577 0.04101219330882 4 4 4 4 0
49.014231475892 8.4170136187087 113.7074432373 -0.006414 0.013403 1.8400983267949 -0.0196439878099 0.003368191718924 -0.019833138161958 -0.0019709176933365 -0.01385683182061 -0.13715171018603 -0.064447231923397 9.8082533753832 -0.0057910705362013 -0.0013894282453506 9.8094223438407 0.00020940426769941 0.0001754705274503 0.00082739750060048 0.00022045395614526 0.0001807809780228 0.00082336882806499 0.41838977042944 0.04101219330882 4 4 4 4 0
49.014231102366 8.4170142149472 113.61444091797 -0.006326 0.013579 1.8449903267949 -0.017405987613972 0.013580464944483 -0.020437398225028 0.0083495248906155 -0.014605660937312 -0.13415943879316 -0.063676854884847 9.8086677032851 -0.0011570464592896 -0.0015402483519395 9.8097912626827 0.00030648511833275 0.0003647678302464 0.00069232040740646 0.00031583253144962 0.00036912397576669 0.00068579143654331 0.41823438404799 0.04101219330882 4 4 4 4 0
49.014231262096 8.4170140728689 113.65558624268 -0.006286 0.013424 1.8459633267949 -0.018942063662375 0.011429987175241 -0.021334335951953 0.0058561544415159 -0.014474666304469 -0.13498925401412 -0.064007412182051 9.8101207658954 -0.0029927399113121 -0.0022160528609339 9.8112576236787 0.00025762087924611 -0.00063764206036894 -0.0004741474289231 0.00025127053303036 -0.000640573833927 -0.00047350147947306 0.41760866849241 0.04101219330882 4 4 4 4 0
49.014231067171 8.4170141672638 113.50387573242 -0.00628 0.013809 1.8481283267949 -0.009053869819392 0.013373340433251 -0.012368158448213 0.010385038170599 -0.018241287685284 -0.13433094925956 -0.061503566896535 9.8063921353559 0.00096596583009665 -3.3136562710689e-05 9.8075050689286 -0.00016951168340551 0.00016419585382824 0.00017310808311026 -0.00016712740014641 0.00016531328855118 0.00017443046908701 0.41886155230577 0.04101219330882 4 4 4 4 0
49.014231296403 8.4170139953088 113.66876220703 -0.00635 0.013447 1.8453633267949 -0.019567031190623 0.0099050333940884 -0.021518788716495 0.004233978104123 -0.014461658415974 -0.12981642991045 -0.059274415546608 9.8066353950784 0.001783470673569 0.0028580205840328 9.807672961772 -0.00025474357874123 0.00044466111737444 -0.00015222181046908 -0.00025683328011748 0.00044365326407492 -0.00015161250180178 0.41760866849241 0.04101219330882 4 4 4 4 0
49.014231354967 8.4170138023915 113.69247436523 -0.006376 0.013345 1.8425043267949 -0.020221042358099 0.0066542501725871 -0.021264872210901 0.00099110750314539 -0.013872853588308 -0.13336088694914 -0.062984740547208 9.8103327198839 -0.0019823125517575 -0.00035517881762748 9.8114414432628 0.00010659043254795 -0.00083402273535173 0.0007913244629784 0.00011717695481481 -0.00082895894844174 0.00079513859595265 0.41760866849241 0.04101219330882 4 4 4 4 0
49.01423105967 8.4170141678779 113.52056884766 -0.006281 0.013791 1.8474303267949 -0.011231471703806 0.013328127144906 -0.014441177469114 0.0097592831239188 -0.017625672784424 -0.14002737013228 -0.066272265614167 9.8073144380058 -0.0049762485844038 -0.0046650514712792 9.8085354226368 5.3213722930392e-05 0.00019171490460426 0.001147836515337 6.9007612096755e-05 0.00019892629431721 0.0011457633440764 0.41886155230577 0.04101219330882 4 4 4 4 0
49.014231141306 8.4170142330406 113.61611175537 -0.006323 0.013583 1.8460403267949 -0.017048966481424 0.013742188330527 -0.02014354013136 0.0085879595540446 -0.014798913803871 -0.14298814399328 -0.064710800064835 9.8082454887041 -0.01000583191974 -0.0025315510247746 9.8094958871073 0.0003702051181057 0.00042839238088633 0.00076103609447258 0.00038047788932928 0.00043315974868966 0.00075323263661929 0.41823438404799 0.04101219330882 4 4 4 4 0
49.014231066506 8.4170141773967 113.4810333252 -0.006267 0.013795 1.8489303267949 -0.0074142245480086 0.013812334279666 -0.010920116577474 0.011247379486504 -0.018902919014756 -0.13478362186411 -0.064470039844278 9.8126038124391 0.00088303478633103 -0.0029527190158334 9.8137412255102 8.7859401275323e-05 -0.000605925204005 -0.00043713738347488 8.1885422168157e-05 -0.00060865904235522 -0.00043450081012751 0.41886155230577 0.04101219330882 4 4 4 4 0
49.014231330735 8.4170138972828 113.68148803711 -0.00634 0.013439 1.8440823267949 -0.019935766855639 0.0082920803916708 -0.021433287179717 0.0026110480421135 -0.014116764379062 -0.13087250338213 -0.064532501984814 9.8087111036256 0.00053907601111788 -0.0022053140014152 9.80979604809 0.00023899545023013 0.00067775156551662 -9.1527274206222e-05 0.00023767715567316 0.00067718516072404 -9.9051123181352e-05 0.41760866849241 0.04101219330882 4 4 4 4 0
49.014231084446 8.4170142076182 113.60353088379 -0.006299 0.013582 1.8448253267949 -0.017218329382294 0.01335533066643 -0.020188869205115 0.0082003850332403 -0.014664320753875 -0.13199609534548 -0.064049444825219 9.8074741019193 0.0010686539406066 -0.0019181801335914 9.8085713362382 0.00068776451895491 0.00013297285050851 0.00048403412623359 0.00069426515698861 0.00013604310013454 0.00047379323031391 0.41823438404799 0.04101219330882 4 4 4 4 0
49.014231018274 8.4170141989185 113.57078552246 -0.006274 0.013624 1.8445083267949 -0.016009822719314 0.013517770665506 -0.019068273356538 0.0086859194049149 -0.015780159375759 -0.13428299853918 -0.065621444217632 9.8113712432123 -0.00036578454966276 -0.0036693498687633 9.8125091955667 0.00080515977365106 -0.00049583637970824 -0.00045817221379607 0.00079888407042081 -0.00049872446165145 -0.00046598527157499 0.41823438404799 0.04101219330882 4 4 4 4 0
49.014231315849 8.4170139566862 113.6734085083 -0.006336 0.013426 1.8449433267949 -0.019639960114442 0.0092659151338907 -0.021413896502882 0.0036114157939715 -0.014254451738196 -0.13654931120069 -0.068367631134863 9.8050842947852 -0.0050561369207122 -0.0061942228196638 9.8062702857594 5.3321249608999e-05 0.00020264168124893 -0.000442820331004 4.73465275688e-05 0.00019983789283162 -0.00044476753315394 0.41760866849241 0.04101219330882 4 4 4 4 0
49.014230994175 8.417014205641 113.55101776123 -0.0063 0.013718 1.8451383267949 -0.014994068788926 0.013606098018623 -0.018117690159507 0.0090387662135086 -0.016556176206852 -0.14039081183091 -0.067796443502321 9.8084513206504 -0.0061197073258132 -0.006061404013632 9.8096867896444 -7.6277369336765e-05 0.00040706867285835 0.00098155071379093 -6.281711123681e-05 0.00041324302564115 0.00097990291144672 0.41823438404799 0.04101219330882 4 4 4 4 0
49.014231236423 8.4170141591169 113.63410949707 -0.006322 0.013477 1.8468533267949 -0.017587416425645 0.012872751833717 -0.020430719497937 0.0075901814338799 -0.014990466804863 -0.1346760351283 -0.066985116912951 9.805436294869 -0.0023446994749971 -0.0051131212011167 9.8065884618859 -0.00012571391699055 -0.00044503168465571 -0.000204741090404 -0.00012843135623124 -0.00044629208375884 -0.00020019277161187 0.41823438404799 0.04101219330882 4 4 4 4 0
49.014231005537 8.4170141996737 113.5414352417 -0.006285 0.013698 1.8456303267949 -0.014322727985393 0.013595332596395 -0.017472118831224 0.0092033114304488 -0.016825666586437 -0.13425602516501 -0.060348524815901 9.8104825868334 0.00019715916812297 0.0013365066281329 9.8115867561444 8.5457809816598e-05 -0.0002795300274756 0.00067142823241742 9.4659621347811e-05 -0.00027531268697168 0.00067193587959221 0.41823438404799 0.04101219330882 4 4 4 4 0
49.014231380948 8.417013756 113.69612884521 -0.006409 0.013404 1.8418973267949 -0.020071091985345 0.0058805170390671 -0.020912868032582 0.00029907623374079 -0.013943031414599 -0.13983397069958 -0.068586699291198 9.8086295951969 -0.0083416169410481 -0.0057263391831672 9.8098612165825 -3.8534041701159e-05 -4.1394452846312e-05 0.0009263729787698 -2.609402234956e-05 -3.5452420195468e-05 0.00092706691858081 0.41760866849241 0.04101219330882 4 4 4 4 0
49.014230993529 8.4170142060678 113.55728149414 -0.006313 0.013641 1.8447443267949 -0.015519423255169 0.013448591836437 -0.018578148790054 0.0087504314664239 -0.016338807628918 -0.13422737830715 -0.06589578995812 9.8095586351296 -0.0001399681501523 -0.0041432587855984 9.8106974091827 -0.00027503341154046 -0.00055317578959963 -4.4028842236784e-05 -0.00027558387185312 -0.00055341291513191 -3.6829788798849e-05 0.41823438404799 0.04101219330882 4 4 4 4 0
49.01423102879 8.4170142048182 113.58052825928 -0.006369 0.013622 1.8446423267949 -0.016319408947082 0.01339454709213 -0.019333820617229 0.0084817670775466 -0.015475231771283 -0.13348855695553 -0.063681179362013 9.8064841906534 0.00011328655475171 -0.00154880917824 9.8075991401647 -0.00052289762899243 -8.7394312863988e-05 0.00079995721072853 -0.00051193595295841 -8.2330934637758e-05 0.00080757431456947 0.41823438404799 0.04101219330882 4 4 4 4 0
49.014231074159 8.4170141789956 113.49864959717 -0.006282 0.013774 1.8486383267949 -0.0084951215283072 0.013520343328451 -0.011874861629174 0.010675051920676 -0.018360034971977 -0.14106511739933 -0.069213375357468 9.8093873640406 -0.0056752009218598 -0.0076974867208406 9.8106415031684 -0.00018463629091786 -0.0005752047239485 0.00077978995030478 -0.00017384503713492 -0.0005703496268049 0.00078590775373825 0.41886155230577 0.04101219330882 4 4 4 4 0
49.014231068873 8.417014157968 113.50716400146 -0.006278 0.0138 1.8479893267949 -0.0096309731309619 0.013200112838885 -0.012873702528502 0.01006322399815 -0.018114073696322 -0.14288287264326 -0.069249589786528 9.8056318267036 -0.0076556150649574 -0.0077564495035634 9.8069113748059 -9.2607034664223e-05 7.682601923998e-05 0.0012859820423024 -7.483657800609e-05 8.4907862294629e-05 0.0012866474887434 0.41886155230577 0.04101219330882 4 4 4 4 0
49.01423108033 8.4170142181403 113.5979309082 -0.006333 0.013591 1.8450113267949 -0.016801548751208 0.013485293903743 -0.019824665311503 0.0084338192724375 -0.014961176572784 -0.14089787882475 -0.066606124102966 9.8117668066294 -0.0075451233892417 -0.0045002722320406 9.8130007131432 -8.3811961188704e-07 -8.734750840376e-05 -0.00054554208037261 -8.2538179555224e-06 -9.0788992881006e-05 -0.00054490519732666 0.41823438404799 0.04101219330882 4 4 4 4 0
49.014231042431 8.4170142078919 113.5865020752 -0.006333 0.013583 1.8447083267949 -0.016535631837744 0.013500845154591 -0.019571649618532 0.0085235323216141 -0.015260718063426 -0.13773969659087 -0.068295537858482 9.8086698092157 -0.0043838411442443 -0.0062487279658461 9.8098718711848 -5.399609627048e-05 -0.00028582711244388 0.00046066339689421 -4.7719839213004e-05 -0.00028289669010107 0.00046317257627795 0.41823438404799 0.04101219330882 4 4 4 4 0
49.014231249768 8.4170141160595 113.64765167236 -0.006304 0.013535 1.8465933267949 -0.018691295752311 0.011861740953575 -0.021213425517839 0.0063292551749983 -0.014773414177618 -0.14210860139399 -0.064935493788313 9.8075975285949 -0.0098813681024984 -0.0031001125376165 9.808836682032 1.7978796308535e-05 0.00086336659945961 0.00046716491710337 2.4183277936006e-05 0.00086630505981766 0.0004614501132538 0.41760866849241 0.04101219330882 4 4 4 4 0
49.014231009465 8.4170141999739 113.565284729 -0.006301 0.013655 1.8445223267949 -0.01576771143446 0.013358256104676 -0.018791582024094 0.0085988418863216 -0.016108718705348 -0.13524817201106 -0.062795525184044 9.8069713104528 -0.0012919829526642 -0.0010117315974998 9.808105344944 4.3890470947378e-05 -0.00012706527206496 0.00022767860002583 4.7014105555648e-05 -0.00012561749820045 0.00022784476790121 0.41823438404799 0.04101219330882 4 4 4 4 0
49.014231243633 8.4170141507881 113.63833618164 -0.006335 0.013502 1.8470033267949 -0.018014408877237 0.01287907197103 -0.020843157728724 0.0074802458706988 -0.014983659867821 -0.13651525614007 -0.063741897608748 9.8075458917041 -0.0042067798149792 -0.0018516149196104 9.8087020862398 -0.0003641232758477 5.5364294009877e-05 0.00088156803367023 -0.00035221802853026 6.0920607569298e-05 0.00088601800099108 0.41823438404799 0.04101219330882 4 4 4 4 0
49.014231168253 8.4170142283589 113.6178894043 -0.006335 0.01357 1.8463883267949 -0.016908379591167 0.013568130617167 -0.019962746172643 0.008454330431274 -0.014903432123154 -0.13062357968255 -0.065165982869733 9.8086370519255 0.0022497075926398 -0.0030342868630201 9.8097225840884 5.8757971308937e-05 0.00038980528489402 0.00028376927789801 6.2571047721877e-05 0.00039160717331206 0.00028049004709482 0.41823438404799 0.04101219330882 4 4 4 4 0
49.014231068749 8.4170141749736 113.49095153809 -0.006245 0.013853 1.8486633267949 -0.007777252085686 0.013609573188906 -0.011211263576743 0.010955142971495 -0.018570724936868 -0.13776261004822 -0.063879403294706 9.8069655005114 -0.0022282308841466 -0.0024369855620249 9.8081408047816 0.00040073512924202 0.00052892352685894 -3.7160392517821e-06 0.00040055705147595 0.00052887517831496 -1.2580314303881e-05 0.41886155230577 0.04101219330882 4 4 4 4 0
