49.02552717818 8.4485628569594 113.13768005371 -0.012162 0.013223 1.2865033267949 -0.0068839176320639 0.0022075057452243 -0.0059881411978356 0.0040501237667991 0.00052163373755922 -0.13112697716365 -0.12571728036322 9.8152453378904 -0.0010036869643196 -0.0063618316801589 9.8169255900574 1.7704734353515e-05 -0.00057804327336603 0.0011756273082294 3.3376809594216e-05 -0.00056371688751022 0.0011822396706552 0.053413481444295 0.012727922061358 4 13 6 6 6
49.025527225139 8.448562490203 113.10131835938 -0.012455 0.013161 1.2870193267949 -0.0046472883002517 -0.0096708845873099 -0.0071691542079897 -0.0079828923655275 -0.0084105673714489 -0.12891182351062 -0.13034700693049 9.8168925387899 0.00076419568564038 -0.0078738154152573 9.8186014232113 0.00025290036539287 -0.00081737289888183 4.5009344589607e-05 0.00025358908973146 -0.00081670030651633 5.1765558800561e-05 0.056850681614208 0.013453624047074 4 13 6 6 6
49.025527534931 8.4485623546878 113.08551025391 -0.012682 0.01358 1.2877353267949 -0.0022416928427488 -0.010107511889851 -0.0049755350104878 -0.0090791402122773 0.0057313547746195 -0.11343593064206 -0.10084431449723 9.792264338018 0.020120112085651 0.023328397077329 9.7933973696907 -1.2595289352433e-05 -0.00093165072999599 0.00023130197897799 -9.283481240905e-06 -0.0009286557612473 0.00024319082845415 0.054817880294663 0.012727922061358 4 12 5 5 6
49.025527158829 8.4485628105933 113.13545227051 -0.012277 0.013283 1.2865523267949 -0.007616365640148 0.00034930923201975 -0.0072127984290839 0.002471135106681 -0.0010151300997383 -0.13751686613661 -0.11711567539055 9.7979750623318 -0.0076739645529036 0.0026728058854007 9.799636555057 -0.00071899932911902 0.00049296459761819 -0.0003605568892151 -0.00072375349824098 0.00048847426026981 -0.00035690744014237 0.053413481444295 0.012727922061358 4 13 6 6 6
49.025527144463 8.4485626719018 113.12205505371 -0.012359 0.013198 1.2869963267949 -0.0074930121751904 -0.004426712070144 -0.0084328701877536 -0.002151171385277 -0.0045506797171739 -0.13406011524221 -0.12168751561325 9.8084136394831 -0.0043012255771972 -0.00033869393285588 9.8100840065639 0.00036793207770732 -0.00055603499461185 0.00059861295288779 0.00037587754438319 -0.00054859864056063 0.00060054729764273 0.054817880294663 0.012727922061358 4 13 6 6 6
49.025527172914 8.4485625777582 113.11238861084 -0.012443 0.013276 1.2869213267949 -0.0066035314502177 -0.0066250990489236 -0.008194688000527 -0.004510630236701 -0.0070108417824208 -0.13596280045198 -0.1180235097537 9.7923883374218 -0.0064609810667183 0.0038557442458873 9.7940419263941 0.00039354856303241 0.00073509669890757 -0.00058416288792669 0.00038559081604552 0.00072778837159241 -0.00059844681297253 0.054817880294663 0.012727922061358 4 13 6 6 6
49.02552715949 8.4485628424098 113.13625335693 -0.012187 0.013284 1.2864493267949 -0.0077033944920278 0.0011966099145208 -0.0070585041436292 0.0033093665906133 -0.00054994779309999 -0.13407867350373 -0.12184453356314 9.8049134316361 -0.0041277910450692 -0.0023477243011371 9.8065870021858 0.00014868364413942 0.00057655288891567 -0.00087312539692159 0.00013702206775587 0.00056586223744929 -0.00088198393069643 0.053413481444295 0.012727922061358 4 13 6 6 6
49.025527399916 8.4485624025154 113.10242462158 -0.01247 0.013463 1.2869383267949 -0.0010314480749397 -0.0094480962379455 -0.0036357906835822 -0.0087812903936106 0.002333577594612 -0.12325268418355 -0.12551637852215 9.8022874199124 0.0088624371244756 -0.0031399607680102 9.803862352171 0.00012479866808762 -0.00020687153653269 -0.00026645471612493 0.00012125192447888 -0.00021016276600005 -0.00026550089790371 0.054203320931471 0.012727922061358 4 12 5 5 6
49.02552713863 8.4485627244061 113.12818145752 -0.012266 0.013193 1.2867483267949 -0.0078828986938902 -0.002538624191036 -0.0082784621093785 -0.00022753379771967 -0.0031829636410122 -0.12835160234377 -0.12536027257056 9.8131468389511 0.0014090583441647 -0.0047649216250679 9.8147864134761 0.00049567421248352 -0.00049672043959541 0.00026171376981524 0.00049915071702978 -0.00049353272302985 0.00026117621855959 0.052801515129776 0.012727922061358 4 13 6 6 6
49.025527209674 8.4485625318968 113.10344696045 -0.012397 0.013131 1.2870163267949 -0.0054990226314925 -0.0081145533254191 -0.0075510337072884 -0.0062503789322733 -0.007210894878152 -0.13283293359104 -0.11711872253644 9.8074725427195 -0.0034999621022001 0.0044891689881276 9.8090703541291 -0.00020462876696436 -0.00085903208633742 -0.00027932759305423 -0.00020813968717511 -0.00086237854521191 -0.00026594172895177 0.058898217290509 0.012727922061358 4 13 6 6 6
49.025527144242 8.4485626896432 113.12426757812 -0.012369 0.013223 1.2869203267949 -0.0075852501085287 -0.0039834726911197 -0.0083974154230766 -0.0016992642273549 -0.0041460592285655 -0.13413477044601 -0.11810555671093 9.8038575063512 -0.0042638682744095 0.0030939085807723 9.8054855135077 -0.00010801533479078 -0.00043715696641033 0.00040056600672285 -0.00010262941628175 -0.00043215276713348 0.00040734172763294 0.054817880294663 0.012727922061358 4 13 6 6 6
49.025527258365 8.4485627838368 113.1323928833 -0.012136 0.013334 1.2862403267949 -0.0041868371752884 0.0018163769929443 -0.0035087043945013 0.0029185273482156 0.0022977412284342 -0.13288652512028 -0.12123562967137 9.8196045731919 -0.0014509158100011 -0.0020028519730606 9.8212527765472 0.00014206632146292 -0.00084507994766522 -0.0009366398415352 0.00012970894962094 -0.00085639550734853 -0.00092814549015133 0.053413481444295 0.012727922061358 4 13 5 5 6
49.025527152755 8.4485628205176 113.13594055176 -0.012201 0.013213 1.2865843267949 -0.0078190435216466 0.00076701043696193 -0.0072900794276838 0.0029292260382464 -0.00088137437546664 -0.13465970174521 -0.11745232374463 9.8033439866645 -0.004780344580088 0.0021553052084531 9.8049717594528 0.00021116558942818 -0.00056807739093766 0.0007656710774762 0.00022140578778253 -0.000558717979899 0.00076963846174608 0.053413481444295 0.012727922061358 4 13 6 6 6
49.025527172811 8.448562547505 113.10640716553 -0.01234 0.013157 1.2869803267949 -0.0075276780551695 -0.006601435386461 -0.0090751621738534 -0.0042292312822945 -0.0053103396710965 -0.13577324304212 -0.12306753375986 9.817141203938 -0.0063640520029392 -0.0018369309113983 9.8188503875841 0.00015416424990454 -0.00039315734588354 0.00046282020435866 0.00016024565915483 -0.00038740285344323 0.00046553277709308 0.058898217290509 0.012727922061358 4 13 6 6 6
49.025527263932 8.4485627909291 113.13290405273 -0.012143 0.013298 1.2862683267949 -0.0039582918714163 0.0023663067587019 -0.0031350283137613 0.0033821695334101 0.0019009028962871 -0.13134155121754 -0.11923648678652 9.8147703406226 -0.00012636506265376 -2.6004958318024e-05 9.8163746992226 0.0001774664167304 -0.0012946202373412 -0.00074470791510168 0.00016778804106618 -0.0013035635554009 -0.00073130942752519 0.053413481444295 0.012727922061358 4 13 5 5 6
49.025527548144 8.4485623601342 113.08560180664 -0.012691 0.013743 1.2876813267949 0.00053472445010377 -0.0087025218737097 -0.0019172909293012 -0.0085054472352862 0.0080305081203504 -0.2055607213305 -0.13521256507565 9.7964354707266 -0.070964575396499 -0.01062819523922 9.7992663057244 0.0005177798316594 0.00014863289061748 -0.00052176589789556 0.00051054361512032 0.00014199899698459 -0.00053072609317812 0.054817880294663 0.012727922061358 4 12 5 5 6
49.025527169449 8.4485628567814 113.13698577881 -0.012203 0.013284 1.2865483267949 -0.0071709317995383 0.001965103906178 -0.0063320236417128 0.0038973601924733 6.5733136079683e-05 -0.12437344858949 -0.12620901453067 9.8130100943446 0.005762004438671 -0.0067407062056626 9.8146069508751 -0.00040585706238069 0.00040453994643863 0.00020857389565957 -0.00040318418529475 0.00040696872885705 0.00020898010556451 0.053413481444295 0.012727922061358 4 13 6 6 6
49.025527165399 8.4485628497271 113.13655090332 -0.012174 0.013316 1.2864883267949 -0.0072992096685013 0.0016603706561823 -0.0065406038373248 0.0036408653482256 -0.00035681494645971 -0.13669124846855 -0.1156371555586 9.7942937227248 -0.0067064507474323 0.0036127949776087 9.7959275948518 0.00021086034455028 0.00081142872033373 -0.0008376156676231 0.00019957561845811 0.0008011584156945 -0.00085013082624034 0.053413481444295 0.012727922061358 4 13 6 6 6
49.025527142208 8.4485627652235 113.13145446777 -0.012246 0.013262 1.2866773267949 -0.0080389687482415 -0.0012481191294643 -0.0080665207549334 0.0010554724591382 -0.0023141028371781 -0.13915733685146 -0.11206374492526 9.7930981422579 -0.0093299423730174 0.0078402851299393 9.7947212829688 7.5525748507277e-05 0.00011437416968758 5.5848714300741e-05 7.6221745252601e-05 0.00011503118361579 5.3440672320995e-05 0.052801515129776 0.012727922061358 4 13 6 6 6
49.02552720053 8.4485628499003 113.13637542725 -0.012153 0.013287 1.2863353267949 -0.0061534232660584 0.0024514138138031 -0.0052182395214135 0.0040797191480765 0.00070739375770647 -0.13541242924918 -0.11433180420951 9.8028128533728 -0.0050979467861599 0.0047877278245158 9.8044134926114 5.8051981858684e-05 6.60404928866e-07 -0.00032533247467252 5.3674331326392e-05 -3.2702309699666e-06 -0.00032605238795792 0.053413481444295 0.012727922061358 4 13 6 6 6
49.025527132395 8.4485626524177 113.11601257324 -0.012222 0.013167 1.2868403267949 -0.0098337507068136 -0.0030747187929996 -0.010301348608196 -0.00019691207943463 -0.0025274980663074 -0.13054439884215 -0.11697932190524 9.8110753642093 -0.0013224629768412 0.0031002300066612 9.8126409499826 0.00022245546848705 -0.00010927100756523 -0.00046406472553056 0.00021635298201642 -0.00011492367930006 -0.00046556865580176 0.060307545133258 0.012727922061358 4 13 6 6 6
49.025527172745 8.4485628569137 113.13750457764 -0.012195 0.013256 1.2865133267949 -0.0073159841237605 0.0018809558551648 -0.0064947424681189 0.0038574420940481 0.00025726760766669 -0.13842880958331 -0.11636457250167 9.8054156228966 -0.0083268601738496 0.0028896416529836 9.8070804409236 -0.00042972936604979 -0.00023001087453044 -4.7486173823996e-06 -0.00042973923047673 -0.00023003876567295 3.7473165743897e-06 0.053413481444295 0.012727922061358 4 13 6 6 6
49.025527495021 8.4485623453154 113.08699798584 -0.012583 0.013585 1.2876773267949 -0.00091386588662703 -0.0095077233707684 -0.0035336545493068 -0.0088738382557266 0.005993579925598 -0.12278921252892 -0.11266998377842 9.7763334001942 0.010171438613566 0.010706812994412 9.7777441469193 0.00056979919504808 -0.00017516109584261 0.00068544754872534 0.00057905673485567 -0.00016650332530529 0.0006797527387294 0.054817880294663 0.012727922061358 4 12 5 5 6
49.025527146058 8.4485627157457 113.12711334229 -0.012317 0.013237 1.2867643267949 -0.0077497984271766 -0.0030713521113624 -0.0082999786639568 -0.00077641428587432 -0.0037003772585906 -0.1388520171247 -0.11428474221921 9.7985382212018 -0.0090472106222464 0.0064445885173263 9.8001822413492 0.00014076924907652 -0.00023037186853545 9.735790879831e-05 0.00014208933201658 -0.00022911937097595 9.8320268945094e-05 0.052801515129776 0.012727922061358 4 13 6 6 6
49.025527375446 8.4485624372021 113.10558319092 -0.012416 0.013424 1.2868043267949 -0.0015411639864909 -0.0085705381547833 -0.0038807724704924 -0.0077954126081352 0.0020543040290997 -0.13216158858208 -0.12613480256983 9.8104580810854 -1.2945065178021e-05 -0.004208622181027 9.8121597419256 8.6128641607262e-05 -0.000736084298191 0.00039427306901015 9.1554803510147e-05 -0.00073111186082331 0.00040227795467856 0.054203320931471 0.012727922061358 4 12 5 5 6
49.025527483717 8.4485623463895 113.0899810791 -0.012659 0.013525 1.2874893267949 0.002660012470917 -0.011338733289973 -0.0006153229932971 -0.011630330074194 0.0045071991263921 -0.1300308260188 -0.12073279429069 9.8167865495872 0.002918108565705 0.0031852996693426 9.8183901286256 -0.00077113188677837 -0.00031209666987322 0.00010342602673336 -0.00076962901212619 -0.00031073996495389 0.00011779479717728 0.054817880294663 0.012727922061358 4 12 5 5 6
49.025527164468 8.4485625853411 113.10998535156 -0.012311 0.013196 1.2868513267949 -0.0082162364568994 -0.0054473330988578 -0.0094131393574896 -0.0029279055076512 -0.0044716542233967 -0.13626527703687 -0.11464876338681 9.7914857466716 -0.0071460504381964 0.0060365398194602 9.7931010163816 0.00016997986273152 0.00011222819743403 -0.00075694560194689 0.00015993162432615 0.00010291491825928 -0.00076047237620156 0.060307545133258 0.012727922061358 4 13 6 6 6
49.025527329433 8.4485625880165 113.11460876465 -0.012223 0.013514 1.2864343267949 -0.0018144667461864 -0.0031106366272403 -0.0026142775784303 -0.0024766735687656 0.0021186103306319 -0.13107361022118 -0.11975709850592 9.7982003528247 0.00081279309721409 0.00048481538490627 9.7998105054743 0.00087672948106755 0.00091871977760463 0.00010376189778925 0.0008779018167636 0.00091992988312681 8.062442599986e-05 0.053413481444295 0.012727922061358 4 13 5 5 6
49.02552729097 8.4485627083651 113.12677001953 -0.012155 0.013444 1.2862563267949 -0.0031477145278608 0.00054486048769797 -0.0028682231183669 0.0014065070519928 0.0024080180469413 -0.12343503231506 -0.11974775236012 9.8203234233761 0.0083485531036421 -2.9935377714166e-05 9.8218261793065 0.00062111413347523 0.0004852544058105 -0.0002523314023863 0.00061761084812446 0.00048210463208539 -0.00026654121588788 0.053413481444295 0.012727922061358 4 13 5 5 6
49.025527143569 8.448562740949 113.12885284424 -0.012254 0.013224 1.2867203267949 -0.0080185332117101 -0.0023545091031818 -0.0083570568716526 -1.2653285101781e-05 -0.0033669798175339 -0.14008942810649 -0.11239398237751 9.796933361516 -0.010349437832112 0.0079993011803418 9.7985716067832 0.00065061425879073 -0.00035048401703922 1.6012737333149e-05 0.00065082478621526 -0.00035027544088261 1.172666740779e-05 0.052801515129776 0.012727922061358 4 13 6 6 6
49.025527146483 8.4485626412426 113.11831665039 -0.012388 0.013196 1.2869593267949 -0.0073725225568948 -0.0052913387420207 -0.0085593402273991 -0.0030149579792845 -0.0056280696320513 -0.13802994841778 -0.11463064249361 9.7931565584928 -0.0086271364146507 0.0066699978207497 9.794794405427 0.00019599866188959 -0.00030990817570808 -9.505198738434e-05 0.00019476940857233 -0.00031105371285103 -9.3803186985813e-05 0.054817880294663 0.012727922061358 4 13 6 6 6
49.025527332534 8.4485625929667 113.11514282227 -0.012241 0.013516 1.2864913267949 -0.0019041837692698 -0.0024751275420976 -0.002522080115165 -0.0018415549233713 0.0021034279914363 -0.13430676041925 -0.12478211393093 9.8061067336685 -0.0020449065859201 -0.0045294918933271 9.8078196974777 0.00047062206065357 0.00046073877397991 0.00066272091700203 0.00047944016757122 0.00046882814298083 0.00065062351625541 0.053413481444295 0.012727922061358 4 13 5 5 6
49.02552716729 8.4485625569877 113.10786437988 -0.012323 0.013217 1.2869423267949 -0.0077716465335183 -0.0069266189134447 -0.0094006072953411 -0.0044727105097152 -0.0053458080931813 -0.1423449543475 -0.10554063381963 9.7930781512283 -0.013030335707547 0.015077032206391 9.7946621953175 -0.0001763089057418 0.00023270484700474 0.0004847478667635 -0.00016995955170988 0.00023865987014924 0.00048418032003115 0.058898217290509 0.012727922061358 4 13 6 6 6
49.025527473399 8.4485623629335 113.09778594971 -0.012505 0.013513 1.2872133267949 0.0016944704065956 -0.0095116840206643 -0.0010341991644022 -0.0096059532834631 0.0035052348766711 -0.091441269907681 -0.11377002320609 9.8209920827491 0.041353755223817 0.009438532594598 9.8219863105427 0.00054957312596989 -0.00012934879702449 -5.0499146022584e-05 0.00054883271799741 -0.00012999622225808 -5.6264055833537e-05 0.054817880294663 0.012727922061358 4 12 5 5 6
49.025527211832 8.4485628494048 113.13566589355 -0.012182 0.013295 1.2863383267949 -0.0056879643956112 0.0027713727568806 -0.0046817853656533 0.0042561071651427 0.00093934246189535 -0.13264756407379 -0.12294340515307 9.8158256927001 -0.0021432596971494 -0.0036555271646511 9.817491974097 -0.00038996712599871 8.8918228002581e-05 -0.00070883535073577 -0.00039934017976422 8.0309075527462e-05 -0.00070460975816702 0.053413481444295 0.012727922061358 4 13 6 6 6
49.025527138312 8.4485626201818 113.11290740967 -0.012273 0.013154 1.2868803267949 -0.0093568843992472 -0.0040160946505325 -0.010107250856086 -0.0012344314084448 -0.0034402623639293 -0.13454122973374 -0.12132983255011 9.8024251690024 -0.0055000647328479 -0.0010725028306234 9.8040980110996 -0.00013814456208298 -0.00015964099504772 -0.00017034251239776 -0.00014033039848745 -0.0001617128982086 -0.00016657385909092 0.060307545133258 0.012727922061358 4 13 6 6 6
49.025527224772 8.44856248271 113.10173797607 -0.012537 0.013219 1.2870103267949 -0.0046037627485744 -0.0098587663490784 -0.0071801691361107 -0.0081752752044722 -0.0089503924159262 -0.13166665646387 -0.12670372012576 9.8127544334312 -0.0018231304720454 -0.003855428765621 9.8144561487892 -0.00041867387900933 -0.00022158679831375 0.0003217075606594 -0.0004143078486611 -0.00021752483868519 0.00033003190738055 0.056850681614208 0.013453624047074 4 13 6 6 6
49.025527476655 8.4485623480879 113.09199523926 -0.012526 0.013538 1.2873793267949 0.0035158677142228 -0.010871179583407 0.00033547238849055 -0.011420698975429 0.0030174536406513 -0.1078538150397 -0.097116972796505 9.7957164165406 0.024434142485355 0.025769287728154 9.7967285106526 0.00028765292491048 0.00056999000478503 0.00051301969109066 0.00029445412393997 0.00057636216349485 0.00050189778035321 0.054817880294663 0.012727922061358 4 12 5 5 6
49.02552714521 8.4485626932733 113.12478637695 -0.012393 0.013193 1.2868633267949 -0.0077658433285406 -0.0039143879692929 -0.0085514759730785 -0.0015820517301049 -0.0040738512050011 -0.12877826754093 -0.12548027187585 9.8146325567917 0.0011942581199841 -0.0041187236463223 9.8162798425472 -0.00044123961644737 -0.00091879961893521 -8.5434061204639e-05 -0.00044216937360068 -0.00091981172420388 -6.8228174985054e-05 0.054817880294663 0.012727922061358 4 13 6 6 6
49.02552747184 8.4485623671892 113.09745788574 -0.012579 0.013543 1.2871383267949 0.0038688861708316 -0.010586085869106 0.00075222762194477 -0.011245790665687 0.0039885178530172 -0.14889978561458 -0.11248809753276 9.8186527160292 -0.01592798486725 0.010535473365857 9.8204088828318 -0.00093013473111506 8.4657016168384e-05 -0.00070881515209192 -0.0009396468453162 7.5737377146983e-05 -0.00069711832921321 0.054817880294663 0.012727922061358 4 12 5 5 6
49.025527144389 8.4485627540109 113.13032531738 -0.012292 0.013218 1.2866423267949 -0.0081503173047472 -0.0016887146813479 -0.0082969229380209 0.00066374574324306 -0.002787186749985 -0.13096792169598 -0.12937695769058 9.8208169452543 -0.00093810693257705 -0.008800571629594 9.8225391875003 -0.00013152961344952 -0.00040507544616134 -0.0005334715874234 -0.00013852984865401 -0.00041157926680226 -0.00052663498697863 0.052801515129776 0.012727922061358 4 13 6 6 6
49.025527296278 8.4485626941138 113.12538146973 -0.012182 0.013445 1.2862923267949 -0.0034624750159992 6.9158617340186e-05 -0.0033038786401032 0.0010382175597846 0.002030949393387 -0.14033534404043 -0.11714247219103 9.7998077079875 -0.0084686969582731 0.0024361905748486 9.8015091921572 0.00034582753411985 -0.00014330391363696 -2.7525779676186e-06 0.00034576040123143 -0.00014333862649024 -5.6244737222962e-06 0.053413481444295 0.012727922061358 4 13 5 5 6
49.025527483622 8.4485623399428 113.08936309814 -0.012606 0.013562 1.2875143267949 0.0013545740699988 -0.0109030803873 -0.0017459638293371 -0.010847312465613 0.0040611651331809 -0.11919048591104 -0.10653815237062 9.7967902222892 0.013396899677748 0.016896770540597 9.7980722619736 -0.00011676030209319 0.00052813378740896 -0.0012735220129591 -0.00013405179877125 0.00051206307702488 -0.001278450553488 0.054817880294663 0.012727922061358 4 12 5 5 6
49.025527142164 8.4485627007996 113.12614440918 -0.012344 0.013253 1.2868043267949 -0.0078212397487853 -0.0034887357721472 -0.0084854760377177 -0.0011574461577062 -0.003559968046874 -0.13060867378235 -0.12021116736383 9.8115130205424 -0.00071818863976045 0.0010188795555384 9.8131187734698 0.00031608313520003 0.00021321132098487 -8.2191739054187e-05 0.00031493242745334 0.0002122120304088 -8.8945336498646e-05 0.054817880294663 0.012727922061358 4 13 6 6 6
49.025527461309 8.4485623643445 113.09791564941 -0.012575 0.013624 1.2871243267949 0.0010837641838568 -0.01081634533398 -0.0019864945560042 -0.010687419599479 0.003250389200277 -0.15266745646822 -0.13094242309323 9.785875780918 -0.019746114955316 -0.0079475187077324 9.7879207252033 -0.00014598722359698 0.00083944210246623 -0.00025676530159753 -0.00014959545708185 0.00083614699166927 -0.00026530579962845 0.054817880294663 0.012727922061358 4 12 5 5 6
49.025527226869 8.4485624958746 113.10112762451 -0.012421 0.013147 1.2869153267949 -0.0048129727284844 -0.0094690339854984 -0.0072718904303954 -0.0077425329584151 -0.0083416104835036 -0.13743172658719 -0.12081537985408 9.8046094901904 -0.0079809801524489 0.0012996044701475 9.8063140548921 0.00051796438731822 -0.00098114346456025 -0.0013254086646341 0.00050057011023371 -0.00099754315492472 -0.0013198601347483 0.056850681614208 0.013453624047074 4 13 6 6 6
49.025527185344 8.4485628518945 113.13735961914 -0.012136 0.013308 1.2864133267949 -0.0067027551958598 0.0024575600486757 -0.0057439334811683 0.0042395481864956 0.00079361086898734 -0.13739191916697 -0.11206101964698 9.7982702373946 -0.0074151967784626 0.0070264463890842 9.7998701225704 0.00046027591144224 0.00075687289210674 0.00032927553818081 0.00046443330363265 0.00076080374406991 0.00031390289738972 0.053413481444295 0.012727922061358 4 13 6 6 6
49.025527267318 8.4485627645615 113.13067626953 -0.012159 0.013399 1.2862833267949 -0.0036272876614113 0.001707884461515 -0.0030021568191905 0.0026572854098546 0.0021728499007356 -0.12520318888098 -0.12175385453967 9.8117345160224 0.0062248276086168 -0.0026094583616297 9.813287843467 -0.00028487018523086 0.00011915080496699 -0.00045148825858874 -0.00029100173501209 0.00011363642555035 -0.00044915202445222 0.053413481444295 0.012727922061358 4 13 5 5 6
49.025527333533 8.4485626189936 113.11699676514 -0.012258 0.013486 1.2864463267949 -0.00209553956426 -0.0021659615267055 -0.0026190075429058 -0.001491131039998 0.001801343269915 -0.11758282923847 -0.12715204222181 9.8148912578071 0.014712844635876 -0.0068794681862448 9.816406127277 -5.3157953468007e-05 0.00010192828051413 -2.2784854737373e-05 -5.3484900607886e-05 0.00010164866015008 -2.3297748606208e-05 0.053413481444295 0.012727922061358 4 13 5 5 6
49.025527187117 8.4485625474966 113.11050415039 -0.012463 0.013231 1.2869663267949 -0.006000101717103 -0.007663094310242 -0.0079060836609503 -0.0056760921605402 -0.0075901411794422 -0.1259716788722 -0.12519820207053 9.8199344167907 0.0038677424738738 -0.0027401011272621 9.8215407459902 0.00035584565276913 6.1675695243889e-05 0.00025865231568403 0.00035915231135601 6.4986901140715e-05 0.00025311375202481 0.054817880294663 0.012727922061358 4 13 6 6 6
49.025527549337 8.4485623653485 113.08473205566 -0.012695 0.01375 1.2877363267949 0.0054928681960942 -0.0085473666414863 0.0028876346098351 -0.0097412085007515 0.0089693455364467 -0.12352235829872 -0.1277910789933 9.8071558554593 0.01025870167009 -0.0031759976366887 9.808769166966 0.00030406751469959 0.0019482539824114 -0.001059604856127 0.00028917343053129 0.0019346663947186 -0.0010885667192561 0.056222771187482 0.013453624047074 4 12 5 5 6
49.025527147277 8.4485627768683 113.13335418701 -0.012227 0.01325 1.2866923267949 -0.0077780859919733 -0.00081292793935995 -0.0076940957918516 0.0014001347014056 -0.0018498046024925 -0.12839574137102 -0.12716527453372 9.8211463310474 0.0017397511411542 -0.0069889713499892 9.8228067413849 0.00026293315582229 2.4116775830877e-05 0.00037631874587483 0.00026784236552695 2.8720581454105e-05 0.00037245575759352 0.052801515129776 0.012727922061358 4 13 6 6 6
49.025527408132 8.4485623906765 113.10106658936 -0.012501 0.013474 1.2870143267949 9.5887039827448e-05 -0.0098085897840027 -0.0026539900602616 -0.0094431440421578 0.0031279206208073 -0.15460509456446 -0.11931379177929 9.8064796583914 -0.022209572613754 0.0030371992821414 9.8083996408358 -0.00063006036828081 -0.00035956168651934 0.00016088397356799 -0.00062783567926001 -0.0003575068776726 0.00017387220287725 0.054203320931471 0.012727922061358 4 12 5 5 6
49.025527271717 8.4485627503954 113.12931060791 -0.012156 0.013389 1.2863193267949 -0.0038628206297716 0.001364308396216 -0.0033245911161182 0.002393706558835 0.0021741728678458 -0.12997077600187 -0.11545586746516 9.8027837696337 0.0012472224142527 0.0037889495945773 9.8043256560203 0.00012889962781379 0.00010466333936115 0.00060334050674296 0.00013692303290056 0.00011199545464008 0.00060021076218738 0.053413481444295 0.012727922061358 4 13 5 5 6
49.025527480751 8.4485623456415 113.08985900879 -0.012672 0.013586 1.2874503267949 0.0011909493433416 -0.010612445554096 -0.0018233966777669 -0.010522236709824 0.0041209979322753 -0.15941792131083 -0.13394720029575 9.8111391090232 -0.026313459207543 -0.0097467154282632 9.8133095122356 -0.00023043349927428 0.00037461757252514 0.00011803897174705 -0.00022891018409439 0.00037609266393595 0.00011638035871696 0.054817880294663 0.012727922061358 4 12 5 5 6
49.025527318872 8.4485626414272 113.12010955811 -0.012181 0.013471 1.2863513267949 -0.0027360009239569 -0.00086138014771414 -0.0028677685547558 -5.9059513463288e-05 0.0023851430702045 -0.14253918414144 -0.1243971899482 9.8054754503952 -0.010509483179328 -0.0045522143263165 9.8072951844208 0.00074501365303123 0.00019222232344803 -0.00042111571453315 0.00073929509369556 0.00018704797741063 -0.00043341356251001 0.053413481444295 0.012727922061358 4 13 5 5 6
49.025527487452 8.4485623410084 113.08880615234 -0.012637 0.013501 1.2875893267949 -0.00025765102720085 -0.010429248799169 -0.003161298206518 -0.0099418952946731 0.0046157270344794 -0.14034424375727 -0.11975427413208 9.7997744023384 -0.0072009882512802 0.0043499720258294 9.8015085993332 0.00042017557271932 -0.0014488623766964 -0.00035381201292938 0.00041554302937963 -0.0014531967625224 -0.00034118641818136 0.054817880294663 0.012727922061358 4 12 5 5 6
49.025527199237 8.4485625401929 113.10496520996 -0.012326 0.013192 1.2869953267949 -0.0060401358351653 -0.0078053337437185 -0.0079839879559421 -0.0058019311114956 -0.0063770819756563 -0.12854895939089 -0.11915004471271 9.808897923322 0.00059075323088436 0.0021440510638876 9.8104647803621 0.00053939919591606 0.00056018842362738 -0.00036546958800991 0.00053443304480681 0.00055564463393678 -0.00037941437599181 0.058898217290509 0.012727922061358 4 13 6 6 6
49.025527251213 8.4485628110164 113.13301086426 -0.012215 0.013295 1.2863283267949 -0.0043358677541191 0.0022600966227606 -0.0035274284937792 0.0033860152525685 0.00097071003952622 -0.13610121127504 -0.11391640872334 9.8069921521904 -0.0052449726111524 0.0054896311069546 9.8085956767837 -0.00062280045707985 -0.0007943799076525 -0.00063719015933616 -0.00063113551271794 -0.00080208096442328 -0.00061904715899264 0.053413481444295 0.012727922061358 4 13 5 5 6
49.025527505255 8.4485623459432 113.08630371094 -0.012668 0.013618 1.2876673267949 0.0010160005173704 -0.00874283131375 -0.0014668362295743 -0.0086785844597136 0.0081896750311095 -0.17756310179386 -0.1288113716985 9.8023838601196 -0.044164441529465 -0.004312162596637 9.8047403769145 0.00055367387617816 0.00035671345975542 0.00022883006947396 0.00055667098735352 0.00035956235260347 0.0002166262568766 0.054817880294663 0.012727922061358 4 12 5 5 6
49.025527333242 8.4485626099456 113.11514282227 -0.012292 0.013478 1.2864443267949 -0.0025440389328512 -0.00263959103688 -0.0031824009545437 -0.0018198591832797 0.0015096073007894 -0.14616047196565 -0.10948382559224 9.8062544789791 -0.013733293961899 0.010708954250906 9.8079403419153 -0.00059320603103261 -0.0005127291584502 0.00024106090252657 -0.00058983381736278 -0.00050971303363123 0.00025534281751331 0.053413481444295 0.012727922061358 4 13 5 5 6
49.025527144991 8.4485627481771 113.12953948975 -0.012285 0.013238 1.2866843267949 -0.0078471924218685 -0.001997130230959 -0.0080924166278874 0.00028248712379014 -0.0030305844130299 -0.13810900850079 -0.11013970692923 9.7982954505715 -0.0083984481477684 0.010164515853987 9.7998787013158 -4.5367590590701e-05 -2.1748644170229e-05 -0.0002785642538332 -4.9029720533743e-05 -2.5165833097499e-05 -0.00027764444086781 0.052801515129776 0.012727922061358 4 13 6 6 6
49.025527264793 8.4485627951834 113.13204956055 -0.01219 0.013399 1.2863663267949 -0.0037950403119204 0.0019649616508332 -0.0030910420987647 0.0029510702300914 0.0014660725726811 -0.14467034994046 -0.11067039706474 9.7928554257433 -0.013698381515658 0.0084455555423394 9.7945373016861 -0.00034258079413154 0.00044479144135599 0.00053042306939421 -0.00033558607517401 0.00045122877695785 0.00052951227797843 0.053413481444295 0.012727922061358 4 13 5 5 6
49.025527141593 8.4485627151331 113.12731170654 -0.012337 0.013264 1.2867843267949 -0.0078465898925708 -0.0031455453234545 -0.008413669921776 -0.00082074024223473 -0.0036945196963085 -0.13309982868514 -0.11905836931686 9.8033833407632 -0.0032133462497585 0.0018154174581426 9.805009967421 -0.00014043702228287 0.00027263760110304 0.0001019190353513 -0.00013911916931227 0.00027391868578724 0.00010038728601978 0.054817880294663 0.012727922061358 4 13 6 6 6
49.02552721507 8.4485624992503 113.10539245605 -0.01252 0.013199 1.2868843267949 -0.0050029971280624 -0.0091998968199427 -0.0073794252370582 -0.0074304923538112 -0.0086372919296183 -0.13925536003485 -0.11510279878463 9.8112166729969 -0.0095257630167572 0.0076828320467446 9.812873326909 -2.3915845810347e-05 -0.00046293174813233 -0.00084290912372154 -3.4998138294259e-05 -0.00047342117740416 -0.00083665840729483 0.056850681614208 0.013453624047074 4 13 6 6 6
49.025527189415 8.4485625455527 113.10662078857 -0.012399 0.013144 1.2869733267949 -0.0065750759011967 -0.0077502037524628 -0.0084823224874201 -0.0055988718303866 -0.0059630755113958 -0.13123592729461 -0.12559779955832 9.8189739137128 -0.0019503377618875 -0.0040797057241063 9.8206542721734 -0.00053241503792185 -0.00031552462897252 -4.0868708166766e-05 -0.00053289337359847 -0.00031597902362283 -2.9986872938906e-05 0.058898217290509 0.012727922061358 4 13 6 6 6
49.025527224421 8.448562512838 113.10137176514 -0.0124 0.013302 1.2869803267949 -0.0050205559484481 -0.00879396857715 -0.0072821512647773 -0.0070363460207563 -0.007737802054454 -0.13088272559069 -0.12350206414113 9.8023877188965 -0.0013095307204834 -0.001700146536101 9.8040396574077 0.00029504141367236 0.0015613315488703 -0.00026159782282663 0.00029127827456717 0.0015579765685668 -0.00028477085911816 0.058898217290509 0.012727922061358 4 13 6 6 6
49.025527228164 8.4485624871099 113.10095214844 -0.012497 0.013231 1.2869813267949 -0.004600333373475 -0.0099148120616373 -0.0071925542078902 -0.0082300531621586 -0.0088158132152341 -0.13828450212805 -0.10956715743285 9.7989033265723 -0.008635588427683 0.012906553022402 9.8004803753243 -5.611420046799e-05 -1.2248262381786e-05 -0.00023837745443712 -5.922084236206e-05 -1.5199500425446e-05 -0.00023743986388984 0.056850681614208 0.013453624047074 4 13 6 6 6
49.02552714196 8.4485627393551 113.12866973877 -0.012287 0.013255 1.2867083267949 -0.007884843566284 -0.002166870430344 -0.0081761363325666 0.00012997336693945 -0.0031021423036465 -0.1265466750477 -0.1308793332484 9.8138927816593 0.0034641503095218 -0.010315858485789 9.8155752187936 3.7355873802373e-05 0.00014622667943582 -7.8553979754094e-05 3.6283047205236e-05 0.00014522195764376 -8.0819914890089e-05 0.052801515129776 0.012727922061358 4 13 6 6 6
49.025527222903 8.4485624782581 113.1018371582 -0.012541 0.013239 1.2869523267949 -0.0045266411807551 -0.0098411313739504 -0.0071013813574057 -0.0081797752236521 -0.0090954898462685 -0.12649427113508 -0.1284369803971 9.819352685375 0.0034503549708457 -0.0055458977770647 9.8210066940273 -0.00046585499229676 0.00012273849446963 -0.00032009257154379 -0.00047008223087418 0.00011873127654653 -0.00031544919116986 0.056850681614208 0.013453624047074 4 13 6 6 6
49.025527180023 8.4485625480541 113.1068649292 -0.012366 0.013225 1.2869863267949 -0.00708334535412 -0.0068282869765829 -0.0087121122905959 -0.0045714738410638 -0.0055084390852672 -0.13458008479405 -0.12430704280904 9.7971681429825 -0.0055658572712246 -0.0031488955016514 9.7988802442472 -3.8605951339015e-05 0.001061594134849 0.00048270176638106 -3.241558421142e-05 0.0010675146528286 0.00046998424618356 0.058898217290509 0.012727922061358 4 13 6 6 6
49.025527419798 8.4485623793197 113.09978485107 -0.012456 0.013489 1.2870413267949 0.0019348266524292 -0.0090904583548276 -0.00068698713198855 -0.0092686602221639 0.0031046905818147 -0.13031961317787 -0.10192448137425 9.8105939453196 0.0019431069009436 0.020649262983509 9.8119685797718 0.00042984311783486 0.00030404367334217 -0.00026903053827532 0.00042610669877085 0.00030067470526149 -0.00027853241256437 0.054203320931471 0.012727922061358 4 12 5 5 6
49.02552730365 8.4485626760525 113.1233215332 -0.012235 0.013422 1.2863083267949 -0.0027209709928389 -0.00034128420404183 -0.0027073837248728 0.00043616289455217 0.0021466816723345 -0.13498071623222 -0.12535483455586 9.8073789253625 -0.0031974243981125 -0.005534247732149 9.8091081490644 -0.00030647405424704 -0.00022099155792652 0.00034393786294899 -0.00030182308678833 -0.00021675744886631 0.0003506755823352 0.053413481444295 0.012727922061358 4 13 5 5 6
49.025527256127 8.4485628017318 113.13228607178 -0.012151 0.013309 1.2863303267949 -0.0042262960898609 0.0020693152588222 -0.0034757004964931 0.0031722539604491 0.0010970580771057 -0.12598008793958 -0.13330780415331 9.8200074485404 0.0050688027172272 -0.0138148909487 9.8217104811919 0.00037666476157164 -0.00057196115431275 -8.5361188750673e-05 0.00037553818945611 -0.00057294772443698 -8.3408941240115e-05 0.053413481444295 0.012727922061358 4 13 5 5 6
49.025527150978 8.4485626144353 113.11562347412 -0.012415 0.013168 1.2869183267949 -0.0072188264840069 -0.0059343395734736 -0.0085918739074066 -0.0036752809688656 -0.0061642963830821 -0.12841163066456 -0.12845737363422 9.821251949928 0.0012041334820511 -0.0064751780738597 9.8229301074884 0.0003304939940991 -0.00053914175437008 -0.00079321517761989 0.00032006631605094 -0.00054894844117526 -0.00079073676851439 0.054817880294663 0.012727922061358 4 13 6 6 6
49.025527498666 8.44856234286 113.0873336792 -0.012669 0.013562 1.2876503267949 0.0023893239987885 -0.010966735446475 -0.00076967249609897 -0.011197590405508 0.0038962726485328 -0.11228426228449 -0.10903163156954 9.8125080857309 0.020659869557302 0.014834920799311 9.8137240529626 -0.00080983441875163 0.00020880604663485 0.00017253953527044 -0.00080746031360043 0.00021101522916715 0.00018076441607801 0.054817880294663 0.012727922061358 4 12 5 5 6
49.025527393954 8.4485624116884 113.10332489014 -0.012439 0.013454 1.2869233267949 0.00055021151600747 -0.0075974498296653 -0.0015997801538651 -0.0074474832169072 0.0031556783879674 -0.11037202447579 -0.13382183382088 9.8303797376087 0.021979024595884 -0.011352642743756 9.8318803856425 0.00023683724753241 -0.00013056246489233 0.00073705757312415 0.00024677239669348 -0.00012137752043435 0.0007353994307993 0.054203320931471 0.012727922061358 4 12 5 5 6
49.025527340023 8.4485625019013 113.10905456543 -0.012284 0.013409 1.2865353267949 -0.0024108805624671 -0.0061843696114065 -0.0040481638214194 -0.0052603090620986 0.0020042702541273 -0.14189544948277 -0.11536129721937 9.8101767939784 -0.0098044691463899 0.0056546196946565 9.8118756695667 0.00074431296629081 -0.00094528441673087 -0.00052938020198507 0.00073726970935745 -0.00095167616749997 -0.00052765485005 0.054203320931471 0.012727922061358 4 12 5 5 6
49.025527153533 8.4485627896375 113.13359832764 -0.01222 0.013305 1.2866513267949 -0.0077444859890143 -0.00048647633298277 -0.0075702497312002 0.0017043998555391 -0.0017377336361063 -0.1288962584078 -0.12071983442381 9.8008087723832 0.00095469023917134 -0.0008180280138144 9.8024010486564 0.0003421629331091 0.0010179887965693 0.00050911036396946 0.00034874787978137 0.0010241339350986 0.00049205165689519 0.052801515129776 0.012727922061358 4 13 6 6 6
49.025527232287 8.4485628363584 113.13453674316 -0.012167 0.013288 1.2864563267949 -0.0051139827472796 0.0023189753429786 -0.0042578940384704 0.0036606922369643 0.0008874599250869 -0.14251048548795 -0.11045032647992 9.799864463171 -0.011897418778195 0.0086866061532514 9.8015125310803 -0.00017825472466181 -0.000602058568067 0.00099567331264155 -0.00016487470763016 -0.00058987768317433 0.0010052122189003 0.053413481444295 0.012727922061358 4 13 5 5 6
49.025527136215 8.4485626353796 113.11519622803 -0.012261 0.013166 1.2868443267949 -0.0097186571981835 -0.003406071420655 -0.010283680935648 -0.0005472059581758 -0.0029063826152825 -0.13399940524131 -0.12023797707797 9.8112877291583 -0.0046856713791139 9.7122421192673e-05 9.812939342007 7.3234938183843e-06 -0.00027588903095824 -0.00031534641976679 3.16830435164e-06 -0.00027969604214645 -0.00031196495383664 0.060307545133258 0.012727922061358 4 13 6 6 6
49.025527222559 8.4485624887645 113.10396575928 -0.01247 0.01325 1.2870253267949 -0.0047459506559044 -0.0094426099985556 -0.007200280491222 -0.0077358105842708 -0.0086958417581893 -0.12649196767532 -0.12281955487506 9.8086420174329 0.0032950218977123 -0.00011854238249238 9.8102273968178 0.00070738876314666 0.00025293399361072 0.00088376286744958 0.00071900703659052 0.00026396928923492 0.00087111329884131 0.056850681614208 0.013453624047074 4 13 6 6 6
49.025527496199 8.448562341848 113.08780670166 -0.012684 0.013593 1.2877233267949 0.0017765550593238 -0.010533174738939 -0.0012366569568164 -0.010610139618201 0.0058548625644804 -0.15451467651074 -0.13921478370236 9.8262696711578 -0.021104518211274 -0.014674091277626 9.8284379233346 -0.00026300736796896 0.0003207456996958 0.0011998836287978 -0.00024673354042673 0.00033594607417471 0.0011991728032437 0.054817880294663 0.012727922061358 4 12 5 5 6
49.025527331067 8.4485625601882 113.11132049561 -0.012255 0.013457 1.2864783267949 -0.0026135263373367 -0.0037625274681947 -0.0035640690887958 -0.0028782852317585 0.0019969110711243 -0.15216474377469 -0.10922485958712 9.7869283415616 -0.020409344012585 0.010994604049196 9.7886935976119 0.00046288536882345 -0.00014698039597787 0.00068317463546597 0.00047207603283166 -0.00013861479289123 0.00067866725433848 0.053413481444295 0.012727922061358 4 12 5 5 6
49.025527158629 8.4485625944065 113.11058807373 -0.012285 0.01318 1.2868703267949 -0.0083999291133197 -0.0049248448113442 -0.0094432123209935 -0.0023745687339852 -0.0040042189261859 -0.1278650811117 -0.12060135939052 9.8118399059119 0.001293418874023 -0.00013066986401559 9.8134149798397 -0.00017391992119241 0.00030660960945595 0.00018449965207962 -0.00017153511850734 0.00030887037470696 0.00018300144907181 0.060307545133258 0.012727922061358 4 13 6 6 6
49.02552722375 8.4485624808533 113.10147094727 -0.012471 0.013239 1.2869513267949 -0.0044492615063508 -0.0098862586440536 -0.0070397704629566 -0.008244736123943 -0.0091672210562076 -0.13632648429104 -0.11507723796286 9.7987999915152 -0.0067551156363585 0.0075225732605992 9.8004203169947 0.00062061419834282 0.00028480645897824 -0.00023763063297461 0.00061737836598576 0.00028181104333158 -0.00024933504371426 0.056850681614208 0.013453624047074 4 13 6 6 6
49.025527237725 8.4485625024209 113.10025024414 -0.012448 0.013232 1.2870253267949 -0.0046954975703968 -0.0094856097672458 -0.0071637167837565 -0.0077913841583785 -0.0081802399250209 -0.13850232265926 -0.11462126020568 9.7961219576192 -0.0091529527804192 0.0072996343165186 9.7977650339742 -0.0001424974187126 0.00042920016309348 0.00040866443885198 -0.00013717257988036 0.0004342741643864 0.0004051453125476 0.058898217290509 0.012727922061358 4 13 6 6 6
49.025527476756 8.4485623569345 113.09586334229 -0.012596 0.013529 1.2872773267949 -0.0001471677882254 -0.010222430313925 -0.0030006288065604 -0.0097732092482269 0.0035629484558026 -0.14969066547239 -0.12936171164715 9.7935336555271 -0.016778840671597 -0.0056305176839001 9.7955174859953 0.00046305783527677 -0.0007196374808217 0.00027491554947627 0.00046689238651588 -0.00071609765640456 0.00027760269517789 0.054817880294663 0.012727922061358 4 12 5 5 6
49.025527205418 8.4485625122403 113.10694885254 -0.012491 0.013276 1.2869773267949 -0.0051761302360765 -0.0087018558873287 -0.0074060505214973 -0.0069039886857184 -0.008318968483158 -0.12915468088794 -0.12469741132695 9.8043168371223 0.0007211237446571 -0.0021693253460297 9.8059613811751 0.00014745278702943 0.00045402401716303 0.00064983227070487 0.00015596120583867 0.00046218369090079 0.00064208769759282 0.056850681614208 0.013453624047074 4 13 6 6 6
49.025527329939 8.4485625727055 113.11263275146 -0.012313 0.013416 1.2864333267949 -0.0026939418506752 -0.0040141285071965 -0.0037118732064757 -0.0030971836084915 0.0016126850120309 -0.12053982002789 -0.12070831563375 9.82126683261 0.01138574354941 -0.00013096565428822 9.822742558933 -0.00061549117591052 -0.00032366299600237 -8.4498368852121e-05 -0.00061650296384944 -0.0003246773339497 -7.2264371123208e-05 0.053413481444295 0.012727922061358 4 13 5 5 6
49.025527522787 8.448562346926 113.08628082275 -0.012747 0.013553 1.2876683267949 0.003038600973209 -0.0097636781596169 0.00019004592496379 -0.010223902031247 0.0069042058377626 -0.096009780246011 -0.13169000764998 9.8394390005428 0.03732311622723 -0.0066806617066098 9.8407174730182 -0.00075034905179085 0.00018949011799211 0.00018985655473146 -0.00074770887230614 0.00019186573563137 0.00019760563614963 0.054817880294663 0.012727922061358 4 12 5 5 6
49.025527159486 8.4485627998382 113.13384246826 -0.012215 0.01323 1.2866503267949 -0.0077155364130515 -0.00025667319727666 -0.0074779996541633 0.0019169338658145 -0.0014780993155106 -0.13490568993717 -0.11928045216646 9.8176175545821 -0.004654673711357 0.00065574050822839 9.8192690251696 0.00017681118612923 -0.00068194905953599 0.0005321330066618 0.00018402896679115 -0.00067544424825014 0.00053804674009111 0.053413481444295 0.012727922061358 4 13 6 6 6
49.025527332521 8.4485625370001 113.11101531982 -0.012322 0.013403 1.2864403267949 -0.0015820845065476 -0.0042920200603603 -0.0027225264020396 -0.0036759061232286 0.0025240805200126 -0.13104183580598 -0.13212510468125 9.8161387611544 0.000817484985326 -0.011126082060262 9.8178972098129 2.5014597358148e-05 -0.00053257013763777 -7.2785422684559e-05 2.4135634383947e-05 -0.000533429802754 -6.652325343164e-05 0.053413481444295 0.012727922061358 4 12 5 5 6
49.025527349734 8.4485624774899 113.10788726807 -0.012384 0.013464 1.2866423267949 -0.00082607074736503 -0.0058474699130142 -0.0024321534281582 -0.005381443062486 0.0028647711057242 -0.13657552347144 -0.1261779625833 9.8083538930722 -0.0046330750175907 -0.0047361805980497 9.8101157935656 -0.00022026533785224 0.00028041385629681 0.00041039476807758 -0.00021471024024716 0.00028549926742149 0.00040984730261327 0.054203320931471 0.012727922061358 4 12 5 5 6
49.025527314726 8.4485626487195 113.12023925781 -0.012219 0.013421 1.2863943267949 -0.0029247132405878 -0.001408888668619 -0.0032025403968656 -0.00053162888668784 0.0015767782949998 -0.12909326396009 -0.11027960088793 9.8070180597679 0.0029126329736343 0.0094970544335268 9.8084833897469 -6.297757455502e-05 -0.00065571413132554 0.00025172311048463 -5.9490961976772e-05 -0.00065257332782733 0.00026055476048357 0.053413481444295 0.012727922061358 4 13 5 5 6
49.02552732641 8.4485626323676 113.11895751953 -0.0123 0.013471 1.2863683267949 -0.0015867061829631 -0.0016312706107032 -0.0019806497690813 -0.0011205767543282 0.0017677093156456 -0.13223896103857 -0.12432225748215 9.8122916673574 -1.572280859819e-05 -0.0041034508078718 9.8139707015297 -0.00083136181956001 7.750615556908e-06 -0.00060159491854868 -0.00083939516330616 3.5976079340072e-07 -0.00059039997888471 0.053413481444295 0.012727922061358 4 13 5 5 6
49.025527245272 8.4485628226118 113.13384246826 -0.012189 0.01333 1.2863823267949 -0.0044044582751139 0.0024117490297234 -0.0035507662293791 0.0035507554537367 0.0011566659323419 -0.12794104651887 -0.12550679616965 9.8110765739503 0.0028816761691325 -0.0061023826285726 9.8127124203727 -0.00034455964443188 -2.1173080288171e-05 0.00013441545909132 -0.00034272138056597 -1.9535507896453e-05 0.00013922015351548 0.053413481444295 0.012727922061358 4 13 5 5 6
49.025527386646 8.4485624288962 113.10501861572 -0.012449 0.013511 1.2868563267949 7.2419200705094e-05 -0.007996145924906 -0.0021703862852099 -0.0076962977794772 0.0029090506087069 -0.16192665740512 -0.10311815092373 9.7871882526049 -0.029691361444663 0.018475197065078 9.7890097505206 -0.00060273925278391 5.2221813716034e-05 0.00029131206179435 -0.00059873587878054 5.5816270656346e-05 0.0002987935107881 0.054203320931471 0.012727922061358 4 12 5 5 6
49.025527136995 8.4485627140483 113.12677001953 -0.012355 0.013217 1.2867773267949 -0.0080352866016533 -0.0031887659243563 -0.0086069221923426 -0.00080929889445747 -0.003616389611333 -0.1323285648692 -0.12107453658091 9.811229743863 -0.0024871043482844 5.2277427459853e-05 9.8128697151828 -0.00012755041587547 -0.00031070896281967 4.0375917415334e-05 -0.00012697253955047 -0.00031017529560254 4.5871035712207e-05 0.054817880294663 0.012727922061358 4 13 6 6 6
49.025527162433 8.4485625654713 113.10844421387 -0.012342 0.013139 1.2868973267949 -0.008047327260243 -0.0064614817522363 -0.0095349377524717 -0.0039490625000414 -0.0047490173897103 -0.12473752786037 -0.1361249730718 9.8223331175088 0.0046897236803185 -0.014935297634976 9.8240573256883 -0.00012520757420874 -0.0006605242073962 -0.00048814229066272 -0.00013150035155493 -0.00066650838391988 -0.00047827919000255 0.060307545133258 0.012727922061358 4 13 6 6 6
49.025527259336 8.448562787625 113.13271331787 -0.012125 0.013384 1.2863403267949 -0.0043340072994393 0.0022636891791948 -0.0035244130032236 0.003389160334142 0.0022266700718673 -0.13124494526824 -0.12472099160703 9.7988286405956 -0.00023094605845288 -0.0057814149982862 9.8005013038125 0.00033543206331544 0.00020394288287033 0.00068848057816548 0.00034460713380497 0.00021227247113605 0.00068140136633241 0.053413481444295 0.012727922061358 4 13 5 5 6
49.025527187819 8.4485628550636 113.13751220703 -0.012132 0.013231 1.2864423267949 -0.0065821274989657 0.0024028599464388 -0.0056435002403633 0.0041532056044391 0.00079390150227647 -0.12348356376338 -0.13185383925968 9.8184606183859 0.0067950682885811 -0.012541130636592 9.8201132786563 0.00037052624734731 -0.00058781292060121 0.00094281380170257 0.00038303514061499 -0.00057636325533407 0.00094486558613412 0.053413481444295 0.012727922061358 4 13 6 6 6
49.025527283666 8.4485627306363 113.12828063965 -0.012189 0.013439 1.2863043267949 -0.0035303061058788 0.00096577826905656 -0.0031173412378464 0.0019178089265715 0.0020411526741075 -0.13442024663767 -0.1263970068698 9.812561423983 -0.0027323810483615 -0.006776083746296 9.814294450725 2.9373793667285e-05 0.00036887981866727 7.1163964144107e-05 3.0272951237495e-05 0.0003697394947914 6.6222683691735e-05 0.053413481444295 0.012727922061358 4 13 5 5 6
49.025527360398 8.4485624572861 113.10649108887 -0.012396 0.013354 1.2866183267949 -0.00082841199541084 -0.0071447563719633 -0.0027975497719447 -0.0066262955869774 0.0024315590690678 -0.11320519146602 -0.12579301568614 9.8179526182472 0.018493070359872 -0.0037646336337882 9.8193944014136 0.00036970916617643 -0.0009285643226002 -0.0013272399066448 0.00035216339826531 -0.00094491166122007 -0.0013203771237579 0.054203320931471 0.012727922061358 4 12 5 5 6
49.025527477899 8.4485623445561 113.09098052979 -0.012519 0.013474 1.2874173267949 -0.0001697611041225 -0.010105259586443 -0.0029883942967923 -0.0096547685388096 0.0040980989410869 -0.11195904845439 -0.11974773019368 9.810792900692 0.020519948184873 0.0035379523964493 9.8121428782232 0.00080184871218561 -0.00050060473565685 0.00021229923463871 0.00080471253017449 -0.00049792152639084 0.00020773275021245 0.054817880294663 0.012727922061358 4 12 5 5 6
49.025527333722 8.4485625203326 113.11024475098 -0.012339 0.013457 1.2864863267949 -0.0023449052820558 -0.0058719619893291 -0.0038975958820739 -0.0049786780252464 0.0020544108358882 -0.12181742492825 -0.11859823999924 9.8037564783158 0.0098597646876123 0.0021850379061261 9.805226323568 -0.00047155917636706 0.00046806964312304 -0.00021984584518384 -0.00047455810727031 0.00046533314724698 -0.00021920355403797 0.054203320931471 0.012727922061358 4 12 5 5 6
49.025527231799 8.4485624907017 113.10078430176 -0.012472 0.013218 1.2869523267949 -0.0046584649996019 -0.0093811008096889 -0.0070991739064471 -0.007701173109919 -0.0081117484451096 -0.12725406453795 -0.1194608550914 9.8139101868451 0.0022045179437473 0.0026713917434037 9.8154623356012 -0.00049772068047922 0.00045696315950128 -9.8076938701999e-05 -0.00049908505362287 0.00045569690915641 -9.7186028245702e-05 0.058898217290509 0.012727922061358 4 13 6 6 6
49.025527484027 8.4485623449888 113.09307861328 -0.012705 0.013618 1.2873183267949 0.0031842726626428 -0.011355059968726 -0.00011875957872703 -0.011792487117603 0.0035646862396319 -0.16256500132189 -0.13706165344177 9.8166875505065 -0.029370293015972 -0.012945370788394 9.8189405986781 -0.0010974011685225 0.00084025613280885 0.00018651223481899 -0.0010948610923062 0.00084257507038256 0.00019071702330826 0.054817880294663 0.012727922061358 4 12 5 5 6
49.025527444818 8.4485623642165 113.09841156006 -0.012537 0.013464 1.2871413267949 0.00063626949377735 -0.0098205163229201 -0.0021378027431685 -0.0096060931137396 0.0024817421846295 -0.11738501465717 -0.12379734679097 9.809145201279 0.015226999554341 -0.00067188368750176 9.8106183999115 0.00015076629401367 -0.0008076348835269 0.00084052902014685 0.00016218825134604 -0.00079705454111442 0.00084846942455709 0.054817880294663 0.012727922061358 4 12 5 5 6
49.025527146895 8.448562610234 113.11184692383 -0.012265 0.013158 1.2868683267949 -0.0087945541891447 -0.004944636933822 -0.009827528560434 -0.0022832706492891 -0.0039690374215975 -0.14015498542617 -0.11005422637078 9.7999655120128 -0.011041458921727 0.010266438277665 9.8015746369096 0.00012076811396648 -0.0002463299946996 -0.00029527290226209 0.00011691945823798 -0.00024994343999867 -0.00029380641399826 0.060307545133258 0.012727922061358 4 13 6 6 6
49.02552730871 8.448562667529 113.12169647217 -0.012202 0.013409 1.2863233267949 -0.0023258491469019 -0.0006045517619955 -0.002402034182672 7.2457822500255e-05 0.001902737418979 -0.13509031809612 -0.11798864425067 9.80270507094 -0.0033407682261103 0.001622945111687 9.8043453593944 -3.3864688792125e-05 -0.00049147033085934 -3.4206225239089e-05 -3.4304585429482e-05 -0.0004918451663939 -2.7771404633943e-05 0.053413481444295 0.012727922061358 4 13 5 5 6
49.025527198008 8.4485625224404 113.1082611084 -0.0125 0.013241 1.2869383267949 -0.0055975654861997 -0.0085451394242453 -0.0077666266564248 -0.0066356331190953 -0.0080971581544815 -0.13913271061567 -0.10942857420933 9.793988074507 -0.0096835287300321 0.012922933232012 9.7955755654654 2.3508041835037e-05 0.00035379951718722 -0.00037975309747294 1.8382706149597e-05 0.00034906716633212 -0.00038441247526398 0.056850681614208 0.013453624047074 4 13 6 6 6
49.025527221128 8.4485628449405 113.13502502441 -0.012102 0.013338 1.2864273267949 -0.0054388760116376 0.0026558079378935 -0.00447525147836 0.004075140236836 0.00087924879996429 -0.13133373068125 -0.11875583269501 9.7973535412947 -0.000898494044141 0.0002406842719051 9.7989549500538 0.0008018770854624 0.00050283639844922 0.00042773728945857 0.0008074675605637 0.00050794648265846 0.00041090231279575 0.053413481444295 0.012727922061358 4 13 5 5 6
49.025527287847 8.4485627169644 113.1275177002 -0.012182 0.013478 1.2863313267949 -0.003028014804992 0.00035541365874738 -0.0028065197256613 0.0011910601210139 0.0023442037331771 -0.13955015603633 -0.11244490335097 9.7919538966279 -0.0079427477647047 0.0068045239296244 9.7935892193507 -1.7240674183903e-05 0.00068685067197694 0.00083085209840552 -6.1803512485456e-06 0.00069690611218619 0.00082256644467936 0.053413481444295 0.012727922061358 4 13 5 5 6
