49.014238827187 8.4169753606877 118.46325683594 -0.006912 0.013967 2.1296643267949 -0.0022594039666888 -0.0090914374207906 0.0029045976868821 -0.0089063009852992 -0.0055859742000522 -0.13220161186991 -0.062950877844897 9.8130021162856 0.0053484452440302 0.0046920401278786 9.8140916153033 -0.00031161018021337 -0.00088412932865606 0.00013284544674994 -0.00030963478643099 -0.00088320599791126 0.00014325575952758 0.73185586012548 0.09121951545585 4 4 4 0 0
49.014238983104 8.4169756938192 118.45120239258 -0.006997 0.014099 2.1310783267949 0.0023039108753001 -0.012292992583634 0.0084843534748391 -0.0091891967055858 -0.0062526824479747 -0.13234969848147 -0.065538660682272 9.8071735167722 0.0060230504624053 0.0029236229171192 9.8082832590912 -0.00026877803350571 -0.00017350286196469 -1.7736486088739e-05 -0.00026898805267818 -0.00017362388009216 -1.2734581662746e-05 0.77217226057403 0.09121951545585 4 4 4 0 0
49.014238816169 8.4169753443326 118.46380615234 -0.006921 0.01403 2.1296263267949 -0.0028563484695005 -0.0083670447838496 0.0020139313677771 -0.0086087194698114 -0.0065794281084308 -0.13272394054368 -0.072104376338837 9.8158710550764 0.0052190543649634 -0.0043391419272353 9.8170306450141 -0.00029795340460224 -0.000411141933742 0.00048596758731107 -0.00029107450679722 -0.0004077761830283 0.00049291402363678 0.73185586012548 0.09121951545585 4 4 4 0 0
49.014238857273 8.4169754090143 118.46132659912 -0.006915 0.014033 2.1299913267949 -0.0012209894270201 -0.0099793069367212 0.0042584643170504 -0.0091072808004287 -0.0056128887623738 -0.13060825912792 -0.065728823996602 9.81014235656 0.0069103706541297 0.0021543008534793 9.8112292342315 9.0779912568098e-05 0.0002557944353339 0.00082397584223367 0.00010229268321645 0.0002615229448642 0.00082078899927916 0.75095272820598 0.09121951545585 4 4 4 0 0
49.014238992615 8.4169757738615 118.44841766357 -0.006963 0.014103 2.1312313267949 0.0022216914733647 -0.012337526104489 0.0084397221831804 -0.0092693891867513 -0.006851637264054 -0.13851446206743 -0.063385185031478 9.8024400370443 -0.00036149820744864 0.0047664419602497 9.80362243894 -0.00017434938199251 0.00017853776262005 3.9874793369797e-05 -0.0001737592100594 0.00017882397993734 4.1093724122958e-05 0.78986391232921 0.09121951545585 4 4 4 0 0
49.014238901254 8.4169754883276 118.45858764648 -0.007002 0.014071 2.1303673267949 0.00069711310979945 -0.010362701242177 0.0060910238382257 -0.0084125342636249 -0.0044436197896552 -0.12962064087325 -0.063968696071985 9.8081142226677 0.0081401254744094 0.0044735478434766 9.8091748983792 -0.00041250822859102 0.00043586279883684 0.00079526721774328 -0.00040131525084708 0.00044140493535693 0.00079793705999702 0.75095272820598 0.09121951545585 4 4 4 0 0
49.014238993432 8.4169759833982 118.44065856934 -0.006926 0.013904 2.1317243267949 0.0024731559241798 -0.012849138126562 0.0089293615010529 -0.0095646914494522 -0.0072839162345647 -0.13677432245851 -0.069360264586736 9.8098395674736 -0.00039728356597229 -0.0011926273274122 9.8110382512282 0.00042623510673306 3.8755704450916e-05 0.00013453096117203 0.00042807153846651 3.9695988787394e-05 0.00012834527864472 0.78986391232921 0.09121951545585 4 4 4 0 0
49.014238991738 8.4169760153457 118.43968200684 -0.006949 0.013898 2.1317993267949 0.0024788099308942 -0.012874275630371 0.0089481265419374 -0.0095824093091983 -0.0072037816374781 -0.13119576157634 -0.064676744921103 9.805047668605 0.0049843453564715 0.0034992231675872 9.8061369727697 9.4439972251005e-05 0.00017030161805787 0.00034260382700244 9.9203037807097e-05 0.00017268398431222 0.00034006339645133 0.78986391232921 0.09121951545585 4 4 4 0 0
49.014238946043 8.4169755862729 118.45545196533 -0.006992 0.014138 2.1306103267949 0.0010181881340719 -0.0112483294718 0.0068362204235192 -0.0089904254737264 -0.0059624483047092 -0.13433022319747 -0.072374766109491 9.8121243812552 0.0044733703228735 -0.0037480427217708 9.8133089713587 6.3061800975841e-05 -0.00013450775169692 -0.00080537898423781 5.1675719151248e-05 -0.00014015390046979 -0.00080522870454298 0.77217226057403 0.09121951545585 4 4 4 0 0
49.014238925198 8.416975528405 118.45724487305 -0.00705 0.014137 2.1304233267949 0.0012337134025564 -0.010791483025504 0.0067740340635431 -0.0084906117052185 -0.0051986805432053 -0.13697704771497 -0.067053730142677 9.8075270473171 0.0016309399169227 0.0019171768399061 9.8087122241601 -0.00029036686622155 6.8335712800937e-05 0.00043639282952965 -0.00028420282355232 7.1443050699153e-05 0.00043997786569928 0.75095272820598 0.09121951545585 4 4 4 0 0
49.014238951988 8.4169755996929 118.45483398438 -0.006973 0.014201 2.1307853267949 0.0016491370576344 -0.011210086455318 0.0073511055166425 -0.0086224506894473 -0.006158954179161 -0.13216684504496 -0.067719355739775 9.8023879344323 0.0065988675158395 0.00090106193395621 9.8035104244876 0.00048253255374918 0.00078517367050722 0.0011060190540143 0.00049804577644052 0.00079284716551621 0.0010935429319237 0.77217226057403 0.09121951545585 4 4 4 0 0
49.014238893382 8.4169754766453 118.45896148682 -0.006963 0.014014 2.1303133267949 -0.00033295585380175 -0.010133748107213 0.0050963156899199 -0.0087653196502716 -0.0053706153386703 -0.1253884069456 -0.073582759484929 9.8231515621286 0.012128794123713 -0.0051905504129364 9.8242186212733 -5.6721984980246e-07 0.00024948770795196 7.1367919655217e-05 3.9527526012436e-07 0.00024998029362755 6.9593943699568e-05 0.75095272820598 0.09121951545585 4 4 4 0 0
49.014238961364 8.4169756309911 118.45394134521 -0.006967 0.014182 2.1308193267949 0.0018585044741401 -0.011526788127968 0.0076976785982728 -0.0087787526549978 -0.0063482860208395 -0.13647373631966 -0.0624159879774 9.8091503949458 0.0024387747261923 0.0061681480108878 9.8102959439288 0.00046386502917155 0.00037610399416121 -0.00036151947823655 0.00045868523979432 0.00037357756976038 -0.00037066642780092 0.77217226057403 0.09121951545585 4 4 4 0 0
49.014238989685 8.4169760482663 118.4381942749 -0.006895 0.01393 2.1318333267949 0.0022189384485398 -0.012788207676577 0.0086826090932062 -0.0096474988938509 -0.0073967897719191 -0.12974984070706 -0.066708218331559 9.8064044868314 0.0063911544532298 0.0012733241699687 9.8074871842312 0.00068306921156293 0.00083366265791916 0.00048911492585187 0.00068973689329611 0.0008370205043853 0.00047381463680608 0.80614638869128 0.09121951545585 4 4 4 0 0
49.014238808593 8.4169753344668 118.46440124512 -0.006904 0.014106 2.1295083267949 -0.0035487924417448 -0.0086366568973312 0.0015691090626714 -0.0092045425693528 -0.007359397371148 -0.13570818592019 -0.070050231438574 9.8038397121071 0.0027205251815058 -0.0022933512045285 9.8050286675051 0.00015099976723469 -0.00024905946947681 -0.00047474672150585 0.00014438083488216 -0.0002523636243897 -0.00047506397188848 0.73185586012548 0.09121951545585 4 4 4 0 0
49.014238979109 8.4169756784408 118.45189666748 -0.006981 0.014114 2.1309753267949 0.0021560757628919 -0.012025672148545 0.0082161599460018 -0.0090421307541162 -0.006394193252182 -0.13458005168751 -0.067240848221933 9.8110024266316 0.0039059883625002 0.0011662302755016 9.8121549755258 -0.00012832033330449 -1.2030797815348e-05 -9.3187148404248e-05 -0.00012964031464604 -1.2688303275534e-05 -9.1284390437344e-05 0.77217226057403 0.09121951545585 4 4 4 0 0
49.014238908685 8.416975496216 118.45825195312 -0.007031 0.014143 2.1303013267949 0.00094548744192927 -0.011554530928477 0.0069341873793734 -0.0092907512792284 -0.0046455621563362 -0.1346182096987 -0.05597752547285 9.8055349609774 0.0036689139144902 0.012478584236727 9.8066099942896 -0.00083485335764726 0.00070676484497365 -0.00042351117507678 -0.00084079897745255 0.00070381900461691 -0.00041659167331092 0.75095272820598 0.09121951545585 4 4 4 0 0
49.014239002058 8.4169761101144 118.43604278564 -0.006965 0.013899 2.1320133267949 0.0020232259622347 -0.012928879506533 0.0085934652280126 -0.0098692342325124 -0.0076201986137132 -0.13507873598833 -0.064399521303039 9.8094081125786 0.0012453878391923 0.0039051529314231 9.8105483771536 -1.3691201877772e-05 4.0957425577497e-05 0.00042812992457945 -7.7171010219741e-06 4.3938784847578e-05 0.00042797181882573 0.80614638869128 0.09121951545585 4 4 4 0 0
49.014238882802 8.4169754536647 118.45957183838 -0.006921 0.014018 2.1302303267949 -0.0011680868232609 -0.010626480014087 0.0046491759292218 -0.0096266181640116 -0.0061863928135151 -0.13597807386621 -0.064904437658333 9.8008533353362 0.0013608974101583 0.0029940773698203 9.8020108429175 0.00012604501148976 8.4874703941667e-05 0.00029413288378726 0.00013014215272975 8.6899540118388e-05 0.00029171755062616 0.75095272820598 0.09121951545585 4 4 4 0 0
49.014238846278 8.4169753915689 118.46195220947 -0.006951 0.014002 2.1298923267949 -0.0016361534529348 -0.0097338016881588 0.0037756175911887 -0.0091196699993094 -0.0057159785302791 -0.13362727057956 -0.064977970141146 9.8105456916903 0.0037942014129848 0.0028599962209847 9.8116697710422 -0.00062089918753709 -0.00010632644400899 0.00038586378235135 -0.00061547446402981 -0.00010366746928869 0.00039521695554797 0.73185586012548 0.09121951545585 4 4 4 0 0
49.01423899078 8.4169760330157 118.4388885498 -0.006917 0.013861 2.1317733267949 0.0022768917257261 -0.012818353052593 0.0087473483505927 -0.0096425277716347 -0.0074533765028966 -0.13440049756729 -0.067962617076902 9.8048698513384 0.0015691666935783 0.00016095933293063 9.8060263630973 0.00057522800389732 -0.00010969040599829 4.3930836599641e-05 0.00057580193094923 -0.00010939410298617 3.6719434946844e-05 0.80614638869128 0.09121951545585 4 4 4 0 0
49.014238973194 8.4169756601444 118.45258331299 -0.006981 0.014116 2.1309793267949 0.0019651224492763 -0.012046519216748 0.0080652536364341 -0.0091614377956984 -0.0063876429888356 -0.13893040903671 -0.069857558397162 9.8043094231453 -0.00042778101916078 -0.0013722832745904 9.805542304681 9.5796607673804e-05 -0.00019418645594883 0.00039494467068832 0.00010136620460775 -0.00019146965458378 0.00039488466831894 0.77217226057403 0.09121951545585 4 4 4 0 0
49.014238864524 8.4169754176434 118.4608001709 -0.006941 0.013969 2.1300143267949 -0.00096668884492178 -0.0099174320015024 0.0044417633473986 -0.0089196674675263 -0.0056303076085901 -0.13686626849079 -0.066862924857925 9.8091456856342 0.00047469321644762 0.0010711866034152 9.8103280508969 -0.00025101028190384 -0.0005765557733361 0.00022188391748024 -0.00024780190574547 -0.00057500664960728 0.00022937132110931 0.75095272820598 0.09121951545585 4 4 4 0 0
49.014238987132 8.4169757299824 118.45015716553 -0.006949 0.014082 2.1312113267949 0.0023771963528256 -0.012479058897859 0.0086458682699663 -0.009307353966724 -0.0064962863778534 -0.13158125814222 -0.062959445588482 9.8042377430955 0.00671739226178 0.0052846452685159 9.8053191587546 0.00020050502301238 -0.00042622648466696 0.0011265674581938 0.00021641492121833 -0.00041840266759463 0.0011265668732236 0.77217226057403 0.09121951545585 4 4 4 0 0
49.014238995808 8.4169758521472 118.4453125 -0.006883 0.013911 2.1314283267949 0.0018832730455624 -0.012484889180971 0.0082328970928846 -0.0095728020705952 -0.0078385360247319 -0.13235426821503 -0.063737785079269 9.8116433460504 0.0045036459628845 0.0039095230607601 9.8127413975272 0.00021124950585503 -0.0006643278257382 0.00076123779379131 0.00022190045323176 -0.00065904928311375 0.00076277135887139 0.78986391232921 0.09121951545585 4 4 4 0 0
49.01423887452 8.4169754362 118.46028900146 -0.006941 0.014035 2.1301563267949 -0.0010112267607804 -0.010197550716173 0.0045536418255586 -0.0091802460628964 -0.0056915060284741 -0.13197090715822 -0.059612123644019 9.8108865164614 0.0053885746621695 0.0082920960568958 9.8119499237662 -0.00034302116695777 0.00059845445042352 0.00063810804879359 -0.00033414987541928 0.00060282394311718 0.00063866732796008 0.75095272820598 0.09121951545585 4 4 4 0 0
49.014238996709 8.4169759122496 118.44286346436 -0.006915 0.013869 2.1316633267949 0.0024417153164271 -0.012860525721998 0.0089080696683911 -0.0095917270927266 -0.0070466923445146 -0.13407173694376 -0.06982952404898 9.8109822216161 0.0023080653382958 -0.001841122845728 9.8121463606002 0.00028272853912223 -0.00055218428770711 0.00047874457137321 0.00028939877800946 -0.00054888953313651 0.00047860256041372 0.78986391232921 0.09121951545585 4 4 4 0 0
49.014238939664 8.4169755672994 118.45597076416 -0.006994 0.014147 2.1306273267949 0.00082154591997036 -0.01118654498988 0.0066362388684702 -0.0090429091883609 -0.0062558088679344 -0.13478264190367 -0.061915424168933 9.8032910588691 0.0039008842938761 0.0066478535543984 9.8044099699594 1.5590064059693e-05 4.9225654102586e-06 0.00062731270294099 2.446540032966e-05 9.3115288154562e-06 0.00062699297229832 0.77217226057403 0.09121951545585 4 4 4 0 0
49.014238994609 8.4169759577434 118.44162750244 -0.006928 0.013885 2.1316473267949 0.0024901294831814 -0.012936903966819 0.0089901012473089 -0.0096302780661031 -0.0071630766564506 -0.13239533378245 -0.061718972351348 9.8069558117071 0.0039030057900618 0.0063371342434501 9.8080407868874 0.00023306782625987 -0.00021528883977173 -0.00071576625295598 0.00022313679478509 -0.00022025062032727 -0.00071740463265839 0.78986391232921 0.09121951545585 4 4 4 0 0
49.014238837098 8.41697537724 118.46257781982 -0.006887 0.013993 2.1298543267949 -0.0018708676115657 -0.009527320477085 0.0034662000111489 -0.0090694585388224 -0.0056795597020962 -0.13744035543556 -0.062443961962371 9.8080979546802 -0.00015158448592244 0.0052192294162383 9.8092578730941 0.00020605809500602 -9.9337828105477e-05 0.0014233805214657 0.00022594568016633 -8.9537891547829e-05 0.0014210244655705 0.73185586012548 0.09121951545585 4 4 4 0 0
49.01423899605 8.4169759007808 118.44362640381 -0.006857 0.013925 2.1315623267949 0.002178523670476 -0.012682963771728 0.0085898712721209 -0.0095821485878638 -0.00714923869172 -0.13086041838723 -0.063971197785869 9.8125555171796 0.0056484265758524 0.0038229648163459 9.8136344395716 0.00093653586393752 0.00025136390855524 0.00021093295086573 0.00093934752639951 0.00025279620152292 0.00019612693513535 0.78986391232921 0.09121951545585 4 4 4 0 0
49.014238995411 8.4169758163599 118.44654083252 -0.006886 0.013975 2.1313923267949 0.0019582474984535 -0.012495963978399 0.0083019341200496 -0.0095426321697683 -0.0076688978123352 -0.13445018113444 -0.064402492610392 9.7983975319501 0.0028473844500633 0.0031640147669051 9.7995306103197 0.00017795014120339 -0.00064848024009584 0.00082105124311411 0.00018949124367974 -0.00064280016103665 0.00082295775459444 0.78986391232921 0.09121951545585 4 4 4 0 0
49.01423900709 8.4169761401248 118.43521881104 -0.006996 0.013895 2.1321133267949 0.0021325377463558 -0.012951029590097 0.0086984427068393 -0.0098292391396268 -0.007465351055531 -0.1349836556117 -0.068294709645632 9.8066281821354 0.0014025348802472 0.00014245359870346 9.8077947833236 -0.00029759237492189 -0.00021460179546388 0.00097649321551087 -0.00028396362058105 -0.0002077820092845 0.00098204600129333 0.80614638869128 0.09121951545585 4 4 4 0 0
49.014238997149 8.4169760884548 118.43698120117 -0.006964 0.013893 2.1319073267949 0.0020861386263545 -0.012795446924553 0.0085747386937356 -0.0097236452268215 -0.0074965098146897 -0.13675919760707 -0.061726740590173 9.8092189712483 -0.00043566656457565 0.00655445240661 9.8103641659107 -4.3072002939103e-05 -7.9573553420313e-05 0.00024468867910535 -3.9641547950974e-05 -7.7850262016662e-05 0.00024582343573723 0.80614638869128 0.09121951545585 4 4 4 0 0
49.014238989866 8.4169757490857 118.44929504395 -0.00694 0.014057 2.1312343267949 0.0022899775269513 -0.012423321021037 0.0085429413741529 -0.0093059680917982 -0.0067677043595279 -0.14045028761266 -0.069271271900714 9.8088890721218 -0.0022625031211968 -0.00093599964924143 9.8101386953551 0.00048201980205713 -0.00054352125550489 0.00052536503854565 0.00048945854651048 -0.00053981498687876 0.00052231555261204 0.77217226057403 0.09121951545585 4 4 4 0 0
49.014238994404 8.4169757873294 118.44770050049 -0.006874 0.014016 2.1313263267949 0.0020691663865144 -0.012423113048959 0.0083565448160329 -0.0094224982556756 -0.0072639507422895 -0.13769021870547 -0.065716101005743 9.8072419740491 1.471205459114e-05 0.0020650387210702 9.8084283192919 0.00066788282800651 -0.00044903631968057 0.00081367803615293 0.00067925472429121 -0.00044340113367259 0.00080733691535926 0.78986391232921 0.09121951545585 4 4 4 0 0
49.014238917194 8.4169755081286 118.45787811279 -0.007058 0.014089 2.1303293267949 0.0010544591885902 -0.011371373042054 0.0069291338241082 -0.0090778359593054 -0.0051494476506524 -0.14406726990208 -0.078839978942428 9.8055798693503 -0.0057319910277364 -0.010091292081918 9.8069485444094 -0.00081608498096967 -0.00033253765661174 0.00044750444502429 -0.00080968111485837 -0.00032935909650973 0.00046130868151876 0.75095272820598 0.09121951545585 4 4 4 0 0
49.014238996184 8.416975872476 118.44441223145 -0.006886 0.013879 2.1315063267949 0.0020060487418148 -0.012566480255107 0.0083813277674087 -0.0095756937012583 -0.0075747272783628 -0.13203495449863 -0.067339969123612 9.8113171308401 0.0044435263042968 0.00041435469049052 9.8124356831637 0.00036603139282826 -0.00054760746236643 0.0002579037742225 0.00036962084180591 -0.00054583182732603 0.00025659707636252 0.78986391232921 0.09121951545585 4 4 4 0 0
49.014238933966 8.4169755553329 118.45663452148 -0.007017 0.014177 2.1305563267949 0.0011008142134195 -0.011000248720363 0.0067732232480273 -0.0087373283160661 -0.0056697799727884 -0.13965991412316 -0.06309947479692 9.8008332040695 -0.00094232687460284 0.0056555601128328 9.8020297495533 -2.9577964077514e-05 0.00041537494128136 0.00072073572404276 -1.9470324484359e-05 0.00042042450722549 0.00071814287634521 0.75095272820598 0.09121951545585 4 4 4 0 0
49.014238967622 8.4169756470726 118.45324707031 -0.007018 0.014129 2.1309383267949 0.0018491139174165 -0.012074691062293 0.0079813063488568 -0.0092474889696705 -0.0062727046935036 -0.13287748868362 -0.0618625674877 9.8089573808619 0.0058683290926818 0.0066191815649774 9.8100483746868 -0.00063996925935937 -0.00028731852147251 0.00081763711352984 -0.00062831105152825 -0.00028162021169816 0.00082857765593554 0.77217226057403 0.09121951545585 4 4 4 0 0
49.014239010457 8.4169761551131 118.43447113037 -0.006987 0.013893 2.1321243267949 0.0021547946119504 -0.013094059234214 0.0087939319519979 -0.0099380217347748 -0.007754910404815 -0.13250370902522 -0.060493362358154 9.804529947592 0.0036382415820527 0.0079760694997568 9.8056082192468 -4.8760827976975e-05 0.00013477019193759 0.00034702886001137 -4.3960967792812e-05 0.00013719724834195 0.00034674121257213 0.80614638869128 0.09121951545585 4 4 4 0 0
