49.014238766278 8.4169801962664 115.81655883789 -0.006742 0.014208 1.8897033267949 0.0035338137091142 0.001517588275228 0.0028800374925738 0.0025487939086296 -0.0015913210497855 -0.14649972929924 -0.06746128699626 9.8079981541595 -0.0074003383361786 -0.0017355930596166 9.8093212135725 -0.00060423604437526 0.00040995393058284 -0.00041876883890506 -0.00061015749277357 0.00040714190899627 -0.00041289945911443 0.19109421759959 0.017691806012954 4 4 5 5 0
49.014238720708 8.4169800387094 115.92137145996 -0.006721 0.014065 1.8899763267949 0.0011662504960628 -0.0026892262616198 0.0019512217263894 -0.0021874151303924 0.011232118663353 -0.14067642026937 -0.066067254847786 9.8047464647676 -0.0027825641319794 -5.8694487794309e-05 9.8059779873669 0.00031562271328975 0.00014408723344782 -0.00035926106822763 0.00031051686957415 0.00014169215018782 -0.00036464155051943 0.19018412131406 0.0162788205961 4 4 5 5 0
49.014238762324 8.4169802138433 115.81325531006 -0.006697 0.01416 1.8894873267949 0.0034602185149494 0.0018767689668929 0.0026978825963201 0.0028664679834778 -0.0020164140884184 -0.13634748090622 -0.063135074621613 9.8135518599951 0.0027285319637559 0.0023501595743935 9.8147014197088 -0.00026271828781081 -0.00027650308417663 -0.00075999695502233 -0.00027339163181329 -0.00028158650136451 -0.00075432040586376 0.19109421759959 0.017691806012954 4 4 5 5 0
49.0142387613 8.4169801468901 115.82750701904 -0.006717 0.014182 1.8911603267949 0.0034153065946238 0.00023126981595303 0.0031690054461294 0.0012944866443991 -0.00035543780890557 -0.13333364584257 -0.068422681756618 9.8050074098245 0.0056906857481287 -0.0027743377861265 9.8061507419437 -0.00024499165866552 -8.7685706514089e-05 0.0001874431610711 -0.00024229783308665 -8.6418338742107e-05 0.00019147641656587 0.19109421759959 0.017029386365926 4 4 5 5 0
49.014238697445 8.4169799272336 115.94832611084 -0.00679 0.014051 1.8887903267949 -0.00020055335643851 -0.0043758598447468 0.0011786718453356 -0.0042188466972644 0.014055525651625 -0.13772400148002 -0.066166435469252 9.8089026375851 0.00027870192262346 0.00047311275857797 9.8100926856157 0.00026648602832408 -0.0003368008598663 -0.0015451741135246 0.0002447481995373 -0.00034729558059583 -0.0015464490223163 0.19109421759959 0.0162788205961 4 4 5 5 0
49.014238787562 8.4169800723153 115.85755157471 -0.006688 0.014152 1.8908113267949 0.0040582499146405 -0.0016196996683734 0.0043617614947432 -0.0002601305486833 0.0034093625077207 -0.13534727477804 -0.063934902708512 9.8090344641963 0.0035382312701843 0.0019958367958054 9.8101757161982 0.00068508804243894 -0.00015068283034653 -0.00076930460715735 0.0006741511777801 -0.0001558048780509 -0.00077790313560616 0.19109421759959 0.017029386365926 4 4 5 5 0
49.014238607897 8.4169796869237 116.02101135254 -0.00689 0.014061 1.8904513267949 -0.003283350317243 -0.0093392328084051 -0.00018497640471212 -0.009897855292898 0.022474826877636 -0.13534555297555 -0.063454302715834 9.8135676082413 0.0027329104125691 0.0045591691441075 9.8147044478497 0.00071916728741445 -0.00014237451862108 -0.0010833547729739 0.0007038418220676 -0.0001499151760773 -0.0010923683027259 0.19109421759959 0.0162788205961 4 4 5 5 0
49.014238588417 8.4169794831977 116.04988098145 -0.007004 0.014098 1.8907993267949 -0.0042301071313391 -0.013588831258619 0.00025727698676846 -0.014229691687202 0.023263167701834 -0.13777732732071 -0.067203410090575 9.8085979903022 0.0005357851321345 0.0014111393012542 9.8097955506586 -0.00014045256969917 -2.9632373145876e-05 -0.00071695357282445 -0.00015056078487204 -3.4611397772415e-05 -0.00071470828789474 0.19109421759959 0.0162788205961 4 4 5 5 0
49.014238606591 8.4169796669028 116.0259552002 -0.006974 0.014073 1.8904963267949 -0.0035352834005351 -0.0096629721289829 -0.00031944903878394 -0.010284428331654 0.022839779488493 -0.14257297359751 -0.063792391090214 9.8085156793916 -0.0046136082157282 0.0042545068549252 9.8097571830853 -0.00059766166504138 9.7313063964767e-05 0.0002915521379642 -0.00059352702567187 9.934924728789e-05 0.00029921962521373 0.19109421759959 0.0162788205961 4 4 5 5 0
49.014238781483 8.4169800523419 115.889503479 -0.006712 0.01414 1.8907833267949 0.0035707112992037 -0.0026781340550501 0.0042320701088593 -0.001418471295666 0.0075466980026438 -0.13437132007357 -0.069475582496074 9.8072870977786 0.0042171216492174 -0.0034716329352647 9.8084521209539 0.00028871650587094 0.00018308987212847 -0.00090973828699695 0.00027581359722327 0.00017696298097864 -0.0009149477982354 0.19018412131406 0.0162788205961 4 4 5 5 0
49.014238776278 8.4169800368368 115.88001251221 -0.006721 0.01411 1.8909643267949 0.0037218919947182 -0.002668567049582 0.0043725159195613 -0.0013619083975691 0.0065700104773522 -0.14316244947709 -0.066369085185339 9.8124613337445 -0.0044571842451476 -0.00027916436164622 9.8137288792065 0.00024996958224743 -0.00038219541670435 -0.00011814523495653 0.00024829095788138 -0.00038297076626853 -0.00011910393831202 0.19109421759959 0.017029386365926 4 4 5 5 0
49.014238777533 8.4169800633993 115.8927154541 -0.006677 0.014105 1.8906843267949 0.003525943045367 -0.0023612298541565 0.0040896672100473 -0.0011324379835551 0.0080500089608142 -0.14060437218332 -0.067994278155923 9.8055019077738 -0.0021493937946436 -0.0021993681795078 9.8067451802122 0.00053455561163544 -0.00019348477540055 0.00060654725272982 0.00054307610615268 -0.00018945459819821 0.00060023635529412 0.19018412131406 0.0162788205961 4 4 5 5 0
49.014238595885 8.4169794963814 116.04598999023 -0.007004 0.014056 1.8904653267949 -0.0041752729522263 -0.013470625445905 0.00026709360622093 -0.014100339552271 0.022989199584643 -0.14096574737146 -0.066828713711462 9.8114607012626 -0.0028755336039531 0.0018273092509488 9.8127001658483 -9.806610587676e-05 -0.00029623318343643 -0.00079442471787773 -0.00010920234001307 -0.00030177237718015 -0.00079086266210021 0.19109421759959 0.0162788205961 4 4 5 5 0
49.01423878176 8.416980096243 115.84841156006 -0.006735 0.014184 1.8911623267949 0.0040741215458678 -0.0013545837891605 0.0042933996883072 -2.4860713788803e-06 0.0025371808674502 -0.13836953541116 -0.065782664703738 9.8051070970186 0.00068979510545572 9.7246825834309e-05 9.8063040682133 -0.00025210777451404 1.8057590519208e-05 0.00025319804974559 -0.00024851521605272 1.9742633298314e-05 0.00025659638647227 0.19109421759959 0.017029386365926 4 4 5 5 0
49.014238774147 8.4169800731115 115.89561462402 -0.006759 0.014111 1.8904403267949 0.0032338239293093 -0.0022033294930399 0.0037624759983711 -0.0010752056559399 0.0081178509957862 -0.13576770203274 -0.064492729247349 9.8067219833488 0.0025759280693865 0.0013200796307738 9.8078734718159 -0.00086628611035141 0.00014986632216069 -0.00031229079466078 -0.00087062966236267 0.00014778254958496 -0.00030105025474337 0.19018412131406 0.0162788205961 4 4 5 5 0
49.014238606842 8.4169796096402 116.03778839111 -0.006997 0.014068 1.8899683267949 -0.0036851789466158 -0.010715848837894 -0.00013559917524922 -0.011331008269297 0.023745324326492 -0.13751815786847 -0.06771087800411 9.8095774894027 0.00037712127980625 0.00076167937599281 9.8107751878829 -0.00021808904637766 0.00018200363081171 -0.00034310047112604 -0.00022289828867564 0.00017960487381866 -0.00034128000896573 0.19109421759959 0.0162788205961 4 4 5 5 0
49.014238757822 8.4169802362026 115.81261444092 -0.006652 0.014143 1.8894773267949 0.0034005831276698 0.0027869478503339 0.0023558225872092 0.0037122710788335 -0.0019330447589789 -0.14131682219584 -0.066189694524817 9.8069460837385 -0.0024599121354173 -0.00092716912716487 9.8081870487096 0.00026253657638462 -0.00034974371376896 -0.00052881427270142 0.00025508257692144 -0.00035329758978175 -0.00053013664062322 0.19109421759959 0.017691806012954 4 4 5 5 0
49.014238738539 8.4169800490429 115.91719818115 -0.006726 0.014041 1.8899353267949 0.0020268620481579 -0.0023184054137849 0.0026520164204567 -0.0015652052708341 0.010623630558888 -0.13861872351255 -0.065398177152664 9.8116217640805 -0.00039862145442555 0.00056668922849492 9.8128188222458 0.00010953219201947 -0.00063364739564719 -0.0011845018776009 9.2919286712182e-05 -0.00064157689515323 -0.0011816568801561 0.19018412131406 0.0162788205961 4 4 5 5 0
49.014238788497 8.4169800589234 115.86580657959 -0.006743 0.014144 1.8908333267949 0.0040932388931245 -0.0020651146882125 0.004535105386747 -0.00067230806413676 0.0045694149343363 -0.13918825411769 -0.065382033673724 9.8112349288321 -0.00024125422061313 0.00063089589811973 9.8124398840952 -0.00019659589304409 -0.00030723278194311 -0.00025849545977206 -0.00020016383993928 -0.00030898406457113 -0.00025361514571446 0.19109421759959 0.017029386365926 4 4 5 5 0
49.014238605655 8.4169795682375 116.03580474854 -0.006986 0.014055 1.8898213267949 -0.0040414932023313 -0.011790586989938 -0.00013922454751956 -0.012463236165668 0.023047520127284 -0.14380023917619 -0.066266116469318 9.8111329125674 -0.0059463907165083 0.0022017357743265 9.81240850479 -8.4194363746451e-05 2.5613327496137e-05 -0.0007954736931143 -9.5345038361252e-05 2.0052747868574e-05 -0.00079438177067075 0.19109421759959 0.0162788205961 4 4 5 5 0
49.014238777896 8.4169801045018 115.84385681152 -0.006709 0.014156 1.8912683267949 0.0039700525456951 -0.0011386718237199 0.0041265998962967 0.00017026218128607 0.0017682975346094 -0.13712361898504 -0.06684501151934 9.8091657682423 0.0020254261965001 -0.0010049336285274 9.8103517028975 9.2965508712115e-05 -0.00054218975389364 -0.00065453415371436 8.3708425355952e-05 -0.00054657858048495 -0.00065212672449763 0.19109421759959 0.017029386365926 4 4 5 5 0
49.014238750428 8.4169801760852 115.8237991333 -0.006693 0.014202 1.8907703267949 0.0032428799700219 0.00068956141467938 0.0028618481103815 0.001673976611654 -0.0006151922559461 -0.13792244491181 -0.064903944893369 9.8057929636351 0.0011072384010967 0.00071135623049511 9.806977839614 6.2523744270453e-05 0.00046436733353496 -0.0014990321735926 4.1197183588051e-05 0.00045430947942014 -0.0015028715166269 0.19109421759959 0.017691806012954 4 4 5 5 0
49.014238610223 8.4169796333219 116.03303527832 -0.00695 0.014032 1.8901313267949 -0.0036236130308207 -0.010240691119246 -0.00022392319798572 -0.010860590187823 0.023166686281625 -0.13623820216335 -0.068973427690394 9.8061564195121 0.0016639733636471 -0.00073270093692842 9.8073452911457 0.00023571033686199 -0.00061412112035293 -0.00014759240505798 0.00023367832201308 -0.00061510089468663 -0.00014662084301917 0.19109421759959 0.0162788205961 4 4 5 5 0
49.014238764516 8.4169800624022 115.91150665283 -0.006718 0.0141 1.8900463267949 0.0026461820276193 -0.0021912452802309 0.003200258003215 -0.0012498419207702 0.0099059213727698 -0.13895928658876 -0.067392608341713 9.8055818631784 -0.00078909551974995 -0.0015171655019191 9.8067979098822 4.4440138966748e-05 0.00020694512049306 0.0009278704434326 5.7532876431546e-05 0.00021317375932102 0.00092576550992288 0.19018412131406 0.0162788205961 4 4 5 5 0
49.01423860417 8.4169795110836 116.0406036377 -0.007003 0.014099 1.8901173267949 -0.0039674148696288 -0.013205160944226 0.00037741231892594 -0.013783109081548 0.022642326062549 -0.13567221626907 -0.060852483406117 9.8066397545265 0.0024286509054606 0.007820049966236 9.8077636803104 1.5576684104645e-05 0.00026372332299712 0.00028739444063954 1.9566269189405e-05 0.00026572670055461 0.0002852923385832 0.19109421759959 0.0162788205961 4 4 5 5 0
49.014238767533 8.4169801383443 115.8316116333 -0.006684 0.01424 1.8913903267949 0.0037633530342534 -4.8752576913656e-05 0.0035871551689108 0.0011392063507486 0.0003050645720848 -0.13749076787753 -0.066071176627456 9.8103432810717 0.0018657385269371 -0.00043088236445468 9.8115293382884 0.00017968893421784 0.0005510242013676 -0.00060629908423894 0.00017093069399205 0.00054693170810526 -0.00061246473849579 0.19109421759959 0.017029386365926 4 4 5 5 0
49.014238707597 8.4169799933153 115.93238830566 -0.006744 0.01404 1.8895043267949 0.00060839259749216 -0.0031467157756842 0.0015643520148517 -0.0027972232581492 0.01201875075866 -0.1356493637299 -0.065573004708863 9.8142276821263 0.0022632090646156 0.00065250298574411 9.8153840466361 0.00035566536252526 -0.00015933246043953 -0.0012822292644765 0.00033766711483304 -0.00016795270776459 -0.0012859997811632 0.19018412131406 0.0162788205961 4 4 5 5 0
49.014238656828 8.4169797915353 115.98851013184 -0.006878 0.014082 1.8881493267949 -0.0015595100806806 -0.0068448608935401 0.00065349605309465 -0.0069897787084402 0.018405010044349 -0.13919345181057 -0.066971019589801 9.8086795357464 -0.0010158076541322 0.00046116997374103 9.8098956711562 0.00013316599098079 2.4308473833261e-05 0.00021479354869026 0.0001361521269946 2.5781103246281e-05 0.00021274335004206 0.19109421759959 0.0162788205961 4 4 5 5 0
49.014238771275 8.4169801082667 115.83949279785 -0.006732 0.014178 1.8914103267949 0.0039233729158292 -0.00051691040838334 0.0038863402855893 0.00074599156360885 0.0010293966210572 -0.13854462122788 -0.062609775684605 9.8045231913649 0.00070011698588203 0.003086606975195 9.8057012998054 -0.00038127578919706 -0.00048574283461146 0.00026675616640635 -0.00037742108731692 -0.00048391707833692 0.00027541458360515 0.19109421759959 0.017029386365926 4 4 5 5 0
49.014238624907 8.4169797153625 116.01615905762 -0.006957 0.014039 1.8895823267949 -0.0028806760382269 -0.0085014168790394 -7.3974326620122e-05 -0.0089759493692911 0.022259991197206 -0.13673699355393 -0.062237339557243 9.8113804210755 0.0013711417234113 0.005614128193392 9.8125286479907 -0.00067701077737845 -0.00065804504095578 0.00036528165537355 -0.00067182220310852 -0.00065550797795175 0.00037923754394729 0.19109421759959 0.0162788205961 4 4 5 5 0
49.014238773239 8.416980049569 115.88478851318 -0.00673 0.014135 1.8909763267949 0.0032434810342582 -0.0026375588253425 0.0039088332019689 -0.0014825332139199 0.0070805846054695 -0.14335087713503 -0.064882086814433 9.8095027653986 -0.0047213216552674 0.0011235395548301 9.8107636340259 -4.6403736812491e-05 3.3937169456693e-05 -0.00020427738288065 -4.9254194466861e-05 3.2548037550187e-05 -0.00020380739820299 0.19018412131406 0.0162788205961 4 4 5 5 0
49.014238615946 8.4169796944006 116.01901245117 -0.006923 0.014088 1.8899913267949 -0.0031299058024608 -0.0090291910781595 -0.00014167221613042 -0.0095552575634894 0.022613005484121 -0.14142123294979 -0.067468348920253 9.8071759353662 -0.0034428874925015 0.00052602504311491 9.8084268663275 0.00020818040170464 0.0003209998645218 0.00023140396218594 0.00021135380321846 0.00032258682495721 0.00022620367484574 0.19109421759959 0.0162788205961 4 4 5 5 0
49.014238758895 8.4169801818645 115.8207321167 -0.006708 0.014189 1.8903323267949 0.0034607343089852 0.0012430220648723 0.0028960179283235 0.0022660846310662 -0.0012199122732456 -0.14068550799347 -0.062809113282828 9.8118476696723 -0.0015026558715164 0.002858705404553 9.8130564801723 -0.00017816786055953 9.1593919256789e-05 0.00038926692488212 -0.00017260866267949 9.4201734219474e-05 0.00039110889205293 0.19109421759959 0.017691806012954 4 4 5 5 0
49.01423863645 8.4169797277518 116.0118560791 -0.00688 0.014049 1.8889133267949 -0.0025722265400439 -0.0082014701351995 0.0001189114708851 -0.0085945602079504 0.021530465395948 -0.13971750522329 -0.066615648757106 9.8073544659793 -0.0016814912648366 0.0009661699477652 9.8085754715535 0.00028153436605887 -0.0004816958884735 -0.00030107382798521 0.0002773063569149 -0.00048375671751366 -0.00030168435063109 0.19109421759959 0.0162788205961 4 4 5 5 0
49.014238679228 8.4169798272578 115.97523498535 -0.00688 0.014063 1.8880953267949 -0.0010215033110498 -0.0061302401165641 0.00094265401912257 -0.0061428207139427 0.017222654268308 -0.13947461024826 -0.065744577158971 9.806573045005 -0.0014268477636193 0.0015320282592806 9.8077850653595 -0.00017120636541029 -0.00025358228666368 0.0014798033038776 -0.00015034682444334 -0.00024340759038619 0.0014837933995979 0.19109421759959 0.0162788205961 4 4 5 5 0
49.014238607089 8.4169795487286 116.03591918945 -0.007009 0.01409 1.8899393267949 -0.0040141120315307 -0.012239491005045 2.8285971838991e-05 -0.012880890063922 0.02290097733359 -0.13662553469524 -0.064141518984828 9.8055969544499 0.0013197002113365 0.0045144307625967 9.8067570942908 -0.00010512320411532 0.00032176105229278 -9.2642350995943e-05 -0.00010647148788718 0.00032107453930324 -9.3420258147521e-05 0.19109421759959 0.0162788205961 4 4 5 5 0
49.014238605463 8.4169795887545 116.03594207764 -0.006968 0.014028 1.8898413267949 -0.0037964175628339 -0.011252182754428 -7.4329219380782e-05 -0.011875148296654 0.023669426973319 -0.13415311637942 -0.063372711654998 9.8054350847521 0.0035069990848122 0.0051359436191916 9.8065559937318 0.00040803709676079 -0.00024764210067727 -0.0012171520138144 0.00039097228593814 -0.0002561439348553 -0.0012209751809337 0.19109421759959 0.0162788205961 4 4 5 5 0
49.01423869856 8.4169799615002 115.93994140625 -0.006767 0.014048 1.8893153267949 0.00014847297506114 -0.0036718033190589 0.0012912300608928 -0.0034404270675655 0.013137654082134 -0.13985326579931 -0.06543584212409 9.8086078024464 -0.0020064910309963 0.00099423390972644 9.8098227070176 0.00031347080220724 -6.6612536111744e-05 0.00030476353581145 0.00031774277834181 -6.4517816382541e-05 0.00030077729402394 0.19109421759959 0.0162788205961 4 4 5 5 0
49.014238573233 8.4169794541429 116.05757904053 -0.006997 0.014063 1.8915303267949 -0.0045818188710345 -0.014096675481121 9.3423850882742e-05 -0.014822309655503 0.023657658210759 -0.13820002906776 -0.068354554841099 9.8084785201045 -5.815703232892e-05 0.00021627529459857 9.8096903543438 -0.00010081105836013 -0.00036013441038046 0.0006880747896333 -9.1109724514339e-05 -0.00035530461980045 0.00069191663337835 0.19109421759959 0.0162788205961 4 4 5 5 0
49.014238686024 8.4169798713092 115.9626159668 -0.006818 0.014091 1.8883363267949 -0.0006385184424806 -0.0052503626222024 0.0010340098844211 -0.0051869371059637 0.015348655942516 -0.14150364221877 -0.065593913516912 9.8102214398711 -0.0034088952636962 0.0011621081741888 9.8114607050435 2.9614389986094e-05 0.00024516856040449 -0.00044216516319517 2.3377501456044e-05 0.00024215332491123 -0.00044421249907663 0.19109421759959 0.0162788205961 4 4 5 5 0
49.014238778771 8.4169800285859 115.87702941895 -0.006791 0.014162 1.8908143267949 0.0039096272060527 -0.0026074135955574 0.0045313742670818 -0.0012451189609765 0.0058557387003685 -0.13566995648251 -0.064694625065362 9.8077961970821 0.003160910738377 0.0015277677050352 9.8089471291204 -0.00053230698048615 0.00018814324051438 0.00049706026726561 -0.00052522622311902 0.00019153377054191 0.00050325653751609 0.19109421759959 0.017029386365926 4 4 5 5 0
49.014238640845 8.4169797607389 115.99992370605 -0.006889 0.01406 1.8883913267949 -0.0022850968097664 -0.0074941046052681 0.00016852971483029 -0.0078329571430731 0.020200466058085 -0.13184737722563 -0.062929186918576 9.8068834022191 0.0061626085736036 0.0045794212010954 9.8079685339353 5.412766284098e-05 -0.00018924324901617 -8.2297893388001e-05 5.2976691128328e-05 -0.00018980972302702 -8.1737168977082e-05 0.19109421759959 0.0162788205961 4 4 5 5 0
49.014238761831 8.4169800511846 115.8805847168 -0.006744 0.014155 1.8910863267949 0.0033692669327785 -0.0026454241470177 0.0040307108186692 -0.0014504052620292 0.0069222712322137 -0.13755260645487 -0.059035667537211 9.8079283512772 0.001002891004285 0.0069491779000907 9.8090678993075 -0.00032743766292388 0.00064736471756043 -0.0001871618052503 -0.00033012610830383 0.00064608206747522 -0.00018687959752955 0.19018412131406 0.0162788205961 4 4 5 5 0
49.014238768252 8.4169800692101 115.90434265137 -0.006669 0.014105 1.8901403267949 0.0028830015593723 -0.0022163084420658 0.0034331841640141 -0.0011986907526976 0.0090984525771735 -0.13987938835739 -0.065286864239 9.8091460636994 -0.0015732982126458 0.0004475025190517 9.8103605263364 0.00061611491097507 0.00016303100176245 -0.00010447917322918 0.00061456367856831 0.00016231799214623 -0.00011424203004165 0.19018412131406 0.0162788205961 4 4 5 5 0
49.014238606649 8.416979530102 116.03665161133 -0.006989 0.014119 1.8899713267949 -0.0039421202723927 -0.012632619770759 0.0002206608558266 -0.013231576115966 0.022466864320161 -0.13911496799779 -0.070256649216826 9.8074897554228 -0.0011115183995774 -0.0014991581775452 9.8087276891861 0.00041853550572924 0.00079730270778638 -0.00035705188916442 0.00041343001690431 0.00079473579956508 -0.00036847480888093 0.19109421759959 0.0162788205961 4 4 5 5 0
49.014238580547 8.4169794706401 116.05400085449 -0.006963 0.014094 1.8912103267949 -0.0044187557629466 -0.013778475998924 0.00014284007708847 -0.014468997269659 0.023666803831883 -0.13719458692641 -0.066769749028608 9.8058024150603 0.0010354869002691 0.0017727405541421 9.806989195809 0.00047288173036762 -1.3067752707071e-05 -0.0001504409024085 0.00047071838530238 -1.4128430014861e-05 -0.00015700265624844 0.19109421759959 0.0162788205961 4 4 5 5 0
