49.014238840729 8.4169843019984 115.38666534424 -0.008914 0.014622 1.5912913267949 0.0077349821006169 0.0039542796540176 0.0076530018780462 0.0041106357948663 -0.010608397287406 -0.14600737779186 -0.090338988545815 9.8107877058516 -0.0025321974993192 -0.0030190880021093 9.8122891980364 -0.00012340408417088 0.00014860197723709 0.0013934137566915 -0.00010301998951373 0.0001610193683287 0.0013937166912252 0.082861329943466 0.012041594578792 4 9 6 6 0
49.014238421612 8.4169840342875 115.43106842041 -0.009059 0.014325 1.5972543267949 -0.0094829231730987 -0.0041226218207371 -0.0093709280732825 -0.0043712292234491 0.00099277059281409 -0.15075785673596 -0.08926805105912 9.8107556758282 -0.010187859922648 -0.00031309856812776 9.8123146852651 0.000110218520766 4.2659056069595e-05 0.0011639379213949 0.00012686313543054 5.3188038133163e-05 0.0011617984615495 0.082565125809872 0.012041594578792 4 9 6 6 0
49.014238860747 8.4169843093351 115.38519287109 -0.008884 0.014602 1.5909613267949 0.0087992910859222 0.0038464104357508 0.0087198841795003 0.004023178359934 -0.011266725393467 -0.14099799421772 -0.087406864276063 9.8077758931123 0.0026566113517993 -0.00014884469303621 9.8091788934826 0.00029959958890147 -0.00052494391631446 -0.00093714420688278 0.00028590863502154 -0.00053327804354864 -0.00093673098416555 0.082861329943466 0.012041594578792 4 9 6 6 0
49.014238780774 8.4169842802844 115.39065551758 -0.00888 0.01455 1.5917533267949 0.0049007792532499 0.003210864506032 0.004832902764777 0.0033121239847126 -0.0093049646153242 -0.1409173343137 -0.088239661299168 9.808483087288 0.0017894343889717 -0.0010084008697405 9.8098921357245 0.00040208255633221 0.00018142472665998 0.0005036323311778 0.00040931358865228 0.00018587986202856 0.00049610911110208 0.082861329943466 0.012041594578792 4 9 6 6 0
49.014238362353 8.41698401077 115.43967437744 -0.009056 0.014321 1.5977483267949 -0.011397590652235 -0.0049415775151055 -0.011260730328275 -0.0052459743608486 0.0031453316863259 -0.13714070527769 -0.087726507024024 9.804239524629 0.0031852761459065 0.0011545716785073 9.8055906960116 9.3237988184327e-05 0.00014309271094446 0.00063755382750728 0.00010231487221251 0.00014882995229469 0.00063484471727155 0.082565125809872 0.012041594578792 4 9 6 6 0
49.014238672043 8.4169842721367 115.40450286865 -0.008904 0.014456 1.5928543267949 -0.00020285044098563 0.0031005635388203 -0.00027058230104472 0.0030952921589249 -0.0047003110686714 -0.13793960709847 -0.088767250562923 9.8096998942439 0.0038644677051099 -0.0012186852378278 9.8110704763459 0.00042707422581774 0.00011851376026169 0.00086944670358457 0.00043961317907678 0.00012628920506096 0.00086209883252374 0.082565125809872 0.010630145812735 4 9 6 6 0
49.014238251247 8.4169840640408 115.45664215088 -0.008921 0.014249 1.5958993267949 -0.015312970863187 -0.0035293601419633 -0.015219132469607 -0.003914122787837 0.0063284765605135 -0.1501366468239 -0.089477815139988 9.8096326707594 -0.010269216883985 -0.0018126779611858 9.8111842333563 0.00026040995555954 -0.00012659817208846 0.00051014831882527 0.0002676498135313 -0.00012204084070153 0.00050746385579121 0.082565125809872 0.011313708498985 4 9 6 6 0
49.014238141729 8.416984003488 115.45893859863 -0.008975 0.014218 1.5951423267949 -0.017348489644369 -0.0040095957734685 -0.017246730627765 -0.0044269450264004 0.0038983131655393 -0.13614687252111 -0.089202582916891 9.8107716107784 0.0036225609698616 -0.000853259909502 9.8121213659858 0.00052985080874165 -0.00052086068120753 0.00069532080799381 0.00053976718278266 -0.00051454174760974 0.00069240894858955 0.083522452071284 0.011313708498985 4 9 6 6 0
49.014238238271 8.4169840650231 115.45774841309 -0.008981 0.014223 1.5957163267949 -0.015675170933042 -0.0035099671537897 -0.015582540211833 -0.0039006300575797 0.0062065142988061 -0.13990844321212 -0.083793913133539 9.806995159071 -0.00018584433521321 0.0039575892568945 9.8083502368124 -0.00054526622501997 -0.00044669766672713 0.00092776546708986 -0.00053196684990235 -0.00043834234410157 0.0009393874809811 0.082565125809872 0.011313708498985 4 9 6 6 0
49.014238535935 8.4169841367836 115.41829681396 -0.009009 0.014376 1.5956523267949 -0.0054195123028687 -0.00051594434464061 -0.0054050727777692 -0.00064932524233607 -0.0017711093901629 -0.13990777996033 -0.086241142906605 9.8055159418386 0.0010597232208252 0.0020851501956839 9.8068930453947 0.00027100461497678 5.1682967126117e-05 0.0004530837795172 0.00027747356381525 5.576305111992e-05 0.0004486494004325 0.082565125809872 0.010630145812735 4 9 6 6 0
49.014238604684 8.4169842186559 115.4105758667 -0.008989 0.014429 1.5944263267949 -0.0029836675020742 0.0017520268253388 -0.0030236512894264 0.0016816918833492 -0.0034085871556395 -0.14705429312173 -0.091820500028421 9.8091023034682 -0.0055841817059125 -0.0039069155566737 9.810631743013 -0.00026183237545423 0.0001949513824166 0.00064395148763914 -0.00025255341881093 0.00020071655990665 0.00064588347372638 0.082565125809872 0.010630145812735 4 9 6 6 0
49.014238519555 8.4169841122113 115.41945648193 -0.009028 0.014406 1.5961013267949 -0.0062090501006178 -0.0012324141664266 -0.0061760822112313 -0.001387810490987 -0.0014611569670426 -0.14601414730163 -0.089509502106879 9.807112479145 -0.0049628049764968 -0.00098300581220225 9.808607022739 0.00026941168389305 0.00042463411969994 -0.0004564721513901 0.00026275245604463 0.00042053091955776 -0.0004641378942298 0.082565125809872 0.010630145812735 4 9 6 6 0
49.014238155964 8.4169840022082 115.45756530762 -0.008956 0.014225 1.5946583267949 -0.017258431928 -0.0042202862112943 -0.017152408444428 -0.0046324599928408 0.0038302784436069 -0.14382285114078 -0.092535875416721 9.8071399314351 -0.0040694321140194 -0.0043482377108717 9.8086289965667 0.00078377958086892 -0.00046503886730769 6.185017656753e-05 0.00078463786497366 -0.00046444479205395 5.4888183428975e-05 0.083522452071284 0.011313708498985 4 9 6 6 0
49.014238694173 8.4169842751449 115.40202331543 -0.008927 0.014461 1.5924413267949 0.00079948820246704 0.0029373991177485 0.00073614050602614 0.0029538163309228 -0.0057838524856189 -0.14333112441529 -0.088077975768486 9.8064843544522 -0.0014782996779243 -0.0007463057746394 9.8079275121573 -0.00034136510345177 9.7253402803186e-05 0.00053997054734151 -0.00033352193114596 0.00010206004597299 0.00054396726814291 0.082565125809872 0.010630145812735 4 9 6 6 0
49.014238503993 8.4169840882735 115.42041778564 -0.009062 0.014384 1.5965793267949 -0.0066539777371038 -0.0019767066729993 -0.0066011917488365 -0.0021460765728028 -0.0014247842154696 -0.14138777856299 -0.087219956097061 9.8081916092839 -0.00022425545663609 0.001600074600178 9.8095982461287 0.00010477443988992 -0.0001511108952505 0.00055645694833326 0.00011277664299732 -0.00014606100011003 0.00055623164100542 0.082565125809872 0.010630145812735 4 9 6 6 0
49.014238217064 8.4169840638033 115.45887756348 -0.008931 0.014233 1.5954733267949 -0.016247219520734 -0.0031713249862692 -0.016163849753962 -0.0035720012510798 0.006054227387268 -0.1428371499101 -0.087897048301684 9.8082977203216 -0.0030434116296484 -0.00010331628222208 9.8097308548337 0.00038532238174484 -0.00044030425743468 0.00039298804213047 0.00039094470159086 -0.00043673472660173 0.00039135108030004 0.082565125809872 0.011313708498985 4 9 6 6 0
49.014238878911 8.4169843051523 115.38446807861 -0.008926 0.01464 1.5910363267949 0.0095390332996723 0.003683319075719 0.0094628302725911 0.0038748396916806 -0.011112069236804 -0.14740445727201 -0.091127344818265 9.8099680613515 -0.0036008706297233 -0.0038124039269118 9.8114973414673 -0.00039199667340714 -0.00017177041849298 0.00057126540351236 -0.0003835198542891 -0.00016667928211004 0.00057842757236304 0.082861329943466 0.012041594578792 4 9 6 6 0
49.014238443324 8.4169840356834 115.42792510986 -0.009103 0.01436 1.5972023267949 -0.0086853306832953 -0.0038834911359465 -0.0085800302240122 -0.004110886521445 -0.00011915757152064 -0.14077748585842 -0.088155753799329 9.8044992276592 -1.2605202789322e-06 0.0010039294683441 9.8059060763484 -0.00016561505481562 0.00015409295977336 0.0011041357669684 -0.0001497411681947 0.0001641513953652 0.0011049536050635 0.082565125809872 0.012041594578792 4 9 6 6 0
49.014238654143 8.4169842674673 115.40625 -0.008896 0.014441 1.5931323267949 -0.00094227539177664 0.0029496760171397 -0.0010074954885594 0.0029279444900817 -0.004260611866794 -0.14527159284802 -0.088044599014556 9.8079822891111 -0.0036221166961929 -0.00053352184115769 9.8094523020932 0.00055771389747601 9.4197845935906e-05 -0.00011389465013192 0.00055600074415105 9.3192590989617e-05 -0.00012278725810338 0.082565125809872 0.010630145812735 4 9 6 6 0
49.014238197831 8.4169840584614 115.45839691162 -0.008961 0.014236 1.5954183267949 -0.016444463768974 -0.0032033022426644 -0.016360582387932 -0.0036073367186327 0.0053851985099003 -0.13904173693401 -0.087064325451439 9.8064844464079 0.00078925369089319 0.00070099778503306 9.80785685602 -0.00011086680640982 -0.00046704243793638 0.00089122890331543 -9.8060712279668e-05 -0.00045904022573958 0.00089684766555805 0.083522452071284 0.011313708498985 4 9 6 6 0
49.014238714594 8.4169842751018 115.39886474609 -0.00891 0.014467 1.5921693267949 0.0018631234173475 0.0029237544441564 0.0018005419097133 0.0029626200038419 -0.0069101761042293 -0.14551686600522 -0.085746223031708 9.808304144334 -0.0032280840773493 0.0014755503761126 9.8097578371247 -0.00025733413168295 -0.00045878966076677 -0.00014721585236623 -0.00025933794911915 -0.00046009003838704 -0.00013939042926868 0.082861329943466 0.012041594578792 4 9 6 6 0
49.014238802226 8.4169842930602 115.38876342773 -0.008887 0.014541 1.5914873267949 0.0057971707535608 0.0035725010472428 0.0057221169833957 0.0036914892421978 -0.0099697935623261 -0.14750181546592 -0.087585771690623 9.8062292554032 -0.0045510199734787 -0.00043024133179771 9.8077282830445 7.2360933463212e-05 -0.00048007334275204 0.00052289058696545 8.0017349882778e-05 -0.00047542408896631 0.00052602749137024 0.082861329943466 0.012041594578792 4 9 6 6 0
49.014238225884 8.4169840639415 115.45841217041 -0.008947 0.014258 1.5955133267949 -0.015978452658855 -0.003296959881194 -0.015891731706669 -0.0036923105447885 0.006262269856647 -0.14883720861797 -0.091760709442565 9.8098958234123 -0.009038597320149 -0.0039151535784814 9.8114491292801 0.00019812622839861 0.00011407661419968 -6.7501507193338e-05 0.00019710989345436 0.00011350723996479 -7.1371248524616e-05 0.082565125809872 0.011313708498985 4 9 6 6 0
49.014238467553 8.4169840457199 115.42406463623 -0.009102 0.014351 1.5971313267949 -0.0079014309506345 -0.0034924615852105 -0.0078070325238103 -0.0036985816959459 -0.00084620718296765 -0.14362603184719 -0.089545792724617 9.8050173807315 -0.0027678242962584 -0.0005873612830342 9.8064780536144 -0.00040625457369228 -0.00020607726263829 0.00058670396641333 -0.00039776748536541 -0.00020075014534152 0.00059430847771982 0.082565125809872 0.012041594578792 4 9 6 6 0
49.014238168545 8.416984015679 115.45770263672 -0.008968 0.014252 1.5948443267949 -0.017150628979145 -0.0039377313972503 -0.017050603844695 -0.0043505564576016 0.0041727388086103 -0.14443538634272 -0.086744197136914 9.8087886490043 -0.0045679307836462 0.0013286520165638 9.81023433695 0.00036968420624468 -0.00018153952215986 0.00070350153575655 0.00037969911726512 -0.00017523798217279 0.000699759669194 0.083522452071284 0.011313708498985 4 9 6 6 0
49.014238763305 8.4169842802763 115.39241790771 -0.008877 0.014545 1.5917473267949 0.0039719569420439 0.0033034572133918 0.003901986585438 0.003385787216614 -0.008834651186657 -0.14725466223937 -0.092609867727134 9.8056478070097 -0.0046784062563668 -0.005202215013786 9.8071882561606 0.00072328284188085 0.00026145684300409 0.00050201449880253 0.00073046792958725 0.00026591069357969 0.0004891145250808 0.082861329943466 0.012041594578792 4 9 6 6 0
49.014238398784 8.4169840252194 115.43467712402 -0.009093 0.014303 1.5974033267949 -0.01017501453123 -0.0044065427298412 -0.010054641226581 -0.0046746934177115 0.0019677046412979 -0.14348827071602 -0.084015098921266 9.8127957328043 -0.0029649576498754 0.005073437563018 9.8142025160353 -0.00021546983792676 -0.00020490347570991 0.00048765489770996 -0.00020847862947074 -0.00020045965641787 0.00049253381198495 0.082565125809872 0.012041594578792 4 9 6 6 0
49.014238319688 8.4169840215427 115.4461517334 -0.009062 0.01432 1.5973453267949 -0.012995046136128 -0.0048475790675589 -0.012861365671234 -0.0051918239287145 0.0045315037031239 -0.14264601383784 -0.091253732477613 9.8066232499901 -0.0024356959382697 -0.0026152977314604 9.8080845704518 -0.00045954873058787 0.00041366650080499 0.00062699954060558 -0.0004505762891625 0.00041936304376828 0.00062974586142005 0.082565125809872 0.011313708498985 4 9 6 6 0
49.014238745371 8.4169842764559 115.3948059082 -0.008892 0.014538 1.5918593267949 0.003159667413745 0.0032322709219511 0.0030910312337057 0.0032979427514425 -0.0080432389771779 -0.13958396314358 -0.084927953260326 9.8080579662996 0.0029208508897825 0.0024751472843286 9.8094180966679 0.00042702505478844 0.00029674114600336 -8.6599478183303e-05 0.00042569667400537 0.0002959767797322 -9.5448108737119e-05 0.082861329943466 0.012041594578792 4 9 6 6 0
49.014238279044 8.4169840468211 115.45351409912 -0.008959 0.014273 1.5964073267949 -0.014320012113764 -0.0043022746169211 -0.01420440196254 -0.0046696911251868 0.0058927544516887 -0.14502672109367 -0.091166562116887 9.8072948052178 -0.0051196475172919 -0.0030617030852622 9.8087889687627 0.00037235798382572 0.00013572588542829 0.0001476579636866 0.00037439858310436 0.00013707536687741 0.00014110420910661 0.082565125809872 0.011313708498985 4 9 6 6 0
49.014238560859 8.4169841608746 115.41492462158 -0.009048 0.014398 1.5953843267949 -0.0045238229487861 0.00037698785526058 -0.0045315183879539 0.00026663838484443 -0.0024875879125738 -0.14525840668885 -0.091376902837203 9.8080704387923 -0.0041331044015694 -0.0030927652415637 9.8095706620899 -0.00053365222816282 0.00024778260648633 0.00079550779600169 -0.00052219010099811 0.00025494083390658 0.00080084754190168 0.082565125809872 0.010630145812735 4 9 6 6 0
49.014238268716 8.4169840599779 115.45529937744 -0.008961 0.014262 1.5960833267949 -0.014708519392855 -0.003795413373918 -0.014606983515791 -0.0041689503021903 0.0062239921406542 -0.14044768555882 -0.088228133417522 9.8091588698052 -0.00060756929397784 -0.00022195884114298 9.8105610034869 0.00010726338182735 6.8803621084625e-05 -0.00011426930253877 0.00010559420482107 6.780137499866e-05 -0.00011641427837815 0.082565125809872 0.011313708498985 4 9 6 6 0
49.014238816684 8.4169842919896 115.38844299316 -0.008843 0.014566 1.5914063267949 0.0068211620156225 0.0037478841154524 0.0067427285551111 0.0038871748826175 -0.010097563700139 -0.13861107182841 -0.087170549241067 9.8059625965301 0.0046228393912251 -5.7221199798664e-05 9.8073286953377 0.0008867246425569 -0.0004932755855017 -0.00037628578437149 0.00088125402347017 -0.0004965493413434 -0.0003848032291216 0.082861329943466 0.012041594578792 4 9 6 6 0
49.014238291411 8.4169840378033 115.45133209229 -0.008961 0.014321 1.5967513267949 -0.01387336596738 -0.0046116967422818 -0.013748419657765 -0.0049717354290315 0.0055352064651578 -0.14061833077615 -0.085019554581827 9.8098497742344 -0.00039832595763224 0.0032025330867514 9.8112253101502 0.00045567266023536 0.00049122461719507 0.0012929923541078 0.00047405864487764 0.00050279435893374 0.0012818629046628 0.082565125809872 0.011313708498985 4 9 6 6 0
49.014238333169 8.4169840204776 115.44494628906 -0.009052 0.0143 1.5974623267949 -0.012465958777426 -0.0050431234386643 -0.012326569150741 -0.0053748259453334 0.0041999993995122 -0.14616266567729 -0.08621002956411 9.8066909431766 -0.005925000508243 0.0025002579155265 9.8081567887917 -0.00023717896155631 4.734806322072e-05 -0.0005384375931395 -0.00024485219364716 4.2501226091959e-05 -0.00053544166112822 0.082565125809872 0.012041594578792 4 9 6 6 0
49.014238187993 8.4169840417304 115.45778656006 -0.008979 0.014311 1.5952383267949 -0.016609045923348 -0.0032077795862508 -0.016525505590814 -0.0036135826931246 0.004833215949114 -0.14253885744569 -0.089743013869462 9.8047443448235 -0.0025434896783905 -0.0019502437504592 9.806190352451 -0.00025352871580104 0.00051571697949779 0.0011935530610671 -0.00023646705087214 0.00052642766646713 0.0011923776834118 0.083522452071284 0.011313708498985 4 9 6 6 0
49.014238207499 8.4169840649866 115.45895385742 -0.008995 0.014298 1.5954673267949 -0.016418606784805 -0.0031296983580351 -0.016336414420449 -0.0035337118499755 0.0058756327260445 -0.14948878502356 -0.08755592609218 9.8096912859718 -0.0095169001603077 0.00030124981965232 9.8112165423554 -0.00064803123159183 0.00043239661731657 0.0013188658280835 -0.00062916572403557 0.00044419864962064 0.0013240479499667 0.082565125809872 0.011313708498985 4 9 6 6 0
49.014238380084 8.4169840137505 115.43682861328 -0.009058 0.014321 1.5975923267949 -0.010898724344402 -0.0047581100376476 -0.010767898312714 -0.0050471961727404 0.0025182831484042 -0.14669408413215 -0.090034270032483 9.8065314387978 -0.0063003475581826 -0.0011223910422411 9.8080397127806 0.00019327796869304 0.00014925526710731 0.00055746227740055 0.00020121337749544 0.00015428811397217 0.00055326704033662 0.082565125809872 0.012041594578792 4 9 6 6 0
49.014238349724 8.4169840130341 115.44198608398 -0.00904 0.014328 1.5975843267949 -0.011923184267409 -0.004926355100704 -0.011786419935494 -0.005245162753857 0.0035960850222034 -0.14619897665035 -0.087774256578473 9.8090601167059 -0.0058000619588738 0.0010036739009892 9.8105407669008 0.0001690162934731 0.0002743520616701 -0.00056290120415262 0.00016094762363849 0.00026931367075658 -0.00056774724088833 0.082565125809872 0.012041594578792 4 9 6 6 0
49.014238625514 8.4169842380268 115.40897369385 -0.008942 0.014429 1.5939193267949 -0.001943055451825 0.0023615507761748 -0.0019961243441928 0.0023165891398652 -0.0037248709114056 -0.1396999650896 -0.084396380538833 9.8088967369124 0.0017026272121447 0.0031926351758494 9.8102535613573 5.0888304402992e-05 0.00034362509540809 0.00041739858880504 5.6869424682116e-05 0.00034734302157761 0.00041354248125441 0.082565125809872 0.010630145812735 4 9 6 6 0
49.014238305868 8.4169840267103 115.44834899902 -0.008995 0.014272 1.5970513267949 -0.013335304517788 -0.0047700554272009 -0.01320482435925 -0.0051201399154185 0.004728444435224 -0.14014696629954 -0.088025234394889 9.8033401296773 -9.8144024150584e-05 0.00037378557089071 9.8047370948396 0.00032066565256177 -0.00021181030140473 0.00044880951768209 0.00032707295445006 -0.00020778626942701 0.00044607430684914 0.082565125809872 0.011313708498985 4 9 6 6 0
49.014238579951 8.4169841898804 115.41282653809 -0.008963 0.01437 1.5950673267949 -0.0037020932302111 0.0011989741511213 -0.00372955083901 0.0011100632088837 -0.0030706764054091 -0.13822413675562 -0.086287824367922 9.8067833404921 0.002990562798643 0.0016850715028186 9.8081366201884 0.00040586044260479 -0.00043859125062794 0.0018128678773386 0.0004319593001564 -0.00042232220867609 0.0018107150954082 0.082565125809872 0.010630145812735 4 9 6 6 0
49.014238485202 8.4169840615069 115.42183685303 -0.00906 0.014382 1.5969853267949 -0.0072711429576365 -0.0028551486318319 -0.0071943455418661 -0.0030432780410044 -0.001331962514545 -0.14598737762324 -0.085877246278666 9.8074119653012 -0.0049789091114393 0.0030247362522332 9.8088726724138 0.00025159317021884 9.2055798484002e-05 0.00043873234780562 0.00025787134980087 9.6020942592639e-05 0.00043420328111315 0.082565125809872 0.012041594578792 4 9 6 6 0
49.014238177629 8.4169840293933 115.45777893066 -0.008956 0.014249 1.5950203267949 -0.01683775892039 -0.0034809956214438 -0.016748230320695 -0.0038890526208872 0.0044698842804073 -0.14237145168421 -0.087748133505046 9.8079851540491 -0.0024630833879123 0.00021739562126264 9.8094106133067 0.00038230460482135 -0.00031626452347593 0.00043471793027384 0.00038850916023684 -0.000312320928755 0.00043204405795323 0.083522452071284 0.011313708498985 4 9 6 6 0
49.014238125344 8.416984001772 115.46004486084 -0.008946 0.014291 1.5954963267949 -0.017702506750708 -0.004024129729641 -0.017598600874689 -0.0044566557688307 0.0041752734749731 -0.14936555987869 -0.085595275326567 9.8106071222768 -0.009427584237053 0.0025577170946031 9.8121130826807 0.00068913166841534 0.00047388100486411 0.0010765676061986 0.00070438296849844 0.00048349778389229 0.001062353118679 0.083522452071284 0.011313708498985 4 9 6 6 0
