49.014238125753 8.4169803212923 115.6771697998 -0.006902 0.01398 1.9304973267949 -0.003975612781441 -0.0036583955406357 -0.0024356381853256 -0.0048228656394161 -0.014812337239141 -0.14080403334002 -0.066416829062162 9.8075879604807 -0.0035690308974104 0.0011357291225401 9.8088228022739 -0.00021130379473038 -5.1753173286242e-05 -0.00098000234474963 -0.0002249919212811 -5.8513930335539e-05 -0.00097656881613014 0.20218061232472 0.019849433241279 4 4 5 5 0
49.01423820161 8.4169803785507 115.66594696045 -0.006763 0.014037 1.9267363267949 0.0047932175518534 0.0039749688717446 0.0031094966326701 0.0053948465509087 -0.025626927603696 -0.13908967671702 -0.063254454042242 9.8133505664509 -0.00093342929813219 0.0030259469695374 9.8145397353754 -2.5015650663955e-05 -0.0005861882934789 0.00048119664326906 -1.8167323090897e-05 -0.00058291796538457 0.00048545161261452 0.19948182874638 0.019104973174543 4 4 5 5 0
49.014237911974 8.416980378649 115.70220184326 -0.006848 0.013859 1.9365943267949 -0.010014468823242 -0.0025360973610888 -0.0084455428023475 -0.0059493673509588 -0.010932195708433 -0.13506892565844 -0.066282173550568 9.8100286910761 0.0010577198789336 0.0010574076239712 9.8111821097589 0.00029883358264102 -0.00031955085207377 -0.00034375226992934 0.00029406598026187 -0.00032192285252913 -0.00034565065440308 0.20129580224138 0.019104973174543 4 4 5 5 0
49.014237933816 8.4169803785154 115.68871307373 -0.006865 0.013883 1.9361553267949 -0.0088877954367424 -0.0027757683106887 -0.0073132267070289 -0.0057638386410907 -0.01272324358953 -0.14096457386231 -0.06394814540481 9.8101879498259 -0.0047416673173123 0.0034074614357563 9.8114073909051 3.1228297470373e-05 0.00016413133514533 -0.00029172144091067 2.7191676246101e-05 0.00016209910882173 -0.00029326812484045 0.20218061232472 0.019849433241279 4 4 5 5 0
49.014238058266 8.4169802844752 115.75204467773 -0.006897 0.013908 1.9207333267949 -0.0065920170702933 -0.00018783406654651 -0.0061267794685289 -0.0024401917496789 -0.010603802919712 -0.13857848783591 -0.069960451934889 9.812933539373 -0.0018685195140953 -0.0025730295693203 9.8141610713864 -0.00044280808511923 -0.00050806518858932 -0.00055487934065048 -0.00045044790943029 -0.00051187304782434 -0.0005451600980855 0.19948182874638 0.017691806012954 4 4 5 5 0
49.014238181515 8.4169803865579 115.65130615234 -0.006865 0.014064 1.9262103267949 -0.0026843255262309 -0.0016831807089918 -0.0019326829567088 -0.0025107065394266 -0.020397716291342 -0.14175506071897 -0.069726935344696 9.8017384595216 -0.0042626245780356 -0.0027364210298164 9.8030103510235 -0.00055887547464329 0.00062981049974037 0.0012336980065751 -0.00054152741192973 0.00063829640743282 0.0012370929315647 0.20083077453418 0.017691806012954 4 4 5 5 0
49.014237917624 8.4169803844896 115.69441223145 -0.006878 0.013861 1.9365543267949 -0.0096816236809576 -0.0025077074234383 -0.0081456953265549 -0.0058028862821784 -0.01219210312788 -0.13683434959478 -0.065016923250083 9.8048126386458 -0.00085488988397661 0.0023156143305614 9.8059828046131 -0.00018086175916709 -9.1055577372946e-05 1.8639930835919e-05 -0.00018058437849661 -9.0942075383645e-05 2.1766940668796e-05 0.20129580224138 0.019104973174543 4 4 5 5 0
49.014238214931 8.4169803507332 115.65405273438 -0.006894 0.014055 1.9257743267949 -0.0018730122819249 -0.0022958200448613 -0.00095790061999788 -0.0028038663863012 -0.019712468081774 -0.14014539875861 -0.06690118388856 9.8075863360302 -0.0022870765871893 0.00051951063483756 9.8088155424711 -0.00025999851075109 -0.00014163183090103 -0.00031989812647446 -0.00026446219418314 -0.00014383400839835 -0.00031526250836763 0.20083077453418 0.017691806012954 4 4 5 5 0
49.014238225517 8.416980376921 115.66960906982 -0.006748 0.014082 1.9261473267949 0.0059467764113942 0.0040319003992214 0.0041748366221817 0.0058471465688354 -0.025664306378658 -0.14457132059114 -0.066400032669326 9.8086169208116 -0.0062148217624447 -0.00028300790251618 9.8099048048193 3.3480810472034e-05 -0.00022771672691375 -8.795887430671e-05 3.2255542201045e-05 -0.00022829778323602 -8.6886910335005e-05 0.19948182874638 0.019104973174543 4 4 5 5 0
49.014238031696 8.4169803345466 115.68583679199 -0.006885 0.013919 1.9330033267949 -0.0060686887260572 -0.0035242300576674 -0.0044297454859027 -0.0054434430552118 -0.013504674206204 -0.13928228709844 -0.064809061286593 9.8060708246185 -0.002554164649896 0.0026251963183035 9.8072734191328 -4.3745070148784e-05 -0.00011797951407541 -0.00055681299094357 -5.146681236596e-05 -0.00012179694847781 -0.00055532685181072 0.20218061232472 0.019849433241279 4 4 5 5 0
49.014237972603 8.4169803636432 115.68748474121 -0.00688 0.013858 1.9350973267949 -0.0075067049179671 -0.0030909363702942 -0.0059188285083981 -0.0055570199867378 -0.013082808418689 -0.13791029845818 -0.067416939584746 9.8097078268489 -0.0014372672396405 1.6476391939351e-05 9.8109085356086 -8.7893153181399e-05 -0.00059907622180084 0.00073344025376395 -7.7676027296737e-05 -0.00059401820685079 0.00073869541888403 0.20218061232472 0.019849433241279 4 4 5 5 0
49.014238218838 8.4169802830656 115.66696929932 -0.006856 0.014045 1.9269933267949 -0.001729738920447 -0.004125434157666 -0.00018386169054137 -0.0044696932029198 -0.016681953420601 -0.13758942611083 -0.064189739425497 9.8054983524261 0.00031789622819103 0.0032963723292848 9.8066732319605 0.00049059918957766 -0.00022662321757912 -0.00021755084940806 0.00048752630853955 -0.00022810072950487 -0.00022283713024143 0.20218061232472 0.019849433241279 4 4 5 5 0
49.014238083162 8.4169803312817 115.68109893799 -0.006861 0.013967 1.9318863267949 -0.0047399237658614 -0.0035591242096209 -0.0031807329644948 -0.0050019739081556 -0.014264514632435 -0.13336630945202 -0.063446938700812 9.8102515984841 0.0038118188518928 0.0039863372061164 9.8113619136472 0.0002884717600538 -1.555155255222e-06 0.00055228555708822 0.00029616146521879 2.2201864631992e-06 0.00054819803972534 0.20218061232472 0.019849433241279 4 4 5 5 0
49.01423815561 8.4169803871916 115.66926574707 -0.006778 0.014018 1.9274523267949 0.0024896698383446 0.0036455230703628 0.0010598815471138 0.0042854082888986 -0.024969615301875 -0.14349843783326 -0.063145337474164 9.807933826777 -0.0058057175762005 0.0033293209416098 9.8091842700039 8.9949381158891e-05 -0.00029243206378312 -0.0008443252359607 7.8123103257853e-05 -0.00029816136020894 -0.00084350263364771 0.19948182874638 0.019104973174543 4 4 5 5 0
49.014238076564 8.4169802395728 115.76791381836 -0.006898 0.013999 1.9186063267949 -0.0067299089650512 -0.0013674942450393 -0.0058598799863966 -0.0035811516875661 -0.0079163581549185 -0.13532165616322 -0.066931579619568 9.804037715 0.0018707447569284 0.00044877944502844 9.8051999117817 -0.00039364773583002 4.6169943707689e-05 7.0341150626686e-05 -0.00039261852408172 4.6660449922726e-05 7.5522520304127e-05 0.19948182874638 0.017691806012954 4 4 5 5 0
49.014238088341 8.4169803354124 115.69316101074 -0.006832 0.013961 1.9269073267949 -0.0014060393820061 0.0017455076742717 -0.0019263535974438 0.0011457833841384 -0.020255787836769 -0.13814958337545 -0.065784845753041 9.8084491337352 -0.0010320610433964 0.0011293937203277 9.8096425297956 -9.5789085266081e-05 -0.00025282521002689 -6.1035997156125e-06 -9.5844429675991e-05 -0.00025285877712731 -3.0493538614088e-06 0.19902261178067 0.018439088914586 4 4 5 5 0
49.014238075448 8.4169802728506 115.74559783936 -0.006894 0.013974 1.9177283267949 -0.0070751915338841 -0.0020507003106138 -0.0059568736403557 -0.0043335477205097 -0.0096461843526762 -0.13859287210947 -0.067687354852318 9.8045905469822 -0.0014352574321965 -0.00024677071399309 9.8058036590389 -0.00028418410968659 -0.00023145374400055 0.00041752299475437 -0.00027826709585878 -0.00022859342789056 0.00042305528875088 0.20083077453418 0.019104973174543 4 4 5 5 0
49.014238218208 8.4169803770079 115.65073394775 -0.00683 0.014091 1.9186883267949 -0.0026125888263847 -0.0021003407315896 -0.0017432554613897 -0.0028637132309876 -0.021125177040524 -0.13672569212474 -0.063426750415599 9.80462702757 0.0013608958835507 0.0035617984848223 9.805784713589 -0.00010721139362557 0.00025112688508833 0.00030194754973587 -0.00010297601559431 0.00025319964709949 0.00030169695459654 0.20083077453418 0.019104973174543 4 4 5 5 0
49.014238090316 8.4169802817234 115.73043060303 -0.006894 0.014038 1.9171183267949 -0.0068463133250927 -0.0020661739344398 -0.005737522007603 -0.0042687571809959 -0.011455283536616 -0.13268829439021 -0.064913833259806 9.805678872382 0.0046737359822744 0.0024808209108756 9.806789796918 -0.00037426123334448 0.00045842750232556 -0.00015694971895684 -0.00037645278180429 0.00045732360055887 -0.00015481180078638 0.20083077453418 0.019104973174543 4 4 5 5 0
49.014238025355 8.4169803502717 115.72066497803 -0.006819 0.013905 1.9258553267949 -0.0052702770132129 0.0013589943286799 -0.0054139647579878 -0.00055838574346434 -0.015366534274862 -0.13903952047965 -0.063491712884778 9.8043682365291 -0.0025159462070479 0.0033813633107484 9.8055587601423 3.9957531725152e-05 -0.00033967478728379 9.7290644187258e-05 4.1338863881347e-05 -0.00033898538370147 9.9034323557166e-05 0.19902261178067 0.018439088914586 4 4 5 5 0
49.014238238591 8.4169802796442 115.66112518311 -0.006885 0.014091 1.9263243267949 -0.001259328946202 -0.004260794098915 0.00030163794810613 -0.0044328204000521 -0.01756133286732 -0.13785432211707 -0.065321838223384 9.8062808578595 0.000276924044822 0.0022597144259949 9.8074672227513 0.00015348202533743 0.00020635741840751 -0.001056173162554 0.00013860424205807 0.00019907838647827 -0.0010596296381874 0.20218061232472 0.019849433241279 4 4 5 5 0
49.014238047615 8.4169803417022 115.70693206787 -0.006801 0.013933 1.9265003267949 -0.0036031133902131 0.0014439851615126 -0.0038804583494351 9.8645775140567e-05 -0.017617374116717 -0.13825154164863 -0.060534258961979 9.8090207948725 -0.0014984860635751 0.0064343507689192 9.8101799026065 0.00049720508171425 -0.00010718916508359 0.00018685537180925 0.00049980961999796 -0.00010593331039055 0.00018064480144551 0.19902261178067 0.018439088914586 4 4 5 5 0
49.014238018075 8.4169803533684 115.72495269775 -0.006853 0.013905 1.9255903267949 -0.0057054749811139 0.0012231921655781 -0.0057749602855078 -0.0008358474529381 -0.014576116611828 -0.13548853991666 -0.064676881348182 9.8098014850778 0.00092302899529279 0.0023638355381724 9.8109497824001 -0.00030448192412524 3.1921038005472e-07 -0.00094334948008751 -0.00031758508444343 -6.1554547031437e-06 -0.00093900095148531 0.19948182874638 0.017691806012954 4 4 5 5 0
49.014238237387 8.4169803288502 115.65700531006 -0.006852 0.014065 1.9167613267949 -0.0025309000479897 -0.0028098771728096 -0.0014308848405909 -0.0035006200686981 -0.02009960964618 -0.1426818898757 -0.068378462776819 9.8098745294966 -0.0045615534352274 -0.0012237426963618 9.8111490889954 -0.00023369814598624 -0.00019791880794388 -9.5834154625155e-05 -0.000234990875735 -0.00019857546307704 -9.1163747050641e-05 0.20083077453418 0.019104973174543 4 4 5 5 0
49.014238107249 8.4169803442062 115.68785095215 -0.006838 0.014 1.9268953267949 -0.00045182910486233 0.0022791392230871 -0.0012179040574005 0.0019786906221623 -0.021353758762991 -0.14021588278002 -0.069292231403181 9.8110332769535 -0.0028716443887166 -0.0023723532105626 9.8122793249002 -0.00018802784727372 9.7806603600388e-05 0.00016593171523743 -0.00018568424971327 9.8934085755095e-05 0.00016785965008094 0.19902261178067 0.018439088914586 4 4 5 5 0
49.014238011188 8.4169803559236 115.72730255127 -0.006815 0.013934 1.9254013267949 -0.0062436814531867 0.0011899064099404 -0.0062682683545039 -0.0010527824684941 -0.014008683902822 -0.14369768373626 -0.067353066467291 9.8041397283011 -0.0072596671223384 -0.00037078621839224 9.8054213940642 0.00033657382657293 0.0003344822390047 -0.0010022796102039 0.00032255266175103 0.00032763542780079 -0.0010091269571486 0.19948182874638 0.017691806012954 4 4 5 5 0
49.01423815392 8.4169803135789 115.67520141602 -0.006886 0.013999 1.9295503267949 -0.0031061026524493 -0.0038490132660534 -0.0015602844324669 -0.0046937375081186 -0.015251220431356 -0.13632797002686 -0.064348001032374 9.8085117882649 0.0012288418639976 0.0032116700272612 9.8096696690069 5.8451503652723e-05 -0.00019293549481459 -0.0013971544978067 3.8873256615184e-05 -0.00020256408183873 -0.0013964854259433 0.20218061232472 0.019849433241279 4 4 5 5 0
49.01423818428 8.4169803811164 115.65225219727 -0.006813 0.014025 1.9248853267949 -0.0026812864337612 -0.0017330469617683 -0.0019154029121046 -0.0025541481389255 -0.020538790488576 -0.13650491242285 -0.064422952329785 9.8085739894256 0.0010630937867182 0.0026016359779008 9.8097349002793 0.00045452692956991 -2.7110741368523e-06 -0.0015920713783066 0.00043215081936419 -1.3558424333399e-05 -0.0015982323385112 0.20083077453418 0.017691806012954 4 4 5 5 0
49.014238135244 8.416980278485 115.71343994141 -0.006845 0.014038 1.9162053267949 -0.0059086189619636 -0.0024369553284458 -0.0047333719245561 -0.0042949641284042 -0.014061132660536 -0.13855348940001 -0.064905310383185 9.8053628588777 -0.00097155890651956 0.0024705975360965 9.8065561954275 0.00053915717362629 2.7161204240755e-06 -0.0013251059809544 0.00052049700492627 -6.3795334048461e-06 -0.001332513071007 0.20083077453418 0.019104973174543 4 4 5 5 0
49.014238261954 8.4169803762585 115.67419433594 -0.006702 0.01412 1.9253443267949 0.0071318970712871 0.0041197385225603 0.0052602162104537 0.006337701893199 -0.025306141512062 -0.13749827242767 -0.065340479215024 9.807631390975 0.00099631084178052 0.0004992961730943 9.80881239948 0.00031512451419762 9.096772559132e-05 0.00090124231639088 0.00032779289522172 9.698148808058e-05 0.00089608125324408 0.19948182874638 0.019104973174543 4 4 5 5 0
49.014237866326 8.4169804200628 115.70338439941 -0.006818 0.013907 1.9383753267949 -0.011489365265864 -0.0018302719843129 -0.010065466908061 -0.005834640008581 -0.009992071581756 -0.14100893706172 -0.067950020282634 9.8071347957034 -0.004747008820001 -0.00098949492072281 9.8083825986191 0.00018442683055691 0.00025358592271192 -0.00075169315761726 0.00017391366686638 0.00024842994239655 -0.00075589321241873 0.20129580224138 0.019104973174543 4 4 5 5 0
49.014238050416 8.416980300643 115.74560546875 -0.006836 0.013912 1.9216803267949 -0.006520038555617 0.000122495284248 -0.0061634466028334 -0.0021308680933475 -0.011810249066452 -0.13834336774603 -0.062646281155328 9.8079608486367 -0.0018071621567471 0.0044774787699811 9.8091352216901 0.00022176589129428 -0.00027938852581244 -0.00023078510335356 0.00021857634004615 -0.00028094555201034 -0.0002319290051495 0.19948182874638 0.017691806012954 4 4 5 5 0
49.014238188776 8.4169803875016 115.65203857422 -0.006821 0.01398 1.9239873267949 -0.0026940266437926 -0.0016065658871624 -0.0019740409421179 -0.0024375068837358 -0.020859230187828 -0.14334213518513 -0.065804337486018 9.8072903724059 -0.0058661173167154 0.001221939182049 9.808556639604 0.00031986758452082 -0.00068366113616177 -0.00047123791234315 0.00031331262941272 -0.00068686150997136 -0.000470983350487 0.20083077453418 0.019104973174543 4 4 5 5 0
49.014238075532 8.416980337451 115.69804382324 -0.006802 0.013925 1.9267613267949 -0.0021883731700741 0.0016573009637524 -0.0026287994976495 0.00079064090988208 -0.019455341278171 -0.13808932262248 -0.064897795404597 9.8081799023749 -0.0010216430215894 0.0020320679382792 9.8093666768776 0.00043175284670701 -0.00081342501438625 9.0138347794936e-05 0.00043305729267723 -0.00081279901963548 8.9628075337308e-05 0.19902261178067 0.018439088914586 4 4 5 5 0
49.014238176907 8.4169802579779 115.70097351074 -0.006877 0.014135 1.9155813267949 -0.0048143758650077 -0.0031897621259227 -0.0034522514240081 -0.0046298653060377 -0.015221974460213 -0.13744244695979 -0.063356829738038 9.798326101269 0.000491237235265 0.0039985844343793 9.7994939939658 -6.331884555917e-05 0.00085762858653569 -0.00030888946067768 -6.7682543601257e-05 0.00085548665553989 -0.00031384327734011 0.20083077453418 0.019104973174543 4 4 5 5 0
49.014238125274 8.4169803549079 115.68264770508 -0.006823 0.014001 1.9267293267949 0.00043069690569472 0.0024671411118588 -0.00045599791717066 0.0024626195856911 -0.022423248517593 -0.13368810095037 -0.063510686373101 9.8018132265739 0.0035423084758932 0.0031761537709476 9.8029294856772 -0.00023049578293873 0.00010041903029128 0.00017336021295706 -0.0002280752612825 0.00010159266864067 0.00017588752972858 0.19902261178067 0.018439088914586 4 4 5 5 0
49.014238271507 8.4169802818321 115.65863037109 -0.006869 0.014088 1.9248623267949 -0.00057791947356218 -0.0037538299019108 0.00075994516788706 -0.0037212939802522 -0.018556371063885 -0.13720817442438 -0.063176453829921 9.8045374865117 0.00089190790284236 0.0042790164078863 9.8057000916255 0.00028726529826197 -6.8860715465771e-05 -6.7126346869649e-05 0.00028629158098272 -6.9338047400347e-05 -7.0696815718775e-05 0.20083077453418 0.017691806012954 4 4 5 5 0
49.014238157978 8.4169804006583 115.66566467285 -0.006755 0.014025 1.9276723267949 0.0029761296536158 0.003908420068952 0.0014240483417747 0.004701495631545 -0.025567190745703 -0.13334190166421 -0.068663604905963 9.8100650155098 0.0044165180281515 -0.0021628674838124 9.8112102169513 0.0004842549284632 -0.00026260883660389 0.00056646370776514 0.00049213736115794 -0.00025875756788875 0.00056137528629712 0.19948182874638 0.019104973174543 4 4 5 5 0
49.014238118058 8.4169802950268 115.71826934814 -0.006833 0.014008 1.9166933267949 -0.0063489675095666 -0.0021179644797448 -0.0052538883987113 -0.0041463603157664 -0.013018855742157 -0.13765424709866 -0.063488719361369 9.8138087537567 -0.00017687171287613 0.0039484990680182 9.8149786716834 0.00066892751074158 -0.00014810886895253 -9.1046137040341e-05 0.00066762060274748 -0.00014873374715186 -9.9410625817153e-05 0.20083077453418 0.019104973174543 4 4 5 5 0
49.01423823813 8.4169803234089 115.65632629395 -0.006912 0.014094 1.9253983267949 -0.0013263891133909 -0.0028649077464927 -0.00024865358888247 -0.0031473240657697 -0.019271345199415 -0.13871656120649 -0.06447665030169 9.8048465521468 -0.00076009766342641 0.0030202736215973 9.8060395798745 -0.00041018756610203 0.00028247690331507 7.9536860352266e-05 -0.00040905102150656 0.00028302144119873 8.3383699218645e-05 0.20083077453418 0.017691806012954 4 4 5 5 0
49.01423803476 8.4169803252303 115.73500823975 -0.006853 0.013949 1.9231433267949 -0.0063776538442902 0.00060286371787068 -0.0061932344390325 -0.0016382808538782 -0.012837399198575 -0.13995124153744 -0.067448655513896 9.8065804910021 -0.0034529823743031 -0.00045427477349799 9.8078102492289 -0.00030582910393737 0.00047556044395313 0.00015690806938066 -0.00030364061816981 0.00047662854376041 0.00015788105799782 0.19948182874638 0.017691806012954 4 4 5 5 0
49.014238238518 8.4169802907371 115.66973876953 -0.006846 0.014086 1.9155033267949 -0.0028994634593704 -0.0029802161125566 -0.0017219483394435 -0.0037846358141152 -0.018822503903235 -0.14161414700315 -0.064609269532997 9.8109261056257 -0.0034186776478227 0.0027676854406065 9.8121597274814 0.00033199906313027 -7.9045278218493e-05 0.00049774561919176 0.00033900349384517 -7.5639019153932e-05 0.0004935593569267 0.20083077453418 0.019104973174543 4 4 5 5 0
49.014238253381 8.4169803040697 115.65724945068 -0.006871 0.014053 1.9251563267949 -0.00087166309083469 -0.0032510353926858 0.00031091518856098 -0.003351535237409 -0.018835012455292 -0.13801225788294 -0.066976556783726 9.812765190245 9.7920277115956e-05 0.00048596556351515 9.8139642991809 0.0001524228517439 -0.0004835229828554 0.00023505511091545 0.00015574401669126 -0.00048188915898335 0.00023620738204884 0.20083077453418 0.017691806012954 4 4 5 5 0
49.014238148715 8.4169803781513 115.67317962646 -0.006782 0.014061 1.9271003267949 0.0016086448885929 0.0033160209468044 0.00035005990703616 0.0036689714848372 -0.0241972283203 -0.13603937792704 -0.059289810488489 9.8077163737615 0.0015985391570342 0.0071739730169733 9.8088358401832 3.6788141120714e-05 0.00049710829666295 -0.00056557426575537 2.8794343713896e-05 0.00049326704713313 -0.00056939888104004 0.19948182874638 0.019104973174543 4 4 5 5 0
49.014238067707 8.4169802650748 115.75949859619 -0.00683 0.013947 1.9197643267949 -0.0066293314682183 -0.00060106348278523 -0.006022810130009 -0.0028349475482703 -0.0094389780995436 -0.140528314419 -0.06219542395846 9.8056516282077 -0.003795741483449 0.0050326350450022 9.8068539409876 0.0005241261201397 -3.5493747740803e-05 8.4496335630915e-05 0.00052526067610236 -3.4892280908195e-05 7.7472003665679e-05 0.19948182874638 0.017691806012954 4 4 5 5 0
49.014238086564 8.4169802077579 115.77712249756 -0.00687 0.013994 1.9171893267949 -0.0069297476470312 -0.0022582656228764 -0.0057506428414606 -0.0044779379270044 -0.0063435954612557 -0.14359706841235 -0.060473403233028 9.8088440195825 -0.0063611463286983 0.0068242746064871 9.8100771718796 -0.00013906496020752 4.5086262213432e-06 0.0002978486653682 -0.00013486696970277 6.5791381192068e-06 0.00029971473580867 0.20083077453418 0.019104973174543 4 4 5 5 0
49.01423788368 8.416980411068 115.7060546875 -0.00686 0.013861 1.9379773267949 -0.010887868128836 -0.0020102531417893 -0.0094430813443449 -0.0057807512194433 -0.010077438299297 -0.13762481433559 -0.0648055294756 9.8110008460234 -0.0013955328102613 0.0023576437140076 9.8121798274486 -0.00031019950737493 -0.00040288199379804 0.00080808077993879 -0.00029889302951423 -0.00039737137914236 0.00081499960481868 0.20129580224138 0.019104973174543 4 4 5 5 0
49.014238261398 8.4169802687502 115.65981292725 -0.006888 0.014068 1.9255183267949 -0.00051244099006147 -0.004292837265357 0.0010086756732438 -0.0042040915119874 -0.017889597510859 -0.1415029294975 -0.063313637668514 9.8060527663632 -0.003226222179979 0.0041695782214463 9.8072765690471 -7.9425384135209e-05 -0.00043464916531832 0.00049838120310414 -7.2359139163467e-05 -0.00043122276234847 0.00050241073918755 0.20083077453418 0.017691806012954 4 4 5 5 0
49.014238144052 8.4169803581489 115.67726898193 -0.006794 0.014011 1.9266323267949 0.001086790570165 0.0027565783522714 5.7642643068007e-05 0.0029625524853161 -0.02327887298234 -0.13814479908254 -0.07071902887563 9.8090164291111 -0.0005684968074854 -0.0041796399255894 9.8102432367199 -4.307784701898e-05 -0.00021803888345331 -0.00082191416329169 -5.4574562018573e-05 -0.00022359445434063 -0.00081973488683334 0.19948182874638 0.019104973174543 4 4 5 5 0
49.014238092243 8.4169802377123 115.76280975342 -0.006871 0.013998 1.9171883267949 -0.0065398274158301 -0.0024660842271712 -0.0053151264351847 -0.0045387963286911 -0.007634072071449 -0.14197222579582 -0.06578957142664 9.8066442162365 -0.0047754010688797 0.0017484137738156 9.8078914114926 0.00022261825529044 0.00018749908705457 0.00021912546640913 0.00022565235993043 0.00018901081408393 0.00021474516567605 0.20083077453418 0.019104973174543 4 4 5 5 0
49.014238031331 8.4169803472514 115.71701049805 -0.006809 0.013927 1.9259663267949 -0.0047862797080691 0.0013522365978332 -0.0049577472185744 -0.00039732955599065 -0.015978862013784 -0.1369636314541 -0.067506690243871 9.8079613541563 -0.00022607509610372 -0.00054572049861358 9.809150140213 0.00034331492196385 -0.00024363186313048 -0.00075808394518624 0.00033277990584506 -0.00024881058509154 -0.00076112854897641 0.19902261178067 0.018439088914586 4 4 5 5 0
49.014238081402 8.416980262189 115.75415039062 -0.006862 0.013975 1.9176653267949 -0.0068636675155069 -0.0022739497453876 -0.0056829438256765 -0.0044705004118995 -0.0084444409690929 -0.13827650314067 -0.064737329011365 9.8101501636018 -0.0011748486157663 0.0027565077685543 9.8113379255082 0.00025592118037407 5.2012696531699e-05 0.00058874921382661 0.000264154027219 5.6051365104741e-05 0.00058478887611116 0.20083077453418 0.019104973174543 4 4 5 5 0
49.01423817019 8.4169803925694 115.66515350342 -0.006754 0.014073 1.9273643267949 0.0038336098849111 0.0037017779861829 0.0023021580061506 0.0048060847673733 -0.025896583131733 -0.13605498641908 -0.064655240977947 9.8025041218893 0.0018412541381038 0.0016956625164698 9.8036612096464 0.00031159461050377 0.00033102568970278 -0.00039549379015301 0.00030599577202275 0.00032831203498133 -0.00040205997384774 0.19948182874638 0.019104973174543 4 4 5 5 0
49.014237898796 8.4169803917131 115.70328521729 -0.006858 0.013893 1.9371883267949 -0.010367598380327 -0.0023780769869297 -0.0088291677623406 -0.0059320324853198 -0.010478153680688 -0.1385127150839 -0.065432207839983 9.8048556496317 -0.0023065616993582 0.0019213452751908 9.8060517391466 0.00017241217364505 4.5590123436774e-05 9.4054194779617e-05 0.00017370599386374 4.6232015172197e-05 9.1343747825348e-05 0.20129580224138 0.019104973174543 4 4 5 5 0
49.014238103244 8.4169802150595 115.76928710938 -0.006915 0.013993 1.9166673267949 -0.0065459569111396 -0.0025841261941577 -0.0052816577355446 -0.004650986912118 -0.0066571116629285 -0.13449411755815 -0.06390778958166 9.808825582398 0.0027457341995634 0.0036572476297459 9.8099546325726 -0.00053809857522871 -5.9458972259479e-05 0.0010780898328798 -0.00052296800431993 -5.2015170039381e-05 0.0010858864438397 0.20083077453418 0.019104973174543 4 4 5 5 0
49.014238082939 8.4169802142539 115.77507781982 -0.006844 0.013938 1.9175443267949 -0.0068075446039279 -0.0018569068159992 -0.0057704714131599 -0.0040611795509769 -0.0067495360802125 -0.14001194659999 -0.064706096600894 9.8138024881813 -0.0027842433757961 0.0027718149217026 9.8150135194479 0.00062572340814951 -0.00082672036881205 -0.00025873179563032 0.00062211477208886 -0.00082847351727927 -0.00026179904297029 0.20083077453418 0.019104973174543 4 4 5 5 0
49.014238205652 8.4169802678105 115.68962860107 -0.006863 0.01409 1.9154253267949 -0.0040964413672058 -0.003321870077655 -0.0027329036467019 -0.0045108019449728 -0.0163905180462 -0.13588956037796 -0.064195068671763 9.8106786871586 0.0022574771729507 0.0031464777453354 9.8118288393922 -4.2740616250755e-05 -3.7515169926237e-07 -0.00040992772247932 -4.8496434063534e-05 -3.1684832517308e-06 -0.00040924881288664 0.20083077453418 0.019104973174543 4 4 5 5 0
49.014238156691 8.4169802593534 115.70817565918 -0.006898 0.014105 1.9158613267949 -0.0053839247670454 -0.0027938966600994 -0.0041206199053691 -0.0044512921251617 -0.014483620046263 -0.13810970809998 -0.068851700685503 9.8056869034232 -0.00037905505402843 -0.001498388689082 9.8069006824107 -0.0004497982883228 0.00087647555405641 0.00057415678769255 -0.00044177219550814 0.00088038008853967 0.00057442420991399 0.20083077453418 0.019104973174543 4 4 5 5 0
49.01423828365 8.4169802645177 115.65872955322 -0.006902 0.01413 1.9246523267949 -0.00030743531168097 -0.00410667681612 0.0011350103331524 -0.0039587026607767 -0.01829150581968 -0.13735362574856 -0.064788259631558 9.8129101967182 0.0010927055461954 0.0028197025323212 9.8140847557628 -0.00014263217505581 0.0003117851704679 -0.00015719876490881 -0.00014481876592611 0.00031071586508403 -0.00015732295588662 0.20083077453418 0.017691806012954 4 4 5 5 0
49.014238072569 8.4169802519088 115.76402282715 -0.00686 0.013999 1.9191453267949 -0.006707468580332 -0.0010387517235003 -0.0059488227997668 -0.0032684214736145 -0.0086223103702249 -0.13855754456459 -0.062809303129264 9.8126780074655 -0.0015189051473081 0.0045679350397028 9.8138558777891 0.00018291018938197 0.00051943110770171 -0.00010733643679755 0.00018130168967703 0.00051862219980632 -0.00011343042236685 0.19948182874638 0.017691806012954 4 4 5 5 0
49.014238195494 8.4169803738963 115.65215301514 -0.006885 0.014031 1.9261843267949 -0.0023829743814974 -0.0018557874183046 -0.0015885689449985 -0.0025688208004487 -0.020291708636422 -0.13569323174758 -0.064174404421919 9.8096594144912 0.0018929967104115 0.0029843840006384 9.8108072075343 -0.00063609373998884 -1.7257250734788e-05 0.00061246534242885 -0.00062744547663831 -1.2990537394801e-05 0.00062142865807626 0.20083077453418 0.017691806012954 4 4 5 5 0
49.014238193954 8.416980298734 115.67106628418 -0.006869 0.014035 1.9281713267949 -0.0023566631472642 -0.0040108860303174 -0.00080716241380711 -0.0045816401840935 -0.016016382137541 -0.14050340884012 -0.067561713652632 9.8100772166631 -0.0026860198952838 -3.1026611823862e-05 9.811315635736 0.00024332977467359 -9.1042949915659e-05 0.00057528923103037 0.00025138655827523 -8.7109056948042e-05 0.00057243754775822 0.20218061232472 0.019849433241279 4 4 5 5 0
49.014238195098 8.4169803960197 115.65058898926 -0.006834 0.014055 1.9224113267949 -0.002661342575721 -0.0013938967326847 -0.0020201740179731 -0.0022235651924399 -0.021097224543342 -0.13572757122895 -0.061143236689247 9.8047333660733 0.001907777178604 0.0058668904381891 9.8058614094833 6.7382816573211e-05 0.00029960810588937 -6.5462573378232e-05 6.6413260225957e-05 0.00029915680896143 -6.8439449969534e-05 0.20083077453418 0.019104973174543 4 4 5 5 0
49.014238081444 8.4169802248397 115.77240753174 -0.006882 0.013975 1.9179323267949 -0.0067642552753066 -0.0015575541122999 -0.0058297041239766 -0.0037677955485163 -0.0072793508496672 -0.13333678926354 -0.06544444703741 9.8059548884291 0.0039367290523838 0.0020115775439817 9.8070785907893 1.7311227294487e-05 -0.00046258040911687 -0.00071200179397552 7.4184909629852e-06 -0.00046745780339754 -0.00070898139117841 0.19948182874638 0.017691806012954 4 4 5 5 0
49.014238059918 8.4169803395687 115.70393371582 -0.006775 0.013945 1.9266203267949 -0.0028606198235874 0.0016457972125437 -0.0032548114379379 0.00054596950185353 -0.01853268278887 -0.13450010796143 -0.068221380210635 9.8102242066404 0.00233221180291 -0.0012141566303388 9.8113830059771 0.0010127464601159 2.870071780591e-05 0.00037450282496042 0.00101791535784 3.1234770649059e-05 0.00036013440750429 0.19902261178067 0.018439088914586 4 4 5 5 0
49.014238086855 8.4169802034721 115.77786254883 -0.006873 0.013972 1.9169133267949 -0.0068805513647577 -0.0024550976966186 -0.0056390827488331 -0.0046444143514172 -0.0061860928594948 -0.1409182095496 -0.070200395503394 9.807200054238 -0.0037397158379641 -0.0028026223437924 9.8084624498611 5.2109902414298e-06 -0.0002948688769816 6.9925495993656e-05 6.2332840674104e-06 -0.00029437184095482 7.185684584925e-05 0.20083077453418 0.019104973174543 4 4 5 5 0
49.014238036804 8.4169803442379 115.71263122559 -0.006834 0.01397 1.9262133267949 -0.0043263449919396 0.0013201388196902 -0.0045153173088699 -0.00026855854613249 -0.017003568765432 -0.14149503922517 -0.065698762246975 9.8107271712413 -0.0047576928996495 0.0012841408532447 9.8119665289812 -8.7751907992853e-05 0.00061317049533867 -0.00069753399951463 -9.7512077175431e-05 0.00060840139932514 -0.0007004111089587 0.19902261178067 0.018439088914586 4 4 5 5 0
49.014238035169 8.4169803347227 115.73089599609 -0.00681 0.013907 1.9240493267949 -0.006429091988335 0.0011334347249768 -0.0064232158682082 -0.0011667255366433 -0.013657078845763 -0.13702404795966 -0.064271947302546 9.8106939880656 -0.00068995640307422 0.0027317605127753 9.8118608629907 0.00042902102832059 -7.4131430402972e-05 -0.00029632520501891 0.00042488760213881 -7.6163101766643e-05 -0.00030176039995557 0.19948182874638 0.017691806012954 4 4 5 5 0
49.014238222816 8.4169802800747 115.67917633057 -0.006865 0.014091 1.9154203267949 -0.0034245750069181 -0.0032209821638172 -0.0021349991942063 -0.0041886024554027 -0.017480514752778 -0.1434876972103 -0.066166952167552 9.8090441023352 -0.0053125862355647 0.0011232387586347 9.8103155197634 -0.00015772080628552 -2.5325703063414e-05 -3.2511820735847e-05 -0.00015815621734698 -2.5533991198616e-05 -3.0060598619848e-05 0.20083077453418 0.019104973174543 4 4 5 5 0
49.014238252627 8.416980275979 115.65838623047 -0.006864 0.014054 1.9258623267949 -0.00089545108493495 -0.0042686801762564 0.00064330391084114 -0.0043139640952358 -0.017915949709696 -0.14039069022528 -0.067324581410487 9.8071841557045 -0.0022365256387792 7.6941827031945e-05 9.8084196646646 0.00016057282969539 -0.00048822412397023 -0.00012502947605161 0.00015882632208033 -0.00048907567771498 -0.00012393498301365 0.20218061232472 0.019849433241279 4 4 5 5 0
49.014238201736 8.4169804036994 115.64978790283 -0.006874 0.014011 1.9210513267949 -0.0027507504659928 -0.0012091168632561 -0.00217206681693 -0.0020769930918381 -0.021564576109689 -0.139367979544 -0.067629248421037 9.8109086136697 -0.0014730219846482 -0.00053157663669288 9.8121311647355 -0.00064632683553439 -0.00073832532494697 0.00099864706029749 -0.00063219739950648 -0.00073143432656868 0.0010126433459681 0.20083077453418 0.019104973174543 4 4 5 5 0
