49.014238028174 8.416975122224 118.48121643066 -0.007047 0.014115 2.1268013267949 -0.016348754880841 0.0057339149748701 -0.016912617554848 -0.0037580248014103 -0.0024175306903043 -0.13432050261698 -0.065346318461912 9.8108662403422 0.004397543461676 0.0038799487627831 9.8120012539804 0.00019161149297113 -0.00047348024410874 0.00050815214108742 0.00019884307590356 -0.00046986845855815 0.00050874514133496 0.60532470625277 0.08839117603019 4 4 4 0 0
49.014237403446 8.4169750398159 118.48029327393 -0.006828 0.013685 2.1249833267949 -0.030903380898311 0.030859606950673 -0.042517819962053 0.0099784377224412 0.0010101466327656 -0.13911345941521 -0.064233666829253 9.8118965613404 -0.004904069937137 0.0024106993206494 9.8130910702847 -0.00058299728690767 2.9699788948968e-05 0.00055919826156691 -0.00057531496689608 3.3486362011376e-05 0.00056694018420051 0.3922371731491 0.067882250993909 4 4 4 0 0
49.014238198907 8.4169750880355 118.48047637939 -0.007026 0.014237 2.1272083267949 -0.013949290248038 0.0028872032141699 -0.01337023249349 -0.0049148147071108 -0.0028185931520852 -0.14141286334866 -0.068245973017465 9.8053204721671 -0.0020297114177304 0.00083645991281588 9.8065775370697 0.00036383811321419 0.00033160330869883 0.00048346401052344 0.00037063614532387 0.00033497948945393 0.00047591054623546 0.63570826642415 0.089805345052508 4 4 4 0 0
49.014238145014 8.4169750921369 118.48082733154 -0.00703 0.014191 2.1271233267949 -0.014769814025505 0.0036795998326812 -0.014486030066319 -0.0046734669618595 -0.0027937105320171 -0.13879899395874 -0.062396639619991 9.8060091664262 0.00041263233599185 0.0066729163628633 9.8071874423268 0.00025474299258966 -0.00015687133133547 0.0013785993801813 0.00027428017574181 -0.00014718348483039 0.0013758287222105 0.63570826642415 0.089805345052508 4 4 4 0 0
49.014237402729 8.4169752476484 118.48364257812 -0.00694 0.013842 2.1253223267949 -0.029006028486661 0.02449085439749 -0.037554833525862 0.0055485057157473 -0.00013149865916314 -0.14102673272279 -0.067971816476281 9.8119137328141 -0.0051926976347731 -7.5918111341671e-06 9.8131612404774 -0.00018858935017352 -9.3439463284704e-05 0.00037495693589964 -0.00018339127152736 -9.083238329637e-05 0.00037818348747054 0.4661770050099 0.07778174593052 4 4 4 0 0
49.014238385601 8.4169750704546 118.4783706665 -0.007072 0.014227 2.1276943267949 -0.010759103610444 -0.00087884741123596 -0.0086690091375687 -0.0064326418109518 -0.003371871270509 -0.13901303386814 -0.062897858081902 9.8059810448224 0.00067683524616328 0.005958445269219 9.8071662925453 -0.00086636853275134 -0.00035577483093804 -7.0359509016712e-05 -0.00086724889596344 -0.00035623051268169 -5.5501454623895e-05 0.66186554525825 0.089805345052508 4 4 4 0 0
49.014237738934 8.4169752095395 118.48248291016 -0.007038 0.014019 2.1262533267949 -0.021380731908382 0.011532841601419 -0.024248024227273 -0.0014746899055881 -0.0017442836640487 -0.13743691452767 -0.057525859721169 9.8069205499882 4.8541287905876e-05 0.011400587326298 9.8080456537079 -0.00014543876824363 -9.8397710724397e-05 0.00042001123728692 -0.00013953272915256 -9.5437348107825e-05 0.00042269558604208 0.57423340202395 0.086977008456258 4 4 4 0 0
49.014238178163 8.4169750889155 118.48067474365 -0.007067 0.014251 2.1271653267949 -0.014447604138792 0.0030326575479657 -0.013870490203621 -0.0050536474572768 -0.0027176541429933 -0.13637264414363 -0.066034680757583 9.8106138854009 0.0030617484687764 0.0030981047286846 9.811782609707 -0.00033882888879926 0.00060925593889329 0.00061932515877866 -0.0003300300818813 0.00061363395587377 0.00061978069444339 0.63570826642415 0.089805345052508 4 4 4 0 0
49.014237776704 8.4169751966804 118.48229217529 -0.007025 0.014075 2.1261813267949 -0.020371853257064 0.011134702102334 -0.02318090242763 -0.0012804938611156 -0.0018399167940028 -0.1401992601243 -0.066271072649958 9.8065210677724 -0.0025168030712325 0.0026884946038543 9.8077464626459 0.00016007422475427 0.00054154746779443 -0.00014870967390973 0.00015793871437532 0.00054047112967045 -0.00015475394230441 0.57423340202395 0.086977008456258 4 4 4 0 0
49.014237404911 8.4169750288532 118.4800567627 -0.006773 0.01371 2.1249883267949 -0.03099920498663 0.031010296022219 -0.042678530819187 0.010056452307674 0.0010405746851772 -0.14473045265202 -0.066481470477154 9.80252325992 -0.010521587707473 -2.294381606447e-05 9.8038112563076 0.00015994383111988 0.00026553920976404 0.00061860440039556 0.00016831938828847 0.0002696945378669 0.00061454902410954 0.3922371731491 0.067882250993909 4 4 4 0 0
49.014238095122 8.4169751085024 118.48105621338 -0.007063 0.014198 2.1268743267949 -0.015696989744571 0.0044613519857067 -0.015686819335275 -0.0044969492107225 -0.0025892058108548 -0.14191242633782 -0.067615435710719 9.8102444270486 -0.0028148252496677 0.0017254637513865 9.8115031945578 0.00012883079476363 0.00029807495951347 -0.00076086142571103 0.00011793290791631 0.00029267311329603 -0.00076472098793414 0.60532470625277 0.08839117603019 4 4 4 0 0
49.014238128257 8.416975098318 118.48100280762 -0.007031 0.014174 2.1269903267949 -0.015172740635007 0.0043255387433493 -0.015169603267872 -0.0043365251353147 -0.002531857681575 -0.13859768068492 -0.072061099865476 9.8055400001086 0.00047880669184858 -0.0028386737596431 9.8067838355645 0.00052354410454594 -0.00023494360036915 0.00016350327306642 0.00052583380475198 -0.00023381185693283 0.00015772304076163 0.63570826642415 0.089805345052508 4 4 4 0 0
49.014238284617 8.4169750761355 118.47966003418 -0.007042 0.014248 2.1274973267949 -0.01244485362377 0.0013016724961748 -0.011253917315479 -0.0054697274593571 -0.0029907213553492 -0.13973010041558 -0.068269792291422 9.8081889737696 -5.2623443420924e-05 0.00076003739153481 9.8094215783487 -6.378906299245e-05 8.5261782803701e-05 0.00087281620703245 -5.1387694015226e-05 9.1407809676294e-05 0.00087297761844818 0.63570826642415 0.089805345052508 4 4 4 0 0
49.014237964821 8.4169751463607 118.48155212402 -0.007023 0.014091 2.1266643267949 -0.017613618216077 0.0069515916419662 -0.018630053893327 -0.0033889170676998 -0.0023673452484025 -0.14041151462306 -0.060286480845579 9.809505115786 -0.0023206943306805 0.0087547825679912 9.8106911763176 0.00028800877369218 0.00018826386411053 0.00010037657653816 0.0002893871346371 0.0001889683843049 9.4964315599791e-05 0.60532470625277 0.08839117603019 4 4 4 0 0
49.014238070565 8.4169751139927 118.4811706543 -0.007023 0.014164 2.1269123267949 -0.016075497231343 0.004868386281604 -0.016223390279251 -0.0043501554792085 -0.0024724653322242 -0.14101344004007 -0.060032709138156 9.811990815362 -0.0020067047399638 0.0091245080846932 9.8131832915026 0.00046054390142522 -0.00011690956748934 0.00073818267004661 0.00047098143882 -0.00011171848418088 0.00073238395959392 0.60532470625277 0.08839117603019 4 4 4 0 0
49.014237395293 8.4169750866588 118.48119354248 -0.006802 0.013729 2.1251063267949 -0.030688637775632 0.030098746274223 -0.041935840815068 0.0094399257322631 0.00084986453209214 -0.14460400382918 -0.065491952187738 9.8111270999783 -0.01011247565222 0.0012654304360978 9.8124061166269 7.5968107166832e-05 0.00029459340029243 0.00059014238943055 8.4000328638879e-05 0.0002986123683498 0.00058705271452143 0.3922371731491 0.067882250993909 4 4 4 0 0
49.014238404196 8.4169750721823 118.47805786133 -0.007025 0.014268 2.1277633267949 -0.01037562778253 -0.0010523711758504 -0.0082514355846489 -0.0063776878664404 -0.0035368342324247 -0.14117722525125 -0.070209884853057 9.8058911640106 -0.0013549562265083 -0.0011927573676843 9.807158556576 0.0002614483508154 0.00012989417509911 0.00033182700033723 0.00026615269449798 0.00013218352784587 0.00032714997797489 0.66186554525825 0.089805345052508 4 4 4 0 0
49.014237419953 8.4169752594506 118.48361968994 -0.006931 0.01394 2.1253453267949 -0.028359040839302 0.023056183310368 -0.036249666070708 0.0046674037096988 -0.00035899342170826 -0.13855670785672 -0.063594196384221 9.8025326237584 -0.0022100609388147 0.0044055821846305 9.8037169282234 0.00015681708247828 0.00045186284928663 -0.00012705632443102 0.00015501677281885 0.00045095431817681 -0.00013232624709606 0.50289660965252 0.08202438661764 4 4 4 0 0
49.014237388368 8.4169751505795 118.48248291016 -0.006842 0.013752 2.1252003267949 -0.030398314653716 0.028788389565097 -0.04100009893074 0.0084747224140023 0.0006945141775587 -0.14136821717917 -0.065519749504169 9.8096079828892 -0.0064665543476791 0.0016085598589508 9.8108429338122 5.6033928643312e-05 -7.4631062611752e-05 0.00060785992612997 6.4364644765944e-05 -7.0478219202013e-05 0.00060751705264235 0.42952182715201 0.073539105243401 4 4 4 0 0
49.01423747412 8.4169752808156 118.48322296143 -0.00699 0.013992 2.1255153267949 -0.026559484860462 0.019421045115162 -0.03280591079026 0.0025209856070656 -0.0010722215748634 -0.13766316910853 -0.067407215811265 9.8043358353332 -0.0007541109833009 0.0012050265216548 9.8055339727223 0.00017656198852856 0.00042541298735317 0.00049050751796532 0.00018332488641965 0.00042885950938017 0.00048501111186861 0.50289660965252 0.08202438661764 4 4 4 0 0
49.014237642103 8.4169752376527 118.48281097412 -0.006971 0.014046 2.1259623267949 -0.022984076511844 0.014410103347192 -0.027127494121803 0.00013293278796393 -0.0014078426772506 -0.1412663305033 -0.06220104867325 9.8104818815616 -0.0037654701483056 0.0063822039124211 9.8116934310745 0.00037689332097922 0.00044438872154525 0.00079709413330797 0.000387944280579 0.00044994797948514 0.00078863158835569 0.53890629983328 0.084852813742386 4 4 4 0 0
49.014238364124 8.4169750676457 118.47866821289 -0.006983 0.014216 2.1276843267949 -0.01099126933781 -0.00023729060838319 -0.0092052778757152 -0.0060105794807411 -0.0032543645693308 -0.14313467937269 -0.063478368781046 9.8102333857375 -0.0033387839254854 0.0052464323026196 9.8114809649798 0.00040945021524866 -0.00064614619102698 0.00028751855007862 0.00041358707495857 -0.00064413136929514 0.00028617281987745 0.66186554525825 0.089805345052508 4 4 4 0 0
49.014237493517 8.4169752750403 118.48320770264 -0.006968 0.013956 2.1255923267949 -0.026046600103636 0.018755336995848 -0.032019455675957 0.0022231291728172 -0.00090634142642113 -0.13278545199828 -0.062257843000125 9.8085863288126 0.0040906791535896 0.0061675181410254 9.8096799121465 0.00017005340228279 -7.5957700777593e-05 0.00073416915292211 0.00018025963192042 -7.0850670079195e-05 0.00073223795000217 0.50289660965252 0.08202438661764 4 4 4 0 0
49.014237395995 8.4169751998278 118.48337554932 -0.00693 0.013776 2.1252233267949 -0.029612535471425 0.026901366364382 -0.039339128254342 0.0072813889860615 0.00018318487527482 -0.13932831170363 -0.066194138485488 9.8044442038942 -0.0042986437494599 0.0014044621380171 9.8056565208563 -0.00057395523720844 -1.853512997502e-05 7.7839374986224e-05 -0.00057283931863507 -1.7983196083845e-05 8.5848989998186e-05 0.4661770050099 0.07778174593052 4 4 4 0 0
49.014237942485 8.4169751512026 118.48167419434 -0.007047 0.014122 2.1266313267949 -0.018008154892047 0.0077230983888773 -0.019372516223397 -0.0029403011125213 -0.0022939976753443 -0.13477395259988 -0.063448887265509 9.8059358885791 0.0033388202121583 0.0056755470932167 9.8070650282487 5.0701982757593e-05 0.00058014604963486 0.00058067288311408 5.8828863186957e-05 0.00058421764479707 0.00057581470225793 0.60532470625277 0.08839117603019 4 4 4 0 0
49.014237386831 8.4169751790114 118.48300933838 -0.006834 0.01378 2.1251803267949 -0.030079527269273 0.027910609339475 -0.040267000012964 0.0078961260974868 0.0004479893182658 -0.14301554903184 -0.064324246025728 9.8082681897358 -0.00795306864422 0.0028523707605203 9.8095180494744 0.00029808118148341 0.00010722468683499 0.00018994175294238 0.00030065810711257 0.00010854275076815 0.00018508004951662 0.42952182715201 0.073539105243401 4 4 4 0 0
49.014237391272 8.4169752148226 118.48345947266 -0.006902 0.013794 2.1252753267949 -0.029672237112828 0.026524561135286 -0.039191420881182 0.0069301120214089 0.00020581186590837 -0.13810098203397 -0.062514214964974 9.8087081190876 -0.0028669170624947 0.0050449846292342 9.8098775415715 -0.00021989989973013 4.6539715273226e-05 0.0010512211095162 -0.00020537992077354 5.380623260016e-05 0.0010537849475466 0.4661770050099 0.07778174593052 4 4 4 0 0
49.014238304434 8.4169750761196 118.47940063477 -0.007046 0.014266 2.1274983267949 -0.012081940182458 0.00070401831148637 -0.010629794517825 -0.0057858594737992 -0.0031787325279154 -0.1351021693347 -0.062106475459178 9.8032052869321 0.0045304160767737 0.0069140071786794 9.8043291630298 -7.9038884972334e-05 0.00035076439360391 0.00028266004660844 -7.5021204769123e-05 0.00035274755086695 0.00028127545921295 0.63570826642415 0.089805345052508 4 4 4 0 0
49.014237612911 8.4169752473135 118.48281097412 -0.006982 0.01399 2.1258253267949 -0.023427764594354 0.014895816756829 -0.027760526551737 0.0003144397789021 -0.0015224953194993 -0.13687352672929 -0.069215661840478 9.8091157780231 0.0005901357161664 -0.00058912786860483 9.8103147593217 0.00028866367148963 -0.00048123797807129 1.7253963870758e-05 0.00028890602284547 -0.00048112974692244 1.6566807710367e-05 0.53890629983328 0.084852813742386 4 4 4 0 0
49.014237394286 8.4169751325409 118.48223876953 -0.006847 0.013797 2.1251943267949 -0.030431737342688 0.029273713919633 -0.041283917615416 0.008870117695317 0.0005201333823724 -0.14186064438775 -0.066950540903391 9.8087194429714 -0.0070163888555654 0.00011192578033184 9.8099711479149 -0.00014230580727743 0.00077568536216097 0.0006288952636398 -0.0001337596476658 0.00077997876465367 0.00062543687920007 0.42952182715201 0.073539105243401 4 4 4 0 0
49.01423740066 8.4169752188731 118.483543396 -0.006927 0.013855 2.1251923267949 -0.029660312469922 0.026007399063374 -0.038909023522526 0.006496688149197 9.5015944977011e-05 -0.14085027050215 -0.068504881823939 9.803079350173 -0.0053040046647884 -0.00085872767261896 9.8043292746073 -0.00041077108168198 0.00040964056757986 -0.00048374640923131 -0.00041751667356209 0.00040632312689885 -0.00048084933764509 0.4661770050099 0.07778174593052 4 4 4 0 0
49.014238013434 8.4169751289052 118.48134613037 -0.007046 0.014073 2.1267533267949 -0.016885979509596 0.0061710307762534 -0.017599756449607 -0.0036696665935168 -0.0025018022138293 -0.13667458823542 -0.072553813982603 9.8069910494776 0.0017847920392609 -0.0033400094739087 9.8082112043247 0.000237683988423 -0.00085233294759527 0.00017457198995823 0.00024019279286932 -0.00085107712899242 0.00017722481665332 0.60532470625277 0.08839117603019 4 4 4 0 0
49.014237708872 8.4169752177371 118.48253631592 -0.007002 0.014002 2.1261383267949 -0.02149667574744 0.01259564031888 -0.024907012022093 -0.00063086490615441 -0.0016241343337936 -0.13711280086662 -0.064857091395148 9.8069104195292 0.00031632057214257 0.0039431308414756 9.8080827726061 0.00026990939779805 -0.00026677736554052 -0.00015494509049087 0.00026775667035768 -0.00026783540879366 -0.00015682408501486 0.57423340202395 0.086977008456258 4 4 4 0 0
49.014237515231 8.4169752667144 118.48308563232 -0.00698 0.013982 2.1255473267949 -0.025754497146019 0.017921966757717 -0.031332274174953 0.0016672177048103 -0.0011469241359105 -0.13616055044431 -0.064959964761218 9.8073920962533 0.00080945708342142 0.0035765324482504 9.808551581615 0.00019207423402207 0.00020412431109587 -0.00053080836013923 0.00018459844942259 0.00020041236475705 -0.00053484902109482 0.53890629983328 0.084852813742386 4 4 4 0 0
49.014237415123 8.4169750053316 118.47981262207 -0.006789 0.013678 2.1249493267949 -0.030928887884174 0.031211771586867 -0.042724406964143 0.01026624951629 0.0011192481432944 -0.13860595813044 -0.066357318485475 9.8099306446689 -0.0044335057185654 8.1335549390732e-05 9.8111333063369 -0.00025311506015256 -7.6320569801794e-05 0.00051665701563706 -0.00024596801755644 -7.2854684858447e-05 0.00052053323793607 0.3922371731491 0.067882250993909 4 4 4 0 0
49.014238255657 8.416975075792 118.4799041748 -0.006996 0.014256 2.1273173267949 -0.012898630378365 0.0015199560615857 -0.011755129218207 -0.0055228396243683 -0.0030267891640872 -0.13498905504278 -0.063556185855722 9.8101706337232 0.0045478395660224 0.005494537986452 9.8113027425352 0.00078611909613896 0.00053722571038107 -7.9697095722765e-06 0.00078586052717323 0.00053713179594267 -2.2910471695423e-05 0.63570826642415 0.089805345052508 4 4 4 0 0
49.014237403325 8.4169752396179 118.48363494873 -0.006907 0.013853 2.1253163267949 -0.029109208942083 0.024855654711127 -0.037834606316483 0.0058044723768492 -0.000180084660298 -0.13551790494096 -0.06161451481032 9.8077391087329 0.00025908516627628 0.0063162913855906 9.8088667393385 0.00038115217906418 8.0229600986725e-05 0.00049658850154814 0.00038800961806414 8.3682855848297e-05 0.0004907012841931 0.4661770050099 0.07778174593052 4 4 4 0 0
49.014237686449 8.4169752194392 118.48258209229 -0.006994 0.01401 2.1260903267949 -0.021996588829029 0.013029924986215 -0.025560816769167 -0.0005234315239351 -0.001624479606562 -0.13559521852482 -0.073431814030401 9.8069259717304 0.0018036919707468 -0.0045309077224201 9.8081370425529 0.00058898856197153 -8.1947586338293e-05 0.00071093786070699 0.00059890518569967 -7.6934355335362e-05 0.00070317072412905 0.57423340202395 0.086977008456258 4 4 4 0 0
49.01423739296 8.416975153878 118.4827041626 -0.006876 0.013733 2.1251143267949 -0.030231702341431 0.028445530943009 -0.040677904762763 0.0082711621734175 0.00042215873503968 -0.13578145896159 -0.067502774152906 9.8053838002483 -0.001198971310323 -0.00026641361286796 9.8065562675609 -0.00027388544827719 4.402976376636e-05 -0.00063771677321018 -0.00028263124456921 3.9628738180354e-05 -0.00063417704276902 0.42952182715201 0.073539105243401 4 4 4 0 0
49.01423754632 8.4169752667796 118.48303222656 -0.007031 0.014001 2.1257533267949 -0.025003201927795 0.016632096174863 -0.030014317751987 0.00096269819789054 -0.0012511061370569 -0.13560861126238 -0.064243737410833 9.8076580967697 0.0016757852769845 0.0044734938720298 9.8088047885119 -0.00041084177259764 -1.2787002886933e-05 0.00047546738971297 -0.0004041434824029 -9.4347112967737e-06 0.0004812477127054 0.53890629983328 0.084852813742386 4 4 4 0 0
49.01423738668 8.4169751272781 118.48192596436 -0.006802 0.013762 2.1251233267949 -0.03055732604037 0.029404324789162 -0.041458889698234 0.0089176773210135 0.00061748859866168 -0.13411179606975 -0.064533542755335 9.8053814891963 0.00068601017595281 0.0022150826882322 9.8065103684998 0.00012564417646133 0.0001786368520307 0.00047766067274322 0.00013217387803406 0.00018187643900636 0.00047463832661406 0.42952182715201 0.073539105243401 4 4 4 0 0
49.014237845244 8.4169751805143 118.48204040527 -0.007045 0.014061 2.1264123267949 -0.019396440435743 0.0095525832811911 -0.021517563781889 -0.0021138634695799 -0.0019863068990506 -0.13709491087243 -0.067697779252434 9.8091660185725 0.00063418781175209 0.0013989105765749 9.8103573440704 7.9327843055977e-07 0.00028334816064204 0.00085372701960814 1.2755025644298e-05 0.00028938014043656 0.00085164453815693 0.57423340202395 0.086977008456258 4 4 4 0 0
49.014237399869 8.4169750697197 118.48091888428 -0.006773 0.01372 2.1250543267949 -0.030769713986483 0.030268439663286 -0.042093322181386 0.0095449285906506 0.00076423040634334 -0.13918736290651 -0.065570518102289 9.8066857314225 -0.004825049495134 0.00098282506371828 9.8078913072598 0.00027580696165538 0.00023417545108004 0.001067705380906 0.00029040420323372 0.00024141116119791 0.0010621967015461 0.3922371731491 0.067882250993909 4 4 4 0 0
49.014237500948 8.4169752746986 118.48315429688 -0.006963 0.013961 2.1256253267949 -0.025935461502523 0.018068423227112 -0.03156329823856 0.0016951854587382 -0.00097463676184336 -0.14520851830447 -0.064858725437272 9.8058770673867 -0.0083005240333851 0.0036582933564857 9.8071625022787 0.0004606218035691 -8.8800699254155e-05 -8.4775388472852e-08 0.00046057778595258 -8.8767999004423e-05 -5.8985011752463e-06 0.53890629983328 0.084852813742386 4 4 4 0 0
49.014238330781 8.4169750738986 118.47917938232 -0.007073 0.014229 2.1276073267949 -0.011724001270753 0.00021644118977552 -0.010067825399284 -0.0060114639002414 -0.0031275796252812 -0.13716105030046 -0.06971079474796 9.8064432295269 0.0024848977488009 -0.00062472116483573 9.8076498755201 -0.0004891133997959 -0.0002474570818649 0.00082546518507761 -0.00047727697312824 -0.00024161229180133 0.00083407596976232 0.63570826642415 0.089805345052508 4 4 4 0 0
49.01423778743 8.4169751921967 118.48218536377 -0.007018 0.014047 2.1262623267949 -0.020146797986399 0.010298100065006 -0.022548477483904 -0.0018735322599742 -0.0018372368733696 -0.13530383557421 -0.058990340312895 9.8127355544518 0.0025671252702363 0.0098875736145114 9.8138404570774 5.4334517304214e-05 -0.00012130516209806 0.00066595014877321 6.3714271705222e-05 -0.00011667672476924 0.00066592865280939 0.57423340202395 0.086977008456258 4 4 4 0 0
49.014238428312 8.416975072473 118.47777557373 -0.007063 0.014272 2.1277433267949 -0.0098447786275654 -0.0014230820184252 -0.0076046231479441 -0.0064120616586727 -0.0033885282596286 -0.13703192536923 -0.065831771018344 9.8075626654271 0.0029981023334996 0.0032213837629279 9.8087399220141 -0.00036181296951236 -0.00012257021111951 -0.00064004013441762 -0.00037088221906137 -0.00012705809643363 -0.0006339073242387 0.66186554525825 0.089805345052508 4 4 4 0 0
49.014238343827 8.4169750719736 118.47888183594 -0.007014 0.014236 2.1276843267949 -0.011238666558817 0.00011385380640628 -0.0096010681649929 -0.0058429466974396 -0.0033680593522418 -0.13950395397826 -0.070267565063132 9.8071966558991 0.00034948788031482 -0.0012642217637139 9.8084403354387 0.00040732010927789 -0.00046820388478219 0.00080276846049347 0.00041878280097486 -0.00046255734217533 0.00080015039211352 0.66186554525825 0.089805345052508 4 4 4 0 0
49.01423740445 8.416975233512 118.48363494873 -0.006945 0.013872 2.1252883267949 -0.029151336759275 0.025415841920677 -0.038165334364641 0.0062587760855783 -1.275631495613e-05 -0.13999851203344 -0.067654054300067 9.8078263730507 -0.0041944363055259 0.00021581743845606 9.8090581390567 -0.00039845660334156 0.0003657160649729 4.1745887781928e-05 -0.0003978617518586 0.00036602833274433 4.4749421614146e-05 0.4661770050099 0.07778174593052 4 4 4 0 0
49.014237596818 8.4169752447168 118.48287963867 -0.007041 0.013991 2.1257613267949 -0.023995502994166 0.015087882643393 -0.028344246655767 0.00017917487758885 -0.0013807921840304 -0.13803008798695 -0.067628402482814 9.8057725687057 -0.00065111155789109 0.00099093563933923 9.8069771969383 -0.00071300561279832 -0.00042223517162652 -0.00029971409346709 -0.00071709090223832 -0.00042435025274298 -0.00028672854704767 0.53890629983328 0.084852813742386 4 4 4 0 0
49.014237824207 8.4169751846119 118.48212432861 -0.007021 0.014034 2.1263113267949 -0.019973933093254 0.00950786123551 -0.021984754900107 -0.002455123526097 -0.0020244567090913 -0.14233033698823 -0.071431747020278 9.8067678198865 -0.0045415704889463 -0.0024603204385086 9.8080593213066 0.000232118868314 -0.00036719726895488 -2.6963233762431e-05 0.00023175871255631 -0.00036736545643743 -2.7591538434755e-05 0.57423340202395 0.086977008456258 4 4 4 0 0
49.014237390208 8.4169751023405 118.48142242432 -0.006837 0.013685 2.1252133267949 -0.030754139484553 0.029875627883573 -0.041874814967774 0.0092124745117714 0.00075387568044766 -0.13729401169132 -0.060650623063396 9.8036979986742 -0.0028383783923914 0.0061418632039922 9.8048447856449 -0.00039874306864629 -0.00059070712665716 0.0011565714717386 -0.00038281723756953 -0.00058280996892069 0.0011659095948192 0.42952182715201 0.073539105243401 4 4 4 0 0
49.0142374103 8.4169752540307 118.48364257812 -0.006931 0.013863 2.1253033267949 -0.028764539280431 0.024109420055188 -0.03714879083647 0.0053507157920412 -0.00033091443110101 -0.14035224631517 -0.06676357113904 9.8042358178957 -0.0043665848853211 0.0011233517000788 9.8054665907875 -8.0219400036558e-05 -0.00019240022735298 -0.00038266901708148 -8.5446943664141e-05 -0.00019504595128992 -0.00038019133808521 0.4661770050099 0.07778174593052 4 4 4 0 0
49.014237431863 8.4169752715193 118.48348236084 -0.00695 0.013909 2.1253243267949 -0.027868497510145 0.02173612715909 -0.035137366554916 0.0038049807422438 -0.00066011922537877 -0.13984007825475 -0.064941536229632 9.8044802479804 -0.0033717483981823 0.0031775532574008 9.8056913685415 -4.3593642699361e-06 -0.00024545409196275 -3.3749640602562e-05 -4.8081238570209e-06 -0.00024567354554059 -3.1989111025989e-05 0.50289660965252 0.08202438661764 4 4 4 0 0
49.014238241743 8.4169750803593 118.48010253906 -0.007062 0.014239 2.1272853267949 -0.013209835291716 0.0018747792347327 -0.012207062766202 -0.0053853526397418 -0.002968092048342 -0.14235026354147 -0.067648448679324 9.8060336220143 -0.0028232719525968 0.0012661320839437 9.8072999700821 -0.0005861944483739 0.00013671919054156 0.00018733127311583 -0.00058346072749173 0.00013806072005071 0.00019469441113605 0.63570826642415 0.089805345052508 4 4 4 0 0
49.014237887538 8.4169751658409 118.48183441162 -0.007086 0.014069 2.1264743267949 -0.018868445474594 0.0080516487359761 -0.020277031229774 -0.0031126554311837 -0.0022934376130412 -0.13544562226218 -0.062853991532757 9.8014263485616 0.0023095725773388 0.0062441417100299 9.8025611477534 -0.00061209499944594 0.00019219491653403 0.00038850689986316 -0.00060663886364854 0.00019491920676187 0.00039573883697427 0.60532470625277 0.08839117603019 4 4 4 0 0
49.014237389532 8.4169751118833 118.48165130615 -0.006812 0.013765 2.1251713267949 -0.030613207705954 0.029621810740774 -0.041621230754441 0.0090715813790122 0.00064611787148749 -0.13312094085243 -0.071752778255889 9.8068321478262 0.001548265573565 -0.0049509652856738 9.8079967526276 4.0844135212661e-05 0.00050416735219956 0.0008821811424083 5.2949329503666e-05 0.00051017353208049 0.0008780622932075 0.42952182715201 0.073539105243401 4 4 4 0 0
49.014237448317 8.4169752798376 118.48329925537 -0.006996 0.013932 2.1254293267949 -0.027018318243065 0.020250948515069 -0.03363274737572 0.0029880694055073 -0.00079666785068285 -0.13809305894359 -0.061776075264619 9.8087178703343 -0.0013627154889828 0.006645675773473 9.8098822905784 -0.00032761537458404 -0.00020476271982664 0.00098993078304586 -0.00031374582767298 -0.00019785148148128 0.00099577358100171 0.50289660965252 0.08202438661764 4 4 4 0 0
49.014237390086 8.4169751986457 118.48328399658 -0.006887 0.013763 2.1251853267949 -0.029826334442513 0.027096776608902 -0.039623557574334 0.0073361258003742 0.00035978182192435 -0.13617517169021 -0.068239979496491 9.8063808313436 -0.0012390200026207 -0.00084726298827343 9.80756352027 -0.00021273006373747 -8.4998175000195e-06 -0.00022854228655989 -0.00021583329766152 -1.0026826496955e-05 -0.0002255238289625 0.42952182715201 0.073539105243401 4 4 4 0 0
49.014237465359 8.4169752752998 118.48327636719 -0.007033 0.013923 2.1254143267949 -0.026977709458689 0.019713941785963 -0.033315521468621 0.0025518603887876 -0.00075783081158743 -0.13900300212551 -0.067400782295645 9.8086527832983 -0.0022794933513235 0.0011767419271076 9.8098690235518 -0.000689551163117 -0.00036910925353529 -0.00015790771243054 -0.00069161717909283 -0.00037024553011155 -0.00014569859303024 0.50289660965252 0.08202438661764 4 4 4 0 0
49.014237396916 8.4169750579539 118.48053741455 -0.006774 0.013699 2.1249493267949 -0.030915310862396 0.030536976722047 -0.042358075573622 0.0096982983489328 0.00098453946021491 -0.14328830605312 -0.067015134562502 9.8045720707442 -0.0090761179920589 -0.00045755510768461 9.8058436329215 0.00030957875134513 0.00010458193296432 -2.3234200224799e-05 0.00030921014490057 0.00010442930824925 -2.8184951544837e-05 0.3922371731491 0.067882250993909 4 4 4 0 0
49.014238226141 8.4169750840378 118.48029327393 -0.007043 0.014162 2.1272503267949 -0.013413232155332 0.0024534931914857 -0.012685541185977 -0.0050011273029219 -0.0027365990435099 -0.13604984037718 -0.059043553364329 9.810196548101 0.003409653841057 0.0098767160496159 9.8113120739215 -0.00029055689586436 -0.0010005627584473 -0.00026021482105037 -0.00029411195804548 -0.0010023766879865 -0.00024904823610444 0.63570826642415 0.089805345052508 4 4 4 0 0
49.014237446572 8.4169752761021 118.48337554932 -0.006977 0.013917 2.1253733267949 -0.027162878359559 0.020894365086822 -0.034094407434341 0.003459446972688 -0.00071088518106744 -0.1373472101521 -0.063266475002182 9.809099824961 -0.00055187810755273 0.0050088192625192 9.8102641299351 -0.0002557393825501 -0.00058261734483128 0.00022874936999872 -0.0002524309585692 -0.00058104704752999 0.00023634793344552 0.50289660965252 0.08202438661764 4 4 4 0 0
49.01423742626 8.4169752645366 118.48352813721 -0.006965 0.013914 2.1253123267949 -0.027999518657533 0.022326251262586 -0.035559502069863 0.0042375158811161 -0.00042831908070295 -0.14027751403032 -0.065482976978589 9.8068580170034 -0.0038002606153861 0.0026421101404383 9.8080788206507 -0.00027477070800455 -0.00013397645477897 -0.00015288802274636 -0.00027684627643842 -0.00013502504387731 -0.00014812665044047 0.50289660965252 0.08202438661764 4 4 4 0 0
49.014237567895 8.4169752592769 118.48300170898 -0.006981 0.014067 2.1258283267949 -0.024367454992973 0.016374655902248 -0.029338422113253 0.0010768069994657 -0.0011576999047644 -0.13928154640544 -0.071174250995542 9.8108896612557 -0.0018966821236472 -0.002514016312171 9.812135936721 0.00033696929537882 0.0010398702852331 0.00065516944540668 0.00034597203067498 0.0010444516976435 0.00064308842500367 0.53890629983328 0.084852813742386 4 4 4 0 0
49.014237531303 8.416975268468 118.48307800293 -0.006975 0.01399 2.1256983267949 -0.025350484489738 0.017319146666503 -0.030671364771622 0.0013662689836682 -0.0010225059096342 -0.14036957867706 -0.066363054794231 9.8067247932611 -0.0032018386401865 0.0020845869654967 9.8079531118734 0.00010631155562519 -2.9743060976749e-05 0.00089545073299858 0.00011883630739208 -2.3510524987179e-05 0.00089407432387938 0.53890629983328 0.084852813742386 4 4 4 0 0
49.014237863224 8.4169751764826 118.48195648193 -0.007076 0.01402 2.1263963267949 -0.019034661153611 0.0090565129073396 -0.020948492214449 -0.0023450613884656 -0.0019310773354885 -0.14091828118741 -0.062222138206486 9.8076537652585 -0.0031869543747202 0.0068173482519632 9.8088606738869 -0.0006188379626017 -0.00046913165180493 0.00026043986752171 -0.00061509412474131 -0.00046728659492282 0.00027240801181857 0.60532470625277 0.08839117603019 4 4 4 0 0
49.014237411696 8.4169752611702 118.48363494873 -0.006928 0.013843 2.1254163267949 -0.02857003968187 0.023728560858517 -0.036783196091204 0.0051271790566831 -0.00027927633082868 -0.14009723165222 -0.06691853915597 9.8114978872548 -0.0039110913278582 0.0011200845865839 9.8127254488963 0.00015074411532429 -0.00072324978410956 0.00064227685793475 0.00015974139917234 -0.00071878598712941 0.00064514745044801 0.4661770050099 0.07778174593052 4 4 4 0 0
49.014238442278 8.4169750710062 118.47750854492 -0.007023 0.014236 2.1278353267949 -0.0095395798396507 -0.0019136118877107 -0.0070859866520786 -0.0066673919351666 -0.0035523073289734 -0.13763869195815 -0.063047804997575 9.8087480355843 0.0021860362295099 0.0060249725807013 9.8099141717726 0.00035085694418318 -0.00036087140014205 0.00041113311501519 0.00035669947685143 -0.00035795851690441 0.00040861591280905 0.66186554525825 0.089805345052508 4 4 4 0 0
49.014237752056 8.4169752077452 118.48236083984 -0.007096 0.014014 2.1262453267949 -0.021018992560072 0.011233967887751 -0.023783048898625 -0.0015383672920199 -0.0017699095678993 -0.14007880521025 -0.06967868331524 9.8124498571632 -0.0024868648239182 -0.00048640573717614 9.8136967458625 -0.00076497461010337 -0.00019998932858585 0.00012915105671689 -0.00076308123660613 -0.00019908050115305 0.00014125544070056 0.57423340202395 0.086977008456258 4 4 4 0 0
49.014237996879 8.4169751347997 118.48148345947 -0.007033 0.014133 2.1266903267949 -0.017378228017292 0.0063337151777075 -0.018103931292072 -0.0037902667427596 -0.002334468754018 -0.14009282007879 -0.065286538772972 9.8085086746521 -0.0015548859446586 0.0038111883276431 9.8097254149488 0.00023718752572608 8.7343714923888e-05 -0.00011863110236466 0.0002354893817408 8.6511075708262e-05 -0.0001225712424516 0.60532470625277 0.08839117603019 4 4 4 0 0
49.01423766799 8.4169752295597 118.48265838623 -0.007049 0.014029 2.1259933267949 -0.022651205933152 0.013044517875142 -0.026124853938955 -0.00085354369919279 -0.0015767288768878 -0.14291621656592 -0.067096389163378 9.8042495167936 -0.0054655727226718 0.0015369780983872 9.805519322157 -0.00082401218725166 0.00010184467582648 0.00065346253374099 -0.0008147804995313 0.00010643014106604 0.00066424113980401 0.57423340202395 0.086977008456258 4 4 4 0 0
49.014237416335 8.4169752682881 118.48356628418 -0.006914 0.013929 2.1253043267949 -0.028178094089801 0.022751421085346 -0.03593517633439 0.0045050388806015 -0.00050376880458432 -0.14468672168908 -0.067336967630094 9.8096486861974 -0.0081046294894551 0.00071457137904907 9.8109433515136 0.00046060453246904 4.2836292980353e-05 -0.00014836965284138 0.00045849357314808 4.1758203219269e-05 -0.00015506697952357 0.50289660965252 0.08202438661764 4 4 4 0 0
49.01423738892 8.416975165004 118.48284912109 -0.006837 0.013772 2.1251473267949 -0.030067676849869 0.028158339261833 -0.040387341097617 0.0081129501406179 0.00040897665813452 -0.13789156367143 -0.068794299831071 9.8094770043909 -0.0030054313459913 -0.001630668261861 9.8106869979899 0.00022488969370832 0.00030207460894228 -0.00016295877747312 0.00022260107127043 0.00030096311582527 -0.00016811477796738 0.42952182715201 0.073539105243401 4 4 4 0 0
49.014237435844 8.4169752777779 118.48342895508 -0.006992 0.013926 2.1253723267949 -0.027511922082891 0.021244221636359 -0.034575331231329 0.0035733969375741 -0.00066584532981618 -0.13334187871718 -0.066593943001976 9.8092958652271 0.0033722358381254 0.0018311463503711 9.8104274935938 -0.00025517042264939 -0.00026573947067244 0.00026533212904292 -0.00025139303819765 -0.0002638570319699 0.00027072266234171 0.50289660965252 0.08202438661764 4 4 4 0 0
49.014237391866 8.4169751873257 118.48316955566 -0.006825 0.01372 2.1251883267949 -0.029972354415467 0.027476466665423 -0.039947414934282 0.0075830217627706 0.00030324915346326 -0.14122995500715 -0.066131249033864 9.8101924611777 -0.0062865617613587 0.0010393307925745 9.8114297208503 0.00043183345153908 -0.00069988141998794 0.00015987804390587 0.0004340720271952 -0.00069874219825388 0.00015870759483546 0.42952182715201 0.073539105243401 4 4 4 0 0
49.014237400387 8.4169752286717 118.48358154297 -0.00691 0.013796 2.1252143267949 -0.029361815520478 0.025777601505611 -0.038534362939793 0.0064578576858796 2.7025458657961e-06 -0.13279766157256 -0.066571478335094 9.8093744534015 0.0028042965311064 0.0012431165477985 9.8104991767906 0.00010116236292732 -0.00056907741620957 -0.00029966595176199 9.7102615005537e-05 -0.00057110750036784 -0.00029706426120897 0.4661770050099 0.07778174593052 4 4 4 0 0
49.01423757759 8.4169752576585 118.48294067383 -0.00696 0.014036 2.1257963267949 -0.024004156501131 0.015737844057653 -0.028694085121194 0.00072718059133518 -0.0012447861428486 -0.13484832211456 -0.059047936384481 9.8058148805475 0.0025962748939204 0.0094700335003135 9.8069149619337 0.00051974706087048 0.00027800941621226 0.00027411071630689 0.00052349231685767 0.00027992439035508 0.00026485535014325 0.53890629983328 0.084852813742386 4 4 4 0 0
49.014237900696 8.4169751594253 118.48171234131 -0.007077 0.014041 2.1264963267949 -0.018530952990578 0.0079635774269989 -0.019943742328657 -0.0030102969655809 -0.0022022263659001 -0.13854985732191 -0.075504769783192 9.8068533378538 -0.00065911024758839 -0.0062382171783061 9.8081205754552 -0.00021778045779461 -0.00039775564085994 0.00012799614573242 -0.00021593028263332 -0.00039684351791596 0.00013388707045158 0.60532470625277 0.08839117603019 4 4 4 0 0
49.014237656394 8.4169752338118 118.48272705078 -0.006986 0.014016 2.1259703267949 -0.022744341210422 0.013760623002672 -0.026581449035238 -0.00029353747527312 -0.0016429937637995 -0.13940647875193 -0.062153923188144 9.807559904744 -0.0020419488707654 0.0063504939039626 9.8087454444367 1.0844759026404e-05 0.00010570991669678 0.00051164698164711 1.8007831249294e-05 0.00010927392042808 0.00051069332237296 0.53890629983328 0.084852813742386 4 4 4 0 0
