49.014237380219 8.4169775010238 116.46101379395 -0.0069 0.014146 2.1787023267949 -0.00073134797776755 -0.011396553922113 0.0059023361096091 -0.00977643617545 0.0095737550787415 -0.13661809610306 -0.064611727769779 9.8056509322996 0.0022677713383776 0.002845106160293 9.8068145393357 -0.00047027091119326 -0.00022771075376791 0.0015968963368417 -0.00044760573847762 -0.00021673758842256 0.001604935609171 0.18514858897653 0.020518284528683 4 4 5 5 0
49.01423743559 8.4169776448609 116.50541687012 -0.006764 0.014304 2.1802073267949 0.0010643924561832 -0.003497742690364 0.0028762216710085 -0.0022570783344969 0.0086796245269227 -0.13786011666269 -0.064681951767202 9.8076392346142 0.0021776923591728 0.0014748948615833 9.8088209840966 -0.00015592570566824 0.00031661236733203 0.00037915687148095 -0.0001505190043711 0.00031915235448673 0.00037921061578893 0.18648860555004 0.021213203435596 4 4 5 5 0
49.014237580683 8.4169767271752 116.69194030762 -0.0068 0.014458 2.1688583267949 0.0060891274594334 -0.020729433922264 0.016703703542477 -0.013703033135484 0.02252418201244 -0.14067137874931 -0.06321926976199 9.8146648284726 0.001755130695045 0.0036797158314022 9.8158758193802 0.00031857528150981 -0.00082138001020085 0.00032673255696895 0.00032339303622418 -0.00081910078511012 0.00032772908403641 0.1873872994629 0.021213203435596 4 4 5 5 0
49.014237559968 8.4169766968747 116.70916748047 -0.006815 0.01448 2.1689393267949 0.0059590455643191 -0.020971617248442 0.016733234127049 -0.013975615569339 0.023800866080287 -0.13418407287222 -0.06461100161034 9.8113975230594 0.0080393324152414 0.0022032298482245 9.8125243805477 -6.9643534720981e-05 -0.0001618240689494 0.00089711078230228 -5.664306950933e-05 -0.0001557059846776 0.00089912893648692 0.1873872994629 0.021213203435596 4 4 5 5 0
49.014237388961 8.4169774917565 116.45267486572 -0.006914 0.014148 2.1777103267949 -0.0008240737954705 -0.011947912337034 0.0061314561694333 -0.010287715277525 0.0085350023407729 -0.13719648031489 -0.075246700842556 9.8079676941164 0.0017340996362576 -0.0075809371384027 9.8092126614283 -0.00028859574828525 -0.00027845299471739 0.00014354130010585 -0.00028650112956756 -0.00027751857695076 0.00014952001445759 0.18514858897653 0.020518284528683 4 4 5 5 0
49.014237339395 8.4169776073163 116.46480560303 -0.006842 0.014143 2.1818393267949 -0.0017655654638627 -0.0087028376380795 0.0035430670446747 -0.0081428145705129 0.0095386181931441 -0.13612264387699 -0.074948776738681 9.806058638335 0.0026149567413053 -0.0077786230951602 9.8072864094146 6.0783024318311e-05 6.216763248229e-06 0.00045251773844937 6.7139854406836e-05 9.3076325685576e-06 0.00045154439481305 0.18514858897653 0.020518284528683 4 4 5 5 0
49.014237470938 8.4169775024101 116.53005218506 -0.006844 0.014366 2.1771413267949 0.0019679299631347 -0.0060715777862937 0.0050788064987327 -0.0038655386833399 0.010897692658594 -0.13994107761247 -0.066027397384977 9.8064751185655 0.00056212488196627 0.0007864244231846 9.8076960460895 -0.00039941469249149 0.00056284219133784 0.00011696911661303 -0.00039773382761949 0.00056364609163767 0.0001188293773557 0.18648860555004 0.021213203435596 4 4 5 5 0
49.014237331731 8.4169777725034 116.43525695801 -0.006759 0.014131 2.1840633267949 -0.0019053209096862 -0.0042105552203651 0.00086401481710913 -0.0045401511051238 0.0044266387286461 -0.14256111159887 -0.063346335464794 9.8049336697773 -0.0041883876125099 0.00270008668735 9.8061735740748 -0.00048310073794677 0.00038393303017033 0.00052173585157264 -0.00047568892493144 0.00038747836494058 0.00052589859914114 0.18470787747143 0.019798989873223 4 4 5 5 0
49.014237335397 8.4169774684051 116.55718231201 -0.006858 0.014212 2.1790033267949 -0.00062125602832575 -0.0081351624465507 0.0041356978601065 -0.007033054798144 0.011768180003321 -0.1404432623322 -0.069278825717334 9.811277467738 -0.00067009822898884 -0.0020407663512075 9.8125270528395 -0.00012701745081338 -0.00038644943635099 0.00032344822232601 -0.00012237201425383 -0.00038424567529085 0.00032787886410498 0.18827904822364 0.024041630560343 4 4 5 5 0
49.014237630393 8.4169767874504 116.64059448242 -0.00688 0.01459 2.1696813267949 0.0063913261080096 -0.019527765583022 0.016291687200557 -0.012520730653857 0.018007829930287 -0.13594626096673 -0.064807756891628 9.8093609340586 0.0067278498477201 0.0024504902674774 9.8105142416142 -0.00036314049744384 0.00069634845512906 0.00081672454967421 -0.00035128415011002 0.00070192654645745 0.00081716559197674 0.18873261509342 0.023345235059858 4 4 5 5 0
49.014237331257 8.4169774676478 116.55997467041 -0.006876 0.014265 2.1791643267949 -0.0010535348960482 -0.0077198981569302 0.0035476154572785 -0.0069370818031634 0.011744812728287 -0.13914302889905 -0.068064475344596 9.8031990008628 0.00047571688050833 -0.00095588618118656 9.8044227589955 -0.00052596500886247 0.0003856445000002 0.00018046238638016 -0.00052338211539413 0.00038685848976912 0.00018529983746017 0.18827904822364 0.024041630560343 4 4 5 5 0
49.014237333624 8.4169778121497 116.44743347168 -0.006696 0.014138 2.1842443267949 -0.0022397779082328 -0.0013267298749759 -0.0010663648214957 -0.0023748851992995 0.0035245808708835 -0.14148671891027 -0.068487185765565 9.8081441022519 -0.0028317942415064 -0.0026000748936895 9.8094029272717 0.00046378730869709 -0.00019802665420582 -0.00044846016510862 0.00045742768193692 -0.00020103540550862 -0.00045363275754571 0.18470787747143 0.019798989873223 4 4 5 5 0
49.014237316533 8.4169778261458 116.43463897705 -0.006749 0.014128 2.1849023267949 -0.0022422823696695 -0.0021652990730815 -0.00058533791386597 -0.0030617048186255 0.0033336398213896 -0.13581083134648 -0.066598744251301 9.8086292174723 0.0024669421034646 -0.00054828123078562 9.8097949885261 -0.00027874943432714 0.00057547923824753 -5.8790350316917e-05 -0.00027965268694958 0.00057503498859883 -5.8731335550233e-05 0.18470787747143 0.019798989873223 4 4 5 5 0
49.014237369825 8.4169777628779 116.46390533447 -0.006722 0.01423 2.1830603267949 -0.0013465083427595 -0.0018522257578645 -3.5971713160096e-05 -0.0022899963616813 0.0049365733907421 -0.13496537640994 -0.063855648352107 9.805504121205 0.0041561671350959 0.0020271801143821 9.806639509867 9.4305954090062e-06 0.00039701156367278 0.00083640671620534 2.1258273573559e-05 0.00040262032499363 0.000833517403083 0.18470787747143 0.019798989873223 4 4 5 5 0
49.014237615407 8.4169768319159 116.62944793701 -0.006848 0.014533 2.1702293267949 0.0057153618826104 -0.018527446112979 0.015178584186108 -0.012064509014959 0.016878007285846 -0.13853209175378 -0.067351766684062 9.8036062739541 0.0036605872959137 7.0186607914565e-05 9.8048153133536 0.00058034133995064 0.00031026748838564 0.00067610781843661 0.00059006264159806 0.00031487273614638 0.0006655297690862 0.18873261509342 0.023345235059858 4 4 5 5 0
49.014237337359 8.4169777440368 116.4377822876 -0.006721 0.014085 2.1836283267949 -0.0019028618253626 -0.0049306399245696 0.001278074347421 -0.0051282545213893 0.0050547571311031 -0.13781598424138 -0.068258511017463 9.8112381605147 0.00045980638432795 -0.0020168784532644 9.8124433434569 0.00043958300281259 -0.00010457977020102 0.00072254004982298 0.00044972893636749 -9.9703336238916e-05 0.00071695026467784 0.18514858897653 0.020518284528683 4 4 5 5 0
49.014237393812 8.4169777296385 116.47460174561 -0.006748 0.014196 2.1822853267949 -0.00059749032991275 -0.0024166785989371 0.00089925448114641 -0.0023216725626415 0.0061436502189313 -0.13914909112624 -0.069838001378561 9.8093584679759 0.00032168152174159 -0.0039193729450671 9.81059324062 -0.00043200303810136 -0.00064937366200938 0.00077505621679431 -0.00042091078103217 -0.00064413565130388 0.0007854802262928 0.18470787747143 0.019798989873223 4 4 5 5 0
49.014237591095 8.4169767452017 116.68270874023 -0.006846 0.014462 2.1688673267949 0.0064565538404553 -0.020575440527618 0.016920743313635 -0.013368775729519 0.021482871207108 -0.1384121826779 -0.06256744251954 9.8060761306178 0.0039392734419917 0.0044511254841818 9.8072506173505 -0.00016535811001444 -0.000760521845069 0.00054609077151518 -0.00015735886860449 -0.00075677783112234 0.00055360610011216 0.18873261509342 0.023345235059858 4 4 5 5 0
49.014237406308 8.4169773148087 116.57917022705 -0.006806 0.014331 2.1769733267949 0.00040277743022816 -0.0097585263448758 0.0058948135276567 -0.0077876217657764 0.013135218793419 -0.14143142577522 -0.064873657707559 9.8111954223406 -0.0013526792405375 0.0020725462299684 9.8124290221705 0.00044779219711406 0.00058496419410432 0.00080134157485017 0.00045913386692332 0.00059042149611353 0.00079083079519986 0.18827904822364 0.024041630560343 4 4 5 5 0
49.01423739804 8.4169774927746 116.43991851807 -0.006861 0.01417 2.1766483267949 -0.0008171067432097 -0.012276367055807 0.0063141358421725 -0.01055987402881 0.0075820830426564 -0.13762331234495 -0.058621112247794 9.8113603757794 0.0012921439064205 0.0089437715221832 9.8124964022566 0.00042370237839666 0.00020643377270655 -0.00025164638664058 0.00042006514871116 0.00020463738467653 -0.00025905390785428 0.18514858897653 0.020518284528683 4 4 5 5 0
49.014237427873 8.4169776869215 116.49558258057 -0.006775 0.01425 2.1813003267949 0.0010886698463329 -0.0033161491542427 0.0027929123855315 -0.0020933076344786 0.0082598840696898 -0.13671012464176 -0.06456970092254 9.8068907452205 0.0031987551183826 0.0015386318535735 9.8080558028893 -0.0005934054401864 -0.00020242114300945 -0.00012276116797298 -0.00059505790684137 -0.00020323563940537 -0.00011291983793167 0.18648860555004 0.021213203435596 4 4 5 5 0
49.01423761075 8.4169767525906 116.66983032227 -0.006795 0.014525 2.1688863267949 0.0066978856816986 -0.02030424865974 0.016967859935784 -0.013008295596703 0.020570254828423 -0.13452001837174 -0.070231494093681 9.8076905137301 0.0080433069555382 -0.003308480152814 9.808860934841 0.00052906715145576 -2.0885072855305e-05 0.00060868181725957 0.00053784206288871 -1.6762748687767e-05 0.00060107669571615 0.18873261509342 0.023345235059858 4 4 5 5 0
49.014237327423 8.4169777906449 116.43372344971 -0.006753 0.0141 2.1843483267949 -0.0021890261182702 -0.0037413117488948 0.00036344135511128 -0.004319451747573 0.003937125187254 -0.13536515720887 -0.06306670460394 9.8099221503576 0.0030107671263329 0.0029489639845428 9.811057910557 -0.0004688589482033 -5.7529087054583e-05 0.00078640470187496 -0.00045770735959956 -5.2262971339428e-05 0.00079331163022955 0.18470787747143 0.019798989873223 4 4 5 5 0
49.014237471008 8.4169771045132 116.59957885742 -0.006849 0.014382 2.1748963267949 0.0019930251771637 -0.013342639943813 0.0092245420216449 -0.0098443597681066 0.014877314068929 -0.14090332893045 -0.069549084610473 9.813584851407 -4.0151277879323e-05 -0.0022134663506753 9.8148424731013 0.00046269811934894 8.3952876837993e-05 0.00076748784218717 0.00047367711153265 8.9214093487168e-05 0.00076014951315089 0.18827904822364 0.024041630560343 4 4 5 5 0
49.014237340133 8.4169777205357 116.44096374512 -0.00674 0.014132 2.1832693267949 -0.0021507625782312 -0.0059936419315971 0.001684208778356 -0.0061411486137958 0.0060076213909107 -0.14292404315399 -0.067551040742089 9.8081639955154 -0.0045697781428492 -0.0012494551351124 9.8094367779478 0.00017282032458318 0.00050353108559442 0.00083109603027809 0.00018448516323251 0.00050911786369013 0.00082512029480229 0.18514858897653 0.020518284528683 4 4 5 5 0
49.014237594272 8.4169766740167 116.70909118652 -0.00681 0.014451 2.1682533267949 0.0069082106026534 -0.020928954317055 0.017486302344876 -0.013415487843576 0.023115987622945 -0.14275204511529 -0.067028368370597 9.809737636626 -0.00096530827317967 -0.00036782473906888 9.8110049850343 -0.00031094714058826 -4.5220306305576e-05 0.00034483266885069 -0.00030592277585348 -4.2888050339397e-05 0.00034958493520163 0.1873872994629 0.021213203435596 4 4 5 5 0
49.014237350398 8.4169775836017 116.46710968018 -0.006861 0.014168 2.1810493267949 -0.0016973156791117 -0.0097878917607997 0.0042127288701684 -0.0089967519032443 0.0098628174548864 -0.13914756259021 -0.064427336140363 9.806970257297 -0.00038638800043893 0.0026640974170742 9.8081687215071 -0.00047854762144538 0.00047939354268283 0.00062818951797142 -0.00046965114147897 0.00048368602205955 0.00063158403367279 0.18514858897653 0.020518284528683 4 4 5 5 0
49.014237366671 8.4169774030773 116.56799316406 -0.006784 0.01427 2.1781303267949 -0.00045003300876019 -0.0083767141698885 0.0044138816526314 -0.0071339073791149 0.012226310894173 -0.13803090176785 -0.070284964168861 9.8051866887951 0.0016690459881561 -0.0033171755320551 9.8064091780932 0.00087882181881843 0.00015590981431886 -0.00020485356968677 0.00087577662875693 0.00015455274011921 -0.00021839869206169 0.18827904822364 0.024041630560343 4 4 5 5 0
49.01423756649 8.4169766880564 116.71089172363 -0.006808 0.014465 2.1687813267949 0.0059427001626369 -0.021255395737615 0.016878556482655 -0.014220479800212 0.023916576722995 -0.13974924263769 -0.06618833496335 9.8065303383915 0.0022302495460984 0.00061663761444465 9.8077489365857 3.0385535699923e-05 -0.00019991119193362 0.00094492007849101 4.4066847128043e-05 -0.00019347784737818 0.00094572824528346 0.1873872994629 0.021213203435596 4 4 5 5 0
49.01423744231 8.4169776633805 116.4947052002 -0.006775 0.014225 2.1809223267949 0.0010034783013378 -0.003385372336214 0.0027628669345991 -0.0021989424382169 0.0081954042163018 -0.13894640429103 -0.066193353346774 9.8099319139889 0.0010770549437074 -8.6981116538076e-05 9.811138967232 -0.00058738459899901 -0.0010558652565147 0.00082648045111966 -0.00057545835379504 -0.0010502641598953 0.00084186719177308 0.18648860555004 0.021213203435596 4 4 5 5 0
49.014237582228 8.4169769020964 116.61708068848 -0.006897 0.014521 2.1713333267949 0.0045488388754195 -0.017360217464916 0.013571479915364 -0.011742870743319 0.016273456251078 -0.13522417393119 -0.060339089013309 9.8112563836696 0.0066694423076652 0.0071871677191778 9.8123683410658 -0.00018006367830267 0.00071279666380584 0.00017125298469493 -0.00017766870020374 0.00071392653919133 0.00016897885720169 0.18873261509342 0.023345235059858 4 4 5 5 0
49.014237582175 8.4169766839374 116.70941925049 -0.006786 0.014479 2.1684373267949 0.0064601867356037 -0.021178160066176 0.017259104224061 -0.013869879407167 0.023540372760684 -0.13389753703888 -0.064293566633294 9.8101460271143 0.0079837835505011 0.0024514485818498 9.8112667083615 0.000234439605823 0.00029751665244386 0.00041972332492356 0.00024043232431034 0.00030039872681344 0.00041425890224787 0.1873872994629 0.021213203435596 4 4 5 5 0
49.014237335512 8.4169776500057 116.45663452148 -0.006815 0.014091 2.1826083267949 -0.0018741999344179 -0.0077200443837503 0.002896439870774 -0.0073975500918029 0.0085604371769975 -0.13339747699547 -0.066825706047669 9.8033720296769 0.0048562569431802 6.1035932271684e-05 9.8045062539001 -6.1128068071605e-05 -0.00013227965506335 0.0011436785657513 -4.4967480987557e-05 -0.00012445896923014 0.0011453002141553 0.18514858897653 0.020518284528683 4 4 5 5 0
49.014237447293 8.4169775973985 116.51403808594 -0.006832 0.014323 2.1791083267949 0.0013581842632042 -0.0043948589790684 0.0036275336302209 -0.0028285311086159 0.0094021351796817 -0.1380276002512 -0.066440700694893 9.8066114031838 0.0021862009004635 7.4700424732127e-05 9.8078076857611 -0.00070622596738471 0.00031322611211909 -8.1801298612345e-05 -0.00070736046821442 0.00031265203464877 -7.3821170822114e-05 0.18648860555004 0.021213203435596 4 4 5 5 0
49.01423741818 8.4169774733649 116.53536224365 -0.006872 0.014316 2.1777123267949 0.0013305390151739 -0.0073131005233591 0.0052623845636052 -0.0052498659133155 0.010985713918322 -0.13826109593683 -0.065912793241291 9.8091559683293 0.0021236368058153 0.0013977317882699 9.810351292352 -8.8321633261654e-05 0.0002601939313251 0.00013485816074687 -8.6373308609506e-05 0.00026109557036091 0.00013432115050233 0.18648860555004 0.021213203435596 4 4 5 5 0
49.014237337527 8.4169776808188 116.44911956787 -0.006781 0.014081 2.1828053267949 -0.0021082698608829 -0.0069048967123888 0.0022402291453947 -0.0068632936468697 0.0072495273056145 -0.13997503820912 -0.060862479374629 9.8097991908948 -0.0016580608076182 0.0056485492666707 9.8109851627888 -0.00012785891959733 -0.00028261840519131 -0.00076960154401856 -0.00013865649128802 -0.00028783131465388 -0.00076578866900799 0.18514858897653 0.020518284528683 4 4 5 5 0
49.014237364968 8.4169774605602 116.54792785645 -0.006817 0.014266 2.1783433267949 -5.1552326239602e-05 -0.0077572152316574 0.0043860468601854 -0.006398422876064 0.01101745983467 -0.13965071351249 -0.066696512101182 9.8104801280622 0.00034783032509235 0.00044263105511552 9.8117006289242 0.00052769775469774 -1.5091648682024e-05 5.0015782201607e-05 0.00052833348835049 -1.4774922372671e-05 4.2587295012593e-05 0.18827904822364 0.024041630560343 4 4 5 5 0
49.014237311224 8.4169778424051 116.43797302246 -0.006715 0.014109 2.1850843267949 -0.0024745864995915 -0.00146763733414 -0.0011761295386825 -0.0026257174452442 0.0030975411398969 -0.13531015288324 -0.063237120195398 9.8061101343536 0.0030355552068431 0.0026073456821124 9.8072465329853 3.8882203376084e-05 -2.2985259420833e-05 -0.00017092932310772 3.6476572024277e-05 -2.415635528046e-05 -0.00017128365067723 0.18470787747143 0.019798989873223 4 4 5 5 0
49.014237357714 8.41697744841 116.55409240723 -0.006848 0.014261 2.1784153267949 -0.00028593731813354 -0.0080585945962777 0.0043659744080896 -0.0067794613352768 0.01159161436392 -0.13926497250004 -0.061251542572803 9.8039922550597 0.00049694371465824 0.0058082456545323 9.8051710957725 -8.5153246106837e-05 0.00012354185727237 0.00047579695686084 -7.8387357152549e-05 0.00012675815623549 0.00047610400858596 0.18827904822364 0.024041630560343 4 4 5 5 0
49.014237366587 8.4169775387533 116.46480560303 -0.006844 0.014164 2.1797883267949 -0.0011517680179003 -0.010618774793677 0.0051242369498909 -0.0093718209483585 0.0098127313887276 -0.14125797850141 -0.062381824028518 9.8089163888348 -0.0024474128143051 0.0049033807961525 9.8101303211758 0.00015690074141911 0.00035997184978191 0.00037073279264966 0.00016206588864997 0.00036252070771238 0.0003660119782492 0.18514858897653 0.020518284528683 4 4 5 5 0
49.014237375179 8.416977471116 116.54000854492 -0.006821 0.014326 2.1784093267949 0.00017244836549374 -0.0076569276207129 0.0045126402329502 -0.0061883136031665 0.010497084542169 -0.13249677633258 -0.064565065670036 9.8054732369718 0.0075459924308161 0.0026543617969132 9.806577816339 0.00066767478546588 0.000850107651595 0.00047499011371263 0.00067432588973796 0.00085333428699998 0.00045956357173623 0.18827904822364 0.024041630560343 4 4 5 5 0
49.014237447461 8.4169774661457 116.53679656982 -0.006863 0.014316 2.1770413267949 0.0019681611625195 -0.0073908666049282 0.0058275435514362 -0.0049536827136614 0.011580785009046 -0.14504369165834 -0.068446872331259 9.806944492592 -0.0044980513413842 -0.0012543878590867 9.8082546144598 -8.2217722318132e-05 -6.8274416037272e-05 -0.00032277906202932 -8.6817729917622e-05 -7.0501777521288e-05 -0.00032108844908076 0.18648860555004 0.021213203435596 4 4 5 5 0
49.014237493081 8.4169770565357 116.60245513916 -0.006881 0.014378 2.1741563267949 0.0026754703351319 -0.014871032829516 0.010644760187964 -0.010723742922627 0.015506168967362 -0.13416312721782 -0.061491400863349 9.8088622794668 0.0070444217887864 0.0059331843834225 9.8099683328872 -8.290616044674e-05 -0.0004867626276742 0.00062301844455493 -7.3879049619717e-05 -0.00048246620880466 0.00062749227394952 0.18873261509342 0.023345235059858 4 4 5 5 0
49.014237436115 8.4169772173321 116.58883666992 -0.006842 0.014347 2.1759353267949 0.0011789910976994 -0.011583814578955 0.0075634887917182 -0.008852913529174 0.014012196277716 -0.1374498065229 -0.06355844839733 9.8063118478682 0.0029012649511508 0.0035460767920226 9.8074798813669 0.00021194250012136 0.00027863953782311 0.00034106800281475 0.00021676368387599 0.00028096745905965 0.00033607854063638 0.18827904822364 0.024041630560343 4 4 5 5 0
49.014237461104 8.4169775423195 116.52359771729 -0.006813 0.014308 2.1778743267949 0.0017133858071238 -0.0052367558026082 0.0043967118284115 -0.0033209082135824 0.010296489854705 -0.13716769639025 -0.066188002704043 9.8067959238792 0.0031100730448459 0.00043947701741146 9.8079781565769 -0.00014219649741316 -8.2286612735235e-05 -0.00020607125205019 -0.00014509783537588 -8.3707086294005e-05 -0.00020348089748663 0.18648860555004 0.021213203435596 4 4 5 5 0
49.014237567211 8.4169767140248 116.70180511475 -0.006813 0.014509 2.1688383267949 0.0059748311033243 -0.020809200437822 0.016654804672423 -0.013832531135264 0.023200561873975 -0.13992171837732 -0.067188532492055 9.8056430572552 0.0023020385807865 -0.00036268073075206 9.8068711889138 9.6378398981734e-05 0.00024594579075979 -0.00082856742032439 8.43251618762e-05 0.00024028410668692 -0.00083148622593062 0.1873872994629 0.021213203435596 4 4 5 5 0
49.014237627055 8.416976761932 116.65819549561 -0.006869 0.014545 2.1688883267949 0.0068356154421465 -0.020212460633716 0.017031797955488 -0.012852539526771 0.019413186526998 -0.13815346941098 -0.06872001612447 9.8082493018074 0.0047890355127239 -0.0016388477245224 9.809461745908 -0.00050962791278206 -0.0003235972958221 -0.00038138921199396 -0.00051508491750833 -0.00032620963019088 -0.00037169781156031 0.18873261509342 0.023345235059858 4 4 5 5 0
49.014237480375 8.4169774562769 116.53852081299 -0.00685 0.014336 2.1764083267949 0.0022324243808176 -0.0070549541809435 0.0058532672467138 -0.0045271602637152 0.011476011454392 -0.13707784027484 -0.064723741250601 9.8095341815265 0.0034295741917546 0.0021752035675818 9.8107045769146 -0.00039199537051607 0.00010675544276672 0.00085060756940781 -0.00037979041270683 0.00011254003143 0.00085536163600567 0.18648860555004 0.021213203435596 4 4 5 5 0
49.014237322237 8.4169778059545 116.43418121338 -0.006735 0.014109 2.1846213267949 -0.0022533587279903 -0.002944155995541 -0.00014685376732191 -0.0037046679111788 0.0036359892278112 -0.14066865106627 -0.069794004880002 9.8089345336024 -0.0023954717905849 -0.0037838620176821 9.8101904806194 -0.00011605996906919 0.00024619921023808 0.0005399442567812 -0.00010844965913743 0.00024982771805796 0.00053985426782387 0.18470787747143 0.019798989873223 4 4 5 5 0
49.014237383442 8.4169774818204 116.53363037109 -0.006807 0.014298 2.1784493267949 0.00058070978368628 -0.0074338419406769 0.0047191979819344 -0.0057732750388738 0.01054448267727 -0.13797455272104 -0.068992339862682 9.8060463280551 0.0020779286834706 -0.0018452028680487 9.8072591839967 0.00078775959475383 0.00046807205222127 0.00061335320877908 0.00079641733512975 0.00047217742178727 0.00059882122163139 0.18827904822364 0.024041630560343 4 4 5 5 0
49.014237312264 8.416977839819 116.43497467041 -0.006732 0.014075 2.1851243267949 -0.0023675271203703 -0.0017891424789241 -0.00090370494956877 -0.0028266138387272 0.0031196169833801 -0.13854654743799 -0.063633182507761 9.8091116602897 -0.00021928405822298 0.002257030509745 9.8102959457768 -0.00027075969033745 -0.00046065715519218 0.0002290805370058 -0.00026745114760607 -0.00045919748094865 0.00023594245174157 0.18470787747143 0.019798989873223 4 4 5 5 0
49.014237415844 8.416977698987 116.48402404785 -0.006739 0.014271 2.1815503267949 0.00018143969112888 -0.003022075558832 0.0018827120379751 -0.0023712130937635 0.0071710667956572 -0.13239736355009 -0.063142141242319 9.805922161822 0.007327821164126 0.0028884201379873 9.8070157190509 -2.3433291899666e-05 0.00019922377827317 -0.00049813410610587 -3.0567985149785e-05 0.00019590556214501 -0.00049908408868624 0.18648860555004 0.021213203435596 4 4 5 5 0
49.01423754355 8.4169769750504 116.60954284668 -0.006886 0.014443 2.1725763267949 0.0034957608642173 -0.01595071672285 0.011920840753976 -0.011160089026771 0.01557463927844 -0.14375699039586 -0.06600049139358 9.8093712643543 -0.0024001184203293 0.0013670484633015 9.8106461915663 -0.00025548400902769 0.00018194847461992 0.001201449051842 -0.00023813400397806 0.00019018181484309 0.001203782907068 0.18873261509342 0.023345235059858 4 4 5 5 0
49.014237640042 8.4169767595079 116.6485748291 -0.006827 0.014592 2.1691723267949 0.0067196069049736 -0.020241811107538 0.016957741933312 -0.012935245594985 0.018914422354868 -0.14417401445614 -0.065328825278008 9.8072484857279 -0.0011389089546995 0.0018618435701509 9.8085255730852 0.00042648458176467 0.00014382665068438 0.00015837724229543 0.00042871260362986 0.00014492361875982 0.00015110756828405 0.18873261509342 0.023345235059858 4 4 5 5 0
