49.014241299939 8.4169876688903 114.5231552124 -0.009756 0.014392 1.8219763267949 0.012877035266666 -0.012762469609266 0.015643755727668 -0.0091637118390984 -0.033975185843602 -0.13659890098469 -0.089424461126796 9.8048540396721 0.0046903168415182 0.0061267315846281 9.8062103402446 -0.00013094041665108 -0.00026175697851985 0.00078962185074325 -0.00011949308916381 -0.00025403853150456 0.00079396407817015 0.36889564920178 0.039597979746447 4 4 4 4 0
49.014242235708 8.4169887484801 114.32074737549 -0.009746 0.014482 1.8165513267949 0.017399790298031 -0.010440568543295 0.019417370978023 -0.0058927340892178 -0.038291570323583 -0.13393171903764 -0.084514377149251 9.807131960228 0.0078406998664477 0.010564233857795 9.8084012829172 -0.00096142784370515 0.0004845900367114 0.00043200777829196 -0.00095515054191484 0.00048876139153314 0.000441117157493 0.37591754415031 0.039597979746447 4 4 4 4 0
49.014241282512 8.4169876586341 114.5272064209 -0.009725 0.014401 1.8217343267949 0.013222125483805 -0.012282214648952 0.015856686466807 -0.0086165844752083 -0.034179919829506 -0.13664816494197 -0.091154518829033 9.8057341204991 0.0047852413763255 0.0040659966486069 9.8071082577686 -0.00017736917750504 -0.00029599752951059 -0.0003759237261919 -0.00018269959498012 -0.0002997073911925 -0.00037038093657416 0.36889564920178 0.039597979746447 4 4 4 4 0
49.014241355539 8.4169877164961 114.51058197021 -0.009759 0.014377 1.8220953267949 0.01193203612285 -0.013894790247839 0.015012256830932 -0.010491473015488 -0.03348251326322 -0.13682758459464 -0.088971792010718 9.8108625169355 0.00444247048702 0.0068046840269723 9.8122166665124 5.1871785229117e-05 -0.00035467564087808 0.0005538927439752 5.9905946215172e-05 -0.00034925866986719 0.00055652691501314 0.37249026832925 0.039597979746447 4 4 4 4 0
49.014242349323 8.4169888966342 114.28297424316 -0.00968 0.014456 1.8171413267949 0.017723086417799 -0.0099404606929436 0.019611099202497 -0.0053220868787103 -0.039360484903053 -0.14055561368726 -0.093881229412344 9.812450537112 0.0011615131981807 0.001221769163928 9.8139063397102 0.00020304679526156 0.00028557715901356 0.0009433491120571 0.00021663418088054 0.00029466324328566 0.00093750640103414 0.37872681447186 0.039597979746447 4 4 4 4 0
49.014241556983 8.4169879948029 114.46579742432 -0.009711 0.014368 1.8199943267949 0.01238350050592 -0.013267937060017 0.015275830239283 -0.0098000646686218 -0.03429378553353 -0.14382915263807 -0.092644476746337 9.8109745679881 -0.0024869749660868 0.0029118937591641 9.8124650240455 0.00035095412832246 -0.00069909532653731 0.0015315685356958 0.0003729522312633 -0.00068422521648859 0.0015330802839354 0.37249026832925 0.039597979746447 4 4 4 4 0
49.014242723933 8.4169892908338 114.18473052979 -0.009677 0.014499 1.8178013267949 0.018620899128899 -0.010636850142354 0.020656536197384 -0.0057608954569509 -0.041441506320447 -0.14160309957757 -0.089392770672319 9.8066547376369 0.00055689612203161 0.0058129795929678 9.808082989832 0.00049697592433368 0.00010203047876677 0.00058797722377985 0.00050542285565008 0.0001077298576419 0.00057971622148881 0.38075320090578 0.039597979746447 4 4 4 4 0
49.014242762526 8.4169893348385 114.17244720459 -0.009725 0.014502 1.8175903267949 0.018667548564425 -0.010772684739074 0.020734129543375 -0.0058841950596121 -0.042040697408711 -0.14430458133449 -0.090262148072365 9.8040604625227 -0.0022878191996678 0.0049001510921434 9.8055363095045 -0.00034933560081727 0.00034275279642051 -0.00018899665559827 -0.00035209820550623 0.00034089820766967 -0.00018723039610787 0.38075320090578 0.039597979746447 4 4 4 4 0
49.01424197961 8.4169883444901 114.38864898682 -0.009681 0.014466 1.8156853267949 0.016540613860394 -0.012358178953606 0.019044827015099 -0.0079758755241201 -0.036756958527114 -0.14159246156409 -0.092344161202352 9.8070816467818 0.00039762648620615 0.0027459692560737 9.8085383874277 0.00020484845809976 -0.00021778805061663 1.7226417067296e-05 0.00020514673728066 -0.00021758871819516 1.6318667747053e-05 0.37591754415031 0.039597979746447 4 4 4 4 0
49.01424178045 8.416988181408 114.42346191406 -0.009709 0.014422 1.8174733267949 0.014460805132654 -0.012575731137325 0.017098143345529 -0.008656082525699 -0.035688592247172 -0.13767191708688 -0.091634302745015 9.8064671128971 0.0040542773468359 0.0036262850744492 9.8078602158407 -8.3172514701858e-06 -0.00063524717867693 0.00059960302691072 4.284930854626e-07 -0.00062941894149247 0.00060576320462336 0.37591754415031 0.039597979746447 4 4 4 4 0
49.014242030745 8.4169884219408 114.37830352783 -0.009663 0.014503 1.8157523267949 0.016910312942824 -0.011872840098158 0.019284430373758 -0.0074185805312368 -0.03689328043189 -0.1418484892162 -0.089693274976757 9.8065939075061 6.0862321660663e-05 0.0052528969144335 9.8080283510143 0.00027404596766505 0.00064215165462285 -0.0002336796121591 0.0002705137913431 0.00063985355500903 -0.00024384138018927 0.37591754415031 0.039597979746447 4 4 4 4 0
49.014241510714 8.4169879235028 114.47573852539 -0.00973 0.014395 1.8205473267949 0.012156028174624 -0.013683952029578 0.015163294564284 -0.010251628445019 -0.034038184342589 -0.13867036877218 -0.089099631356561 9.8041090562907 0.0026131663746079 0.0063351095505487 9.805491967293 -2.0053407821775e-06 -0.00029600413765092 0.00049234996705736 5.088903489447e-06 -0.00029122614595697 0.00049516496263527 0.37249026832925 0.039597979746447 4 4 4 4 0
49.014242062235 8.4169884751328 114.37004852295 -0.009648 0.014495 1.8160603267949 0.016980305923927 -0.011725692124691 0.019318333455429 -0.0072542777151975 -0.036927570615579 -0.135399899272 -0.087093218215542 9.8065322200781 0.0064710965923456 0.0078337877562656 9.8078485784577 0.00050341763576891 0.00056932478927138 0.00051752432378611 0.00051090829871087 0.00057431069922236 0.00050472407533365 0.37591754415031 0.039597979746447 4 4 4 4 0
49.014241265587 8.4169876246175 114.53337097168 -0.009663 0.014429 1.8213713267949 0.013649198187642 -0.011874532814363 0.016166560114559 -0.0081209473615869 -0.034289258588667 -0.14440176402254 -0.089410379000417 9.8066134923459 -0.0029853783861719 0.0055345236199305 9.8080821370759 0.00038087363139457 0.00026645360743996 -0.0008061195469447 0.00036915520592757 0.00025864296363827 -0.00081405560138477 0.36889564920178 0.039597979746447 4 4 4 4 0
49.014242187136 8.4169886977285 114.33317565918 -0.009702 0.014439 1.8166053267949 0.016952379985124 -0.010563860093563 0.019014296651801 -0.0061183414804857 -0.037724837827694 -0.14282047133635 -0.090594872891298 9.807861544838 -0.0011274090709777 0.004518518708015 9.80931856761 -0.00014638909921385 -8.5983038186227e-05 -0.00078895364146934 -0.00015774758746857 -9.3639198781275e-05 -0.00078588373472416 0.37591754415031 0.039597979746447 4 4 4 4 0
49.014241626635 8.416988054915 114.45115661621 -0.009691 0.014389 1.8192603267949 0.01285560357243 -0.013274686599197 0.015728857323342 -0.009700013178509 -0.034756899918137 -0.13709785421018 -0.084651553623012 9.806369002968 0.0042133097537443 0.010510266034187 9.8076861223992 0.00011675054437046 -0.00042527728827988 0.00084027479095844 0.00012885872616437 -0.00041713564489362 0.00084257561596293 0.37249026832925 0.039597979746447 4 4 4 4 0
49.014241472643 8.4169878800557 114.48484802246 -0.009716 0.014397 1.8209583267949 0.011946846591989 -0.013890189388167 0.015016635763083 -0.01049598968888 -0.033883583677646 -0.14260725860196 -0.093635310014975 9.8097800831653 -0.0013894321594949 0.0018506585249341 9.811262887761 0.00024732455041276 1.0657512001451e-05 0.0001270788153465 0.00024912941108427 1.185683386838e-05 0.00012339723520627 0.37249026832925 0.039597979746447 4 4 4 4 0
49.014241337946 8.4169876953127 114.5149230957 -0.009788 0.01437 1.8220893267949 0.012185809007799 -0.013755029176691 0.01522303813 -0.010293420669379 -0.033564688791369 -0.14193416429333 -0.086289944908368 9.8070909759463 -0.00068848099470549 0.0093629260634293 9.8084929346245 -0.00057587964220292 -0.00050880755975623 -0.00022333374271404 -0.00057895057389464 -0.00051098555886131 -0.00021005219661007 0.37249026832925 0.039597979746447 4 4 4 4 0
49.014242809724 8.4169894249913 114.15419769287 -0.009717 0.014467 1.8179263267949 0.018752436977063 -0.010606725973611 0.020776206185878 -0.0057013285858349 -0.042377990855843 -0.13476100118551 -0.090989926097295 9.811161533415 0.0072697787333915 0.0042838784511466 9.8125053641937 -0.00015828268031948 -8.8215235582259e-05 0.0011528739513288 -0.00014157197781033 -7.6992381050903e-05 0.0011558612994666 0.38075320090578 0.039597979746447 4 4 4 4 0
49.014242122916 8.4169886099273 114.35066986084 -0.009668 0.014447 1.8167843267949 0.016982006804264 -0.011025060945114 0.019153454345395 -0.0065637634585308 -0.037354142067888 -0.1403835813987 -0.09305340162632 9.8109386519516 0.0014929547072115 0.0020731810820713 9.8123844098087 0.00044922307008858 -0.00012288797767568 0.00014510044199454 0.00045127543039223 -0.00012147901438915 0.00013981335922398 0.37591754415031 0.039597979746447 4 4 4 4 0
49.014241389841 8.4169877819472 114.50085449219 -0.009784 0.014374 1.8219053267949 0.011682578239212 -0.013815511376726 0.014749882922183 -0.010478154546739 -0.033612797196534 -0.14585021572535 -0.091176831593777 9.8087302169028 -0.0047154916470831 0.0046664604242141 9.8102361004679 -0.00028790488416379 -0.00022468075757787 0.00088789687449228 -0.0002750712795003 -0.00021597069628542 0.00089409809403844 0.37249026832925 0.039597979746447 4 4 4 4 0
49.01424227574 8.4169887956275 114.30808258057 -0.009704 0.014486 1.8164893267949 0.017641108232098 -0.010423322422824 0.019646790225355 -0.0058187811719995 -0.038563966454044 -0.14152880273064 -0.090589077298802 9.8079946049144 0.00033053760706944 0.0045109812243916 9.8094329656747 -0.00016802620678772 0.0004320602949479 -0.00022354004295499 -0.00017132494820386 0.00042985759114262 -0.00022528544737241 0.37872681447186 0.039597979746447 4 4 4 4 0
49.01424250947 8.416989016413 114.24556732178 -0.009731 0.014478 1.8172633267949 0.01829652486805 -0.010664895359358 0.020345509153282 -0.0058790286473789 -0.040217354354321 -0.13844586329114 -0.091806903632598 9.8062063929406 0.0033712704144491 0.0033447279402498 9.8076124894211 -0.00049151565185091 0.00030852661749883 0.00018410886709761 -0.00048882351121463 0.00031029690618827 0.00018819874830383 0.37872681447186 0.039597979746447 4 4 4 4 0
49.014241424419 8.4169878293022 114.49227905273 -0.009742 0.014408 1.8215343267949 0.011773452054444 -0.013906880324303 0.014857450701786 -0.010548530588874 -0.033727740589245 -0.1365795802337 -0.084142529526878 9.8079374686289 0.0046021625837728 0.011397827057706 9.8092414099702 -5.5393506783781e-05 0.0002578248572893 0.00013578894540717 -5.34580175289e-05 0.00025915712177541 0.00013411247887108 0.37249026832925 0.039597979746447 4 4 4 4 0
49.014242643267 8.4169891694868 114.21117401123 -0.009697 0.014452 1.8177103267949 0.018673877687758 -0.010899699194582 0.020770002663714 -0.0060103474165982 -0.040979906319616 -0.13857387482136 -0.090847654713528 9.8057109099732 0.0034236783075702 0.0043733213180475 9.8071090822393 0.00025956660809798 -0.0004274241243945 0.00032904131076524 0.00026432472266127 -0.00042423253915258 0.0003293787738679 0.37872681447186 0.039597979746447 4 4 4 4 0
49.014241918528 8.4169882798996 114.40057373047 -0.009723 0.014472 1.8159703267949 0.016113331676558 -0.012763360398204 0.018732132647995 -0.0084648674604783 -0.036395674245826 -0.14302971390654 -0.089166483120148 9.8088208567907 -0.0011897764491019 0.0060002103878484 9.8102668369832 -0.00044769483802695 0.00016799178184314 0.00013452903241321 -0.00044573838349639 0.00016927746960055 0.00013936770609364 0.37591754415031 0.039597979746447 4 4 4 4 0
49.014242677999 8.4169892213578 114.20046234131 -0.009717 0.014483 1.8178843267949 0.018642544158255 -0.010802505773227 0.0207178336029 -0.0059168948964951 -0.041098542827149 -0.14179005373753 -0.090967799058818 9.8098182402379 0.00031053140784455 0.0043378358589531 9.811263721743 -4.3176626354047e-05 3.4279072891451e-05 -1.2904601343378e-05 -4.3378776575654e-05 3.4157160389403e-05 -1.2606725453029e-05 0.37872681447186 0.039597979746447 4 4 4 4 0
49.014241322921 8.4169876807553 114.51837158203 -0.009734 0.014412 1.8220863267949 0.01246550711435 -0.013203541337178 0.015356231795704 -0.0096906983307325 -0.033766565028238 -0.13472210631807 -0.089236182506873 9.8100876374688 0.0066991752787857 0.0062438390047611 9.8114140333433 3.2675321491335e-05 -2.6735164529954e-05 0.00066110637166388 4.2213732501337e-05 -2.0298098804899e-05 0.00066079701494379 0.36889564920178 0.039597979746447 4 4 4 4 0
49.014242597855 8.4169891011007 114.22360992432 -0.009749 0.014464 1.8171523267949 0.018730392504677 -0.010778327103226 0.020793508610546 -0.0058847181428323 -0.040751655911433 -0.13554836499584 -0.087032472130245 9.8075733728133 0.006482589794121 0.008147975472977 9.8088904689935 -0.00079292603814723 -0.00028465019439059 6.9260297648634e-05 -0.00079184815007287 -0.0002839568437433 8.3510423451665e-05 0.37872681447186 0.039597979746447 4 4 4 4 0
49.014242457621 8.4169889779572 114.25719451904 -0.009701 0.014468 1.8171883267949 0.018047491140172 -0.01057961296992 0.020082570794292 -0.0058592259023364 -0.040055352347533 -0.14263918827275 -0.08881053198314 9.8095516964542 -0.0008166031658381 0.006501155303099 9.8109884469767 0.00027607923136736 0.00022346883154963 4.6290206698027e-05 0.00027669730145687 0.00022388466273309 4.0101172459186e-05 0.37872681447186 0.039597979746447 4 4 4 4 0
49.01424230831 8.4169888548919 114.29486083984 -0.009687 0.014436 1.8167823267949 0.01771481654345 -0.01007704738818 0.019634409270922 -0.0054636176449924 -0.039176648608656 -0.13606342180832 -0.088991995590384 9.8093101961001 0.0057642492627048 0.0061305587707049 9.8106538169058 0.00014382580957885 -0.00029934529924331 0.00019279432803051 0.00014664912671301 -0.00029746205963826 0.0001935931597407 0.37872681447186 0.039597979746447 4 4 4 4 0
49.014242414721 8.4169889437178 114.26765441895 -0.009671 0.014439 1.8170743267949 0.017892079952951 -0.010291747579481 0.019861479776944 -0.0056185683255909 -0.039710335764139 -0.13364349275118 -0.083523057536383 9.8076302107859 0.008126011606479 0.011571832662987 9.8088861416861 0.00047945305775939 -0.00027442846427573 -0.00020488438021164 0.00047649539395267 -0.00027638654434567 -0.00020913138378271 0.37872681447186 0.039597979746447 4 4 4 4 0
49.014241712928 8.4169881357413 114.43510437012 -0.009724 0.014469 1.8181963267949 0.013597244650088 -0.013006163709106 0.016373899856836 -0.0092708522873896 -0.035239666881309 -0.1382193831467 -0.09265894415902 9.80462141933 0.0033347244643917 0.0025502577437285 9.8060325750062 -0.0003613792925766 0.00047029756518536 -0.00048435914491625 -0.00036842770859123 0.00046557538102831 -0.00048359811032616 0.37249026832925 0.039597979746447 4 4 4 4 0
49.014242548443 8.4169890492789 114.23621368408 -0.009734 0.014489 1.8171763267949 0.018474937078039 -0.010598774562119 0.020502350937076 -0.0057715661585594 -0.040499504484229 -0.13841375000606 -0.090046677964336 9.8066682123327 0.0035100033506161 0.0051788722862748 9.8080563611969 -0.00044326171914077 0.00031712153663589 -5.2932309183221e-05 -0.00044403039551951 0.00031657157530109 -4.958832431802e-05 0.37872681447186 0.039597979746447 4 4 4 4 0
49.014241846929 8.4169882164263 114.41249084473 -0.00969 0.01443 1.8166663267949 0.015309882482277 -0.012548291151709 0.017907218466503 -0.0084374550571026 -0.036096650255487 -0.14256233870508 -0.088985108163411 9.8059766111207 -0.00092896248982749 0.0061313574944694 9.807414567701 0.00011834833607431 -0.00032483844419792 0.00026667780717319 0.00012219489913062 -0.00032226018517184 0.00026805700083855 0.37591754415031 0.039597979746447 4 4 4 4 0
49.014242094591 8.4169885487462 114.36067199707 -0.009682 0.014478 1.8162783267949 0.017062635160935 -0.011531123891857 0.019352528803768 -0.0070412570710581 -0.037238467827775 -0.14479836765273 -0.08868539679442 9.8052299022664 -0.0028671035365829 0.0063688324534843 9.8066976770178 0.00012430054362871 0.00014426475984933 0.00015785098966388 0.00012657035167625 0.00014580440830148 0.00015463388716953 0.37591754415031 0.039597979746447 4 4 4 4 0
