49.01424343941 8.4169772911554 114.13039398193 -0.006073 0.014325 2.1785723267949 0.025733085295997 0.012607406765809 0.013927209675214 0.025043389736354 -0.02805854998542 -0.13694162051225 -0.061523469185686 9.8091709299138 0.0035596821313931 -0.001446586257219 9.8103188301232 0.0010166521396707 2.8245645423701e-05 0.0005865059837587 0.001024947965181 3.1832826150914e-05 0.00057171527912509 0.40128792655648 0.04101219330882 4 5 4 4 1
49.014243682759 8.4169769727214 114.0632019043 -0.006311 0.01436 2.1815043267949 0.017240412908984 0.0072159403430784 0.0099878053777065 0.015797054666938 -0.028244470519991 -0.13969841725976 -0.0622324200787 9.8061724745649 0.00075912737736486 -0.00028573261138204 9.8073646182099 0.0001927835690564 0.0004773583808958 0.00086477418059605 0.00020511949826578 0.00048280913202071 0.00085888160519151 0.40187187012778 0.04101219330882 4 5 4 4 1
49.014243420194 8.4169773007253 114.13153839111 -0.006105 0.014333 2.1784393267949 0.025776819108491 0.012705208437376 0.013910723561787 0.025146738241893 -0.028216647558349 -0.14654343285201 -0.063893936361466 9.8083137640981 -0.0059499733079236 -0.0038822784979256 9.8096138362703 0.00031458685617448 -2.8418950136951e-05 0.00051015512206723 0.00032185467013999 -2.530360880479e-05 0.00050576485354353 0.40128792655648 0.04101219330882 4 5 4 4 1
49.014243470165 8.4169772574958 114.12619781494 -0.006197 0.014261 2.1788393267949 0.024433737000683 0.012121805555997 0.01313017429207 0.023906989774582 -0.027743851083241 -0.14536412116127 -0.067146307502901 9.8095532157022 -0.0050874782655969 -0.0065102891433232 9.8108564704986 -0.00013556955723333 -0.00067343675535381 0.00063832041307964 -0.00012641948309606 -0.00066953787146933 0.0006443710196093 0.40128792655648 0.04101219330882 4 5 4 4 1
49.014243873133 8.4169768867284 114.03469085693 -0.006326 0.014369 2.1820233267949 0.019451802419191 0.0055851971537741 0.012726047700702 0.015735835267199 -0.029678320337955 -0.14616964103488 -0.066614746136487 9.8074402296804 -0.0052533830638411 -0.0045355977199167 9.8087532824516 6.8888993654019e-05 -0.00020208364174223 0.0006852482561404 7.8754934136227e-05 -0.00019775322237824 0.00068542406003065 0.40187187012778 0.04101219330882 4 5 4 4 1
49.014243478802 8.4169771871766 114.12498474121 -0.00619 0.014283 2.1794423267949 0.021404206548691 0.010902814758606 0.011327648639303 0.021182424171546 -0.02682974724087 -0.14404601427041 -0.06442845276314 9.8042055481014 -0.0039896353411883 -0.0034307939614737 9.8054738877723 0.00066259878613302 -2.5778040488366e-05 0.00027618365776692 0.00066647631811473 -2.4032918025209e-05 0.00026684101640582 0.40128792655648 0.04101219330882 4 5 4 4 1
49.014244140205 8.4169768548716 113.99154663086 -0.00633 0.014415 2.1838203267949 0.022511924748882 0.0042919866190307 0.015945231077982 0.016460766820799 -0.031376982016466 -0.14256453276974 -0.063954788851377 9.8128639474771 -0.00077862086098037 -0.0020349672252095 9.8141077398831 -0.00031186645065795 -0.00054899960332628 0.00010516086605413 -0.00031025835494855 -0.00054832715502136 0.00011313001233823 0.40187187012778 0.04101219330882 4 5 4 4 1
49.014244148976 8.4169768487066 113.99017333984 -0.00629 0.014445 2.1840683267949 0.022462540051205 0.0042994693831515 0.015896509649865 0.016442381792348 -0.031161656615329 -0.14189017816521 -0.062804488082529 9.8034528130479 -0.00028772192718366 -0.00096731028640008 9.8046809317115 0.00037728163806466 4.0907226871646e-05 0.00079435285782785 0.0003887077092107 4.5881521949728e-05 0.00078855332492828 0.40187187012778 0.04101219330882 4 5 4 4 1
49.014243510831 8.4169770750052 114.10958862305 -0.006319 0.014262 2.1802683267949 0.017999909314423 0.0088373843485913 0.009702031266908 0.017548965845033 -0.026257422229794 -0.1444705775477 -0.067177308727472 9.8117225768372 -0.0045653574238395 -0.0054695531743261 9.8130135031402 -0.00043438884850363 9.0191170051801e-05 0.00099290862285796 -0.00042018261295064 9.6471179817293e-05 0.00099840059819996 0.40128792655648 0.04101219330882 4 5 4 4 1
49.014243512947 8.4169771082033 114.11792755127 -0.006254 0.014282 2.1799953267949 0.020061114450736 0.0098248145763772 0.010832700818704 0.01953530663045 -0.026567094305117 -0.13779755481027 -0.063351752337196 9.8094233213318 0.002257739297071 -0.0020537478824807 9.8105950898899 3.540075551111e-05 3.2992137857927e-05 0.0012826875054098 5.3677438102484e-05 4.1075869156925e-05 0.0012817877661185 0.40128792655648 0.04101219330882 4 5 4 4 1
49.014243525004 8.4169770743842 114.10261535645 -0.006246 0.014292 2.1804453267949 0.017501252759022 0.0087604820122112 0.0093337798215192 0.017202323870211 -0.026464176031889 -0.1460276252163 -0.062114098462112 9.8049929119154 -0.0061717129888314 -0.00052190380632992 9.8062751774083 0.0007118061023189 0.00051017574530733 0.00040206219243651 0.0007174082118523 0.00051274694395081 0.00038862425418666 0.40128792655648 0.04101219330882 4 5 4 4 1
49.014243467842 8.4169771897192 114.1270904541 -0.006236 0.01431 2.1793603267949 0.021959898591769 0.010853756482633 0.011814632778227 0.021458227936605 -0.026804614765089 -0.13671627428441 -0.06285678636965 9.8059997262116 0.003399960261703 -0.0017849057315232 9.8071532222586 -1.8776321779664e-05 0.00038894295776605 0.0011115887270949 -2.9350227076334e-06 0.00039585573366371 0.0011092924099715 0.40128792655648 0.04101219330882 4 5 4 4 1
49.014243552324 8.4169770688899 114.09563446045 -0.006323 0.014293 2.1806643267949 0.017254981219059 0.0086122649079948 0.0092133993113646 0.016941629534639 -0.026750771648968 -0.13993597038435 -0.063774047042096 9.8115045986944 0.00014254311702641 -0.0020580405721481 9.8127096764479 -0.00054171950255203 0.00024056866435108 0.00066719132602206 -0.0005321773922801 0.00024475841493772 0.00067333533453755 0.40128792655648 0.04101219330882 4 5 4 4 1
49.014244154675 8.4169768365722 113.98839569092 -0.006322 0.014422 2.1844493267949 0.021990099156673 0.0043739125683706 0.015460580309687 0.016237788542509 -0.030824055612292 -0.148463583832 -0.064675956473939 9.8086173705057 -0.006857582116079 -0.0027685797127502 9.8099512830978 -0.00011750864905687 -0.00025033438364622 0.000982561573293 -0.00010330448075023 -0.00024413235773209 0.00098570971112579 0.40187187012778 0.04101219330882 4 5 4 4 1
49.014243393315 8.416977302073 114.13454437256 -0.006138 0.014333 2.1783253267949 0.025941846310406 0.012775518459775 0.014010089435726 0.025296461535171 -0.028055704411561 -0.1384684446513 -0.059310875480396 9.8081870762781 0.0022278812485043 0.00068759360227956 9.8093432907105 -0.00029889911165957 -0.00021886297589135 0.0010309375657822 -0.0002840674360867 -0.00021258845932576 0.0010364332727542 0.40128792655648 0.04101219330882 4 5 4 4 1
49.014243636255 8.4169770148519 114.07180023193 -0.006326 0.014305 2.1813053267949 0.017161652241804 0.0078567829789554 0.009558916030377 0.016275125964918 -0.027892180220056 -0.14296456333643 -0.061841188730418 9.8090516189823 -0.0026581129770164 -2.8595434764518e-05 9.810287837859 -0.00033677729805052 -7.6003037044629e-05 0.00089196688652155 -0.00032397559929352 -7.0405570949846e-05 0.00089713669512274 0.40128792655648 0.04101219330882 4 5 4 4 1
49.014243479057 8.4169771549821 114.12351226807 -0.006226 0.014292 2.1795823267949 0.02065912561263 0.010411081933594 0.010995142599127 0.020354288943381 -0.026668558547476 -0.13512957263818 -0.062151242543181 9.8085515569098 0.0050327297322928 -0.001051435970343 9.80967773733 0.0002237239994499 5.120751777035e-05 0.00097570255675662 0.00023762794108517 5.731309446089e-05 0.0009720783110647 0.40128792655648 0.04101219330882 4 5 4 4 1
49.014243463138 8.4169771968157 114.12783813477 -0.006241 0.014282 2.1792243267949 0.022390865783124 0.01114545219885 0.012005134089828 0.02194193879752 -0.027133397499762 -0.14661719719202 -0.064751112419609 9.8113176400693 -0.0063510854971148 -0.0038429580816579 9.8126239662601 -0.00040510902641641 -0.00023523717905844 0.0013365556787033 -0.00038593124096078 -0.0002269319503056 0.0013436433622423 0.40128792655648 0.04101219330882 4 5 4 4 1
49.014243459159 8.4169772664359 114.12867736816 -0.00621 0.014279 2.1787963267949 0.02502037844958 0.012281334735472 0.013521781148484 0.024372364253874 -0.027854983950253 -0.13673243951595 -0.058370586334366 9.8060494745931 0.0034929497663859 0.0020575515431538 9.8071754658391 -0.00068204933862853 -0.0003417915218697 0.00073100761985202 -0.00067146405269732 -0.00033732323729307 0.00074276608572173 0.40128792655648 0.04101219330882 4 5 4 4 1
49.014244144816 8.4169768458754 113.98989105225 -0.006318 0.01441 2.1842933267949 0.022284404746074 0.0043930729372795 0.015693727297182 0.016419508028773 -0.031086457131777 -0.13874732173855 -0.062836582276894 9.8105714895898 0.0029300930576925 -0.001058424784853 9.8117534455639 -0.00028205649278895 -0.00046905698867784 0.00077072787622847 -0.00027085898526368 -0.00046417761521704 0.00077764266145347 0.40187187012778 0.04101219330882 4 5 4 4 1
49.014243602903 8.4169770460137 114.07852935791 -0.006284 0.014347 2.1811513267949 0.017243067217051 0.0083781744875325 0.0093299407108014 0.016747239313097 -0.027710671286546 -0.13697602719658 -0.064932782304892 9.8066459643117 0.0033486162492304 -0.0032249447503557 9.8078164609755 0.00024329016466975 0.00061541999981685 0.0012786431175207 0.00026153422224875 0.00062344324301538 0.0012711073012338 0.40128792655648 0.04101219330882 4 5 4 4 1
49.014243474121 8.4169772456053 114.12543487549 -0.006206 0.014319 2.1788553267949 0.024048609453364 0.011931961160396 0.012921793480745 0.023531564594153 -0.027683681805022 -0.14216999302019 -0.064538002452668 9.808193356563 -0.0020015911291353 -0.0037551382504849 9.8094352397698 -2.307101759296e-06 0.00053712445551448 0.00071484640968735 7.8493341015905e-06 0.0005415470773906 0.00071144287719255 0.40128792655648 0.04101219330882 4 5 4 4 1
49.014243724896 8.4169769441729 114.05667877197 -0.006353 0.014399 2.1817053267949 0.017669174487503 0.0066514950943383 0.010659437223061 0.015582684819708 -0.028643525693076 -0.14665122217633 -0.067375662012624 9.8101176207496 -0.0057988790078688 -0.0052382072789555 9.8114421337578 -0.00028093549778676 0.00060267923571814 0.0010576472324511 -0.00026577744449448 0.00060935765118491 0.0010577396246096 0.40187187012778 0.04101219330882 4 5 4 4 1
49.01424402441 8.4169768326654 114.00989532471 -0.006312 0.014426 2.1826183267949 0.021622194214272 0.0042966292569997 0.015233999169941 0.015934453622071 -0.030838894064705 -0.1387214492227 -0.062980834393923 9.8094662398754 0.0027938688953222 -0.00073860170965256 9.810648950827 0.00059143778825843 -9.4607623390627e-05 0.00094058138404241 0.00060493402617825 -8.8608523278928e-05 0.00093254939462031 0.40187187012778 0.04101219330882 4 5 4 4 1
49.014243464337 8.416977227585 114.12603759766 -0.006244 0.014264 2.1790053267949 0.023201077157779 0.011660867277404 0.012379003782509 0.02282599269826 -0.027326060069985 -0.1401761780034 -0.060778685651986 9.8092699962719 8.3353094488888e-05 0.00013595210228242 9.8104601661374 -0.00042475293072777 -0.00054702993806287 0.00098335129879 -0.00041057681372499 -0.00054093420313372 0.00099270265966265 0.40128792655648 0.04101219330882 4 5 4 4 1
49.014244111518 8.4169768281989 113.99459075928 -0.006327 0.014472 2.1832853267949 0.022536583667802 0.0040220234136011 0.016129724700064 0.016245204098235 -0.031326106720232 -0.1424237982297 -0.065981897921629 9.8081547944475 -0.00056850504690301 -0.0039224917766835 9.8094103264955 2.4875017755262e-05 0.00017356839938192 0.00046106197572587 3.151713740871e-05 0.0001764854394598 0.00045952324639893 0.40187187012778 0.04101219330882 4 5 4 4 1
49.01424350166 8.4169770706037 114.11436462402 -0.006272 0.014274 2.1800833267949 0.018541592024385 0.0088552742238106 0.010137780703868 0.017872660456614 -0.026376856084146 -0.13769735776918 -0.06221111622787 9.8030719821198 0.002291177298748 -0.00075727829702497 9.8042363283078 0.00011810080588321 -2.5056544326411e-05 0.00053372250983723 0.00012571343229212 -2.172208352976e-05 0.00053211219653093 0.40128792655648 0.04101219330882 4 5 4 4 1
49.014244127767 8.4169768437227 113.99170684814 -0.006316 0.014442 2.1836063267949 0.022632039411859 0.0041040116343557 0.01615631577829 0.016371482750135 -0.031531132746985 -0.1425702328102 -0.062357141333785 9.8023493596074 -0.00085522317894821 -0.000512470480192 9.8035844362452 -0.00011845426610034 -0.0002390316888241 0.0014204360533853 -9.7888100898056e-05 -0.00023004853454839 0.0014234945761393 0.40187187012778 0.04101219330882 4 5 4 4 1
49.014243458266 8.4169772880446 114.12893676758 -0.006166 0.014315 2.1787303267949 0.025505430278823 0.012625920913496 0.013725614526625 0.024930864316938 -0.028021400907531 -0.1431372256571 -0.066246806423557 9.8090248782951 -0.0027382749106915 -0.0059442203627235 9.8102906867411 -0.00023394428969559 3.8303249204342e-05 0.00086407970338518 -0.00022156092860639 4.3621992260609e-05 0.00086708139873826 0.40128792655648 0.04101219330882 4 5 4 4 1
49.014244089858 8.416976823663 113.99847412109 -0.006361 0.014472 2.1830253267949 0.022371385852872 0.004009446145465 0.016006018247503 0.016135762515466 -0.031451621152996 -0.13650975779321 -0.062253079620585 9.8063992346734 0.0053090989810156 -0.00010119791950947 9.8075456718179 -0.00039661716186061 0.00016587759784869 0.0012416202469742 -0.00037861254985064 0.0001737770752173 0.0012461465847982 0.40187187012778 0.04101219330882 4 5 4 4 1
49.014243979593 8.4169768405965 114.01745605469 -0.006339 0.014441 2.1824033267949 0.021067555917444 0.0046020818874023 0.01460758388981 0.015863197687757 -0.030574343817313 -0.14660839761896 -0.064297830887384 9.8055665667291 -0.005272224953798 -0.0021502373361781 9.8068718802129 2.0346451169163e-05 0.00038853008141287 0.00062443595343257 2.9304134314346e-05 0.00039248857569894 0.00062159170169833 0.40187187012778 0.04101219330882 4 5 4 4 1
49.014244165347 8.4169768357075 113.98810577393 -0.006336 0.01438 2.1845713267949 0.02178952039814 0.0043467557125862 0.015310173310306 0.016102045729498 -0.03079542341617 -0.13819711196006 -0.060782188284634 9.8060379728206 0.0031418610243414 0.0011268967267572 9.8071995625716 -0.00034563974736139 -0.00056858763731858 0.00077681924636327 -0.00033436573871219 -0.00056368212417602 0.00078527276838654 0.40187187012778 0.04101219330882 4 5 4 4 1
49.014243805255 8.41697690896 114.04499816895 -0.006363 0.014421 2.1818533267949 0.018453381104581 0.0061046640704224 0.011612942329631 0.015586389507972 -0.028929783682863 -0.13840257852446 -0.060453085559338 9.8064042301581 0.0025890019412816 0.0017480187549757 9.8075661991717 -0.00035763986616853 0.00051510082827866 0.00017179434889056 -0.00035521321102708 0.00051616969215459 0.00017362652747657 0.40187187012778 0.04101219330882 4 5 4 4 1
49.014243943108 8.4169768513786 114.02372741699 -0.006362 0.014429 2.1822043267949 0.020584988671163 0.0048926136108547 0.014048749142925 0.015821325913416 -0.030114368826885 -0.13734402326265 -0.059219458202915 9.8094661818777 0.0038565338969317 0.0030311034023172 9.810604929273 -0.00025219742886912 0.0004283155888095 0.00073796175328935 -0.00024161198920794 0.00043297044236771 0.0007387863725163 0.40187187012778 0.04101219330882 4 5 4 4 1
49.014243495509 8.4169771397165 114.12066650391 -0.006225 0.014248 2.1798323267949 0.020183497057256 0.010084155715481 0.010788082254165 0.019816183153795 -0.02649185146217 -0.1463309599196 -0.066927147284304 9.8064236548271 -0.0063015051076295 -0.0058158501325487 9.8077397287618 0.00020816423756079 -0.00057998552434944 0.0016995932849683 0.00023245159485665 -0.00056939178838294 0.001700025997515 0.40128792655648 0.04101219330882 4 5 4 4 1
49.014244064139 8.4169768252439 114.00328826904 -0.006327 0.01445 2.1827703267949 0.022017833441484 0.0041655695092917 0.015630351233326 0.016057085020097 -0.03105137449743 -0.14543895819566 -0.063174533346087 9.8080405746955 -0.0037326695169689 -0.0010741790280134 9.8093217711229 7.914309345891e-05 -4.7899600886349e-05 0.00097283628382993 9.3160976150565e-05 -4.1731704715201e-05 0.00097184752362704 0.40187187012778 0.04101219330882 4 5 4 4 1
49.014243511119 8.4169770890669 114.11680603027 -0.006229 0.014308 2.1801083267949 0.019362546675075 0.0093591493941692 0.010523161955873 0.018755399279348 -0.026291608658376 -0.14261546468463 -0.063463913356723 9.8071716219295 -0.0025864004891418 -0.0020384193725241 9.8084129790099 0.0007461628481701 0.00053218770303349 0.0011235857965973 0.00076205749108303 0.00053922321180133 0.0011094116895187 0.40128792655648 0.04101219330882 4 5 4 4 1
49.01424357944 8.4169770711959 114.08725738525 -0.006306 0.014311 2.1808723267949 0.017239427677456 0.0084963692474354 0.009263501611545 0.016839656578574 -0.027160894149347 -0.13931429459038 -0.060870928805758 9.802138945551 0.00075178855084767 0.0008606961556928 9.8033177837137 -0.00011752414569044 0.00033295476250749 0.00082522424793639 -0.00010576687859761 0.00033812591407799 0.00082468867988206 0.40128792655648 0.04101219330882 4 5 4 4 1
