49.014237387563 8.4169846925142 115.78063964844 -0.006419 0.014978 1.7206293267949 0.019985135850666 -0.0035164530285752 0.020286131514422 -0.00049438830366956 -0.023254035952012 -0.1452349823048 -0.062633412916457 9.8097133689837 0.0020582367197986 0.00056963752258256 9.8109882101611 0.00050538673860143 -0.00072882457134142 0.00014964618695225 0.00050763024761698 -0.00072783918423391 0.00014673900345614 0.40240402582479 0.044553338819891 4 5 4 4 0
49.014237632064 8.416983622782 115.74351501465 -0.006457 0.015154 1.7220173267949 0.034083105892252 -0.0076322677164071 0.034843831645397 -0.0024118192136247 -0.027869923557706 -0.14525919218907 -0.069082945634345 9.8071599610538 0.0032698827621923 -0.0056352060114864 9.8084767240909 0.00019742958688416 9.7554679517414e-05 0.0015584652599708 0.000220976449448 0.00010762445717018 0.0015546314447461 0.40240402582479 0.044553338819891 4 5 4 4 0
49.014237390288 8.4169847622549 115.78064727783 -0.006425 0.015021 1.7205673267949 0.019613942886459 -0.0030012541249126 0.019842189597292 -4.255575059426e-05 -0.023129011521304 -0.1394199126825 -0.063945387001408 9.8053609232636 0.0078322530688538 -0.00098676026687562 9.8065575161905 1.5965454762939e-06 -1.3395270848681e-05 0.00086401212226556 1.4553756951963e-05 -7.8284887826097e-06 0.00086395164677602 0.40240402582479 0.044553338819891 4 5 4 4 0
49.014237475129 8.4169845178494 115.76853942871 -0.006461 0.015095 1.7208653267949 0.023274565716334 -0.0040734957589326 0.023621949280157 -0.00055037355219142 -0.024355267842245 -0.15182594978774 -0.06307392739269 9.8083443957278 -0.0039526051023984 0.00016619254415429 9.8097216342089 -0.00015206442791326 0.0002363552781439 0.0012287495848334 -0.00013351462390243 0.00024430056923903 0.0012293466463939 0.40240402582479 0.044553338819891 4 5 4 4 0
49.01423769265 8.4169835231245 115.7391204834 -0.006461 0.015167 1.7219483267949 0.036553856306316 -0.0073533993927707 0.03724428543649 -0.0017664128300421 -0.028464763329191 -0.14456066342719 -0.063172893443251 9.8059388316508 0.0040250464265929 0.00011400339521648 9.8072071242574 -0.00010903548600396 0.00031074840215741 0.00076444556171389 -9.7472401294855e-05 0.00031567733633317 0.00076398081762792 0.40240402582479 0.044553338819891 4 5 4 4 0
49.014237538745 8.4169842136635 115.7546081543 -0.006469 0.015102 1.7215053267949 0.027218749386298 -0.0059889713548315 0.027809304539524 -0.0018362735650679 -0.026038395831098 -0.1417950154503 -0.063542829958507 9.8078309867748 0.006357132371757 -9.8263400102111e-05 9.8090597952512 6.3463625502582e-05 -2.1185365974299e-05 0.00046158399531964 7.0446869941167e-05 -1.8193376134058e-05 0.00046069691134628 0.40240402582479 0.044553338819891 4 5 4 4 0
49.014237467836 8.4169839381393 115.76026153564 -0.006444 0.015117 1.7218703267949 0.028516353998744 -0.0065129990734376 0.029171644725358 -0.002148768526962 -0.025926485037935 -0.14856666014636 -0.061879254845667 9.8056836069354 -0.00048613987318748 0.0014673015829245 9.8070041969794 0.00032726642513825 0.00026786847372707 0.00097999173905907 0.00034199483190675 0.00027419972760156 0.00097318947009338 0.40240402582479 0.044553338819891 4 5 4 4 0
49.01423746276 8.4169840934318 115.76164245605 -0.00647 0.01509 1.7216773267949 0.027277694455145 -0.006125940109655 0.027888515973025 -0.0019571899361539 -0.025713404265201 -0.14781829401192 -0.062002506020418 9.8098686070953 0.00024263527155757 0.0014366527553904 9.8111782711771 -2.3453356418818e-05 3.5610004109029e-05 0.00065365243104374 -1.3576122373731e-05 3.9829228037983e-05 0.00065369075991494 0.40240402582479 0.044553338819891 4 5 4 4 0
49.014237477041 8.416983885512 115.75916290283 -0.006475 0.015093 1.7219283267949 0.028884133308873 -0.0068081199958871 0.029579817195696 -0.0023829432521447 -0.026163243532922 -0.14153657927488 -0.062532597019349 9.8090026818535 0.006488778244116 0.00091540698297183 9.8102206665751 -5.1957654180192e-05 -4.3505383625613e-06 0.00042830650844011 -4.554562739495e-05 -1.5593860240677e-06 0.00042903652368233 0.40240402582479 0.044553338819891 4 5 4 4 0
49.014237546739 8.4169842702136 115.7537689209 -0.006482 0.015075 1.7213373267949 0.026919821205686 -0.0055488616153601 0.027447426948049 -0.0014515458390044 -0.025824720619483 -0.14922630038908 -0.062382522344697 9.8072668200896 -0.0010461065665282 0.00099608253664006 9.8085999163163 -0.00025282677074676 -0.00060674437275266 0.00060506278777228 -0.00024353578844839 -0.00060284029483367 0.00061268026253771 0.40240402582479 0.044553338819891 4 5 4 4 0
49.014237519808 8.4169838145758 115.75385284424 -0.006455 0.015113 1.7220703267949 0.029917257490906 -0.0070365986601462 0.030635793459599 -0.002450350634237 -0.0265007927538 -0.14533183544006 -0.065945993806619 9.804400848153 0.002738316616552 -0.0025764472706572 9.8056989389186 0.00021527579824967 4.1089522633694e-05 0.0011057083210329 0.00023192997786485 4.8233319977243e-05 0.0011020273179456 0.40240402582479 0.044553338819891 4 5 4 4 0
49.014237386803 8.4169848225689 115.78164672852 -0.006436 0.014978 1.7204463267949 0.018726206224095 -0.0029434987577235 0.018955756374526 -0.00011914776379409 -0.022851481587947 -0.1473204881077 -0.071289284542404 9.8073931885474 -0.00027044146960961 -0.008149516576173 9.808755281786 0.00010743957013473 -0.00042105500624606 0.00034521562281091 0.00011268569927016 -0.00041882193202554 0.00034624389122539 0.40240402582479 0.044553338819891 4 5 4 4 0
49.014237605951 8.4169836592025 115.745262146 -0.006461 0.015135 1.7219993267949 0.033109268669817 -0.0077105678159908 0.03389302384702 -0.0026342976479551 -0.027523145038664 -0.14150129783921 -0.060886912657238 9.8061760537295 0.0070336445702378 0.0025842893378677 9.8073831549769 0.00020434458973762 -0.00028852837142288 0.00028550469993823 0.00020868136992511 -0.00028663628213517 0.00028423554406466 0.40240402582479 0.044553338819891 4 5 4 4 0
49.014237500787 8.4169841643588 115.75862884521 -0.006478 0.015109 1.7216503267949 0.027287318318147 -0.0058865819108374 0.027861952989883 -0.0017207710029412 -0.02581985490771 -0.14794207208087 -0.070168100503723 9.8073948512236 0.00029794120913748 -0.0065857653251379 9.8087594106892 9.9938601801565e-05 -6.2320371419676e-06 0.0013501006237421 0.00012032503972368 2.5283740448248e-06 0.0013484370359251 0.40240402582479 0.044553338819891 4 5 4 4 0
49.014237542668 8.4169843315807 115.75611114502 -0.006428 0.015095 1.7211163267949 0.026431436755723 -0.004941262927768 0.02687328824162 -0.00092939843470294 -0.025606783656941 -0.13731965946855 -0.062668748121236 9.8063879774244 0.010670540129484 0.00064486546454899 9.8075440944354 0.00060767989105715 3.7201885696985e-05 0.00030356357392377 0.00061216382753505 3.9193267389558e-05 0.00029408778648645 0.40240402582479 0.044553338819891 4 5 4 4 0
49.014237461636 8.4169846041037 115.77131652832 -0.006431 0.015065 1.7206933267949 0.022078413129204 -0.0036610577702789 0.022377544221808 -0.00032411684021815 -0.023888333623414 -0.14478745932613 -0.068221503262309 9.8095315609424 0.0029197325789397 -0.0050896345009872 9.8108356656592 0.00012178283426758 -1.0281604731266e-05 0.0013829483941044 0.00014258386261625 -1.364834455975e-06 0.0013809684285761 0.40240402582479 0.044553338819891 4 5 4 4 0
49.014237583713 8.4169836957506 115.74687957764 -0.006487 0.015117 1.7220993267949 0.032235637393324 -0.0077198972213348 0.033030866149927 -0.0027739732862996 -0.027353984492689 -0.15031745233511 -0.068528649184104 9.8128346163312 -0.0018489210364443 -0.005020844234459 9.8142237224402 -0.00026866012301529 -0.00034660292753767 0.0013348041671095 -0.00024841681474515 -0.00033794092381125 0.001340927395907 0.40240402582479 0.044553338819891 4 5 4 4 0
49.014237498534 8.4169844622843 115.76475524902 -0.006471 0.015061 1.7209263267949 0.024101006632701 -0.0046103703625397 0.024519418250634 -0.00095538054611742 -0.024725520040942 -0.14754482609885 -0.058790079352882 9.8108081748285 0.00029172063245793 0.004509187812713 9.8120925076041 -0.00029509122557146 -0.00025458940593056 0.0013510067150516 -0.00027470407354875 -0.00024580461942436 0.0013569186704016 0.40240402582479 0.044553338819891 4 5 4 4 0
49.014237665331 8.4169835993334 115.74002075195 -0.006464 0.015124 1.7219353267949 0.034934272801674 -0.0076037733068456 0.035681004639441 -0.0022554180662465 -0.028067749546106 -0.14148200522162 -0.063812028039746 9.8051564967748 0.0070248770911938 -0.00047694473202097 9.806382514707 -8.9910271710621e-05 -0.0004620051573531 0.0002773176682347 -8.5675172155102e-05 -0.0004601878895117 0.00028162397665515 0.40240402582479 0.044553338819891 4 5 4 4 0
49.014237581305 8.416983418577 115.75587463379 -0.006429 0.015115 1.7223413267949 0.035167578761407 -0.0071673927793676 0.035846412996078 -0.0017790795345451 -0.027272494286221 -0.14281128915314 -0.061824055427593 9.8118753087354 0.0055227702053462 0.0013710196295569 9.8131077468939 0.00026531484765143 0.00013170962745307 0.00061152372980077 0.00027453241117472 0.00013562470246318 0.0006065860718319 0.40240402582479 0.044553338819891 4 5 4 4 0
49.014237534827 8.4169843947718 115.7590713501 -0.006493 0.015096 1.7209283267949 0.025304903413748 -0.0046553432864396 0.025716525342117 -0.00081900100387846 -0.025186422490959 -0.1477206679013 -0.068993825879922 9.8070501923 0.00027294680464145 -0.0055452569270939 9.8084039774416 -0.0003412587486528 -6.9601755467591e-05 0.00043942554399188 -0.00033461250515252 -6.6758099971489e-05 0.00044499626896289 0.40240402582479 0.044553338819891 4 5 4 4 0
49.014237473644 8.4169840054844 115.76049041748 -0.0065 0.015068 1.7217563267949 0.027926140705071 -0.0060528462392039 0.028518764475654 -0.0017850314598341 -0.025889798160352 -0.1469861521374 -0.067094345701378 9.81137986911 0.00097251644384368 -0.0035345198818581 9.8127097933664 -0.00033930555945356 -0.00023588074684131 0.00056257403784456 -0.00033077636112269 -0.0002322147248667 0.00056914118805121 0.40240402582479 0.044553338819891 4 5 4 4 0
49.014237419537 8.4169846458318 115.77659606934 -0.006479 0.015063 1.7206313267949 0.020826231048316 -0.0038847097462756 0.02117277485617 -0.00073254199258183 -0.023584059193376 -0.1423455973223 -0.063089322613 9.8064977086416 0.0050474852240346 0.00012427795712835 9.807732487609 -0.00051400456121938 0.00043791809288819 0.0004041709962679 -0.00050793507505844 0.00044051180932432 0.0004090156287927 0.40240402582479 0.044553338819891 4 5 4 4 0
49.014237614319 8.4169834498038 115.75130462646 -0.006463 0.015092 1.7221953267949 0.035880435144882 -0.007244109800425 0.036562414931275 -0.0017528726246946 -0.027866706733058 -0.13975931668687 -0.063948684441534 9.8061968560541 0.0085731184031485 -0.00067412900519169 9.8073977789507 -0.00015318785726409 -0.00040390485375687 0.00068431746491697 -0.00014271275453579 -0.00039952303809306 0.00068911718883338 0.40240402582479 0.044553338819891 4 5 4 4 0
49.014237706075 8.4169835799587 115.73583221436 -0.006451 0.015148 1.7219253267949 0.035801182478315 -0.00733074931625 0.036496802432234 -0.0018570582400025 -0.028381691984059 -0.15323498852113 -0.067617962450202 9.8106680937638 -0.004549867114737 -0.0043318852063319 9.812095592884 -2.0536865503535e-05 -0.00019976039397904 0.00099503474709923 -5.4486705338646e-06 -0.00019332368702051 0.00099650538430945 0.40240402582479 0.044553338819891 4 5 4 4 0
49.014237660757 8.4169834890054 115.74433898926 -0.006407 0.015177 1.7219983267949 0.036279338448786 -0.0072575119224824 0.036958569816451 -0.0017105746621934 -0.028204837417238 -0.14747663585162 -0.064677665767438 9.8055036249865 0.0010636416331866 -0.0014772610258778 9.8068258286592 0.00072381450420679 0.00062730657289296 -8.0950580798545e-05 0.00072244294121599 0.0006267531336972 -9.5963361532143e-05 0.40240402582479 0.044553338819891 4 5 4 4 0
49.014237482981 8.4169841313675 115.76047515869 -0.006494 0.01506 1.7215413267949 0.027353478044183 -0.0059001762283427 0.027929411722101 -0.0017241456407692 -0.02582750768847 -0.13841691272062 -0.061110867694793 9.8059505833127 0.0095413589024926 0.0024641627325081 9.8071131992786 -0.00013649810748316 -0.00039733505998488 -0.0007350995082395 -0.00014750216751175 -0.00040210335040084 -0.00073036681749816 0.40240402582479 0.044553338819891 4 5 4 4 0
49.014237474207 8.4169840640482 115.76050567627 -0.006469 0.015095 1.7216723267949 0.027564995481583 -0.0061581062889674 0.02817748168239 -0.0019444397169923 -0.025727169664412 -0.1430087054465 -0.063892439482386 9.8053246137094 0.0049810322505808 -0.00035192922281764 9.8065744467645 0.00024156349336993 6.5305799239022e-05 -0.00018482842289954 0.00023874758043642 6.410218329017e-05 -0.00018887516895097 0.40240402582479 0.044553338819891 4 5 4 4 0
49.014237567616 8.4169837634352 115.74833679199 -0.006421 0.015123 1.7220343267949 0.031243433200036 -0.0074566031536952 0.03201023866239 -0.0026641602694253 -0.026992126195308 -0.13983013901363 -0.061642641107197 9.8076578518192 0.0084591864239568 0.0017516422580698 9.8088449255173 0.0008293357137521 -4.9752926856252e-05 -0.00020729639206526 0.00082614337995902 -5.1117712313709e-05 -0.00021950919909242 0.40240402582479 0.044553338819891 4 5 4 4 0
