49.014239430529 8.4169947514697 113.90972137451 -0.007442 0.014456 1.9073603267949 -0.0043585702212795 -0.012088327968935 -0.00012320512790827 -0.012849509742236 -0.050846003331697 -0.14275575341625 -0.072405854086252 9.8048685134892 -0.0012240463011266 0.00019933491422481 9.8061751890197 -0.00066175447347471 0.00040237860518088 0.0014251874898655 -0.0006411470192447 0.00041291974253516 0.001431552325592 0.41702398012584 0.038897300677553 4 4 4 4 0
49.014240656077 8.4169946095807 113.7799911499 -0.007423 0.014325 1.9072133267949 -0.011704335629703 -0.010417354652897 -0.0076076485537266 -0.013698062953488 -0.046410482054491 -0.1438974491409 -0.06818981577711 9.8078497271533 -0.0034090470331129 0.0047738866476916 9.8091405772578 0.00032439027220025 -2.0212402839814e-05 -0.0001506725326981 0.00032219334227059 -2.1334294520719e-05 -0.00015516505907198 0.41702398012584 0.038897300677553 4 4 4 4 0
49.014239405155 8.4169947545709 113.91466522217 -0.007381 0.014423 1.9071913267949 -0.003843439900227 -0.012125431761746 0.00037469652892553 -0.012714484009682 -0.050986822480626 -0.14142406748697 -0.069604440433614 9.8061153347218 4.2298431371672e-05 0.0029125808384261 9.8073820369126 0.0002656520486922 -3.6142689496357e-05 0.00041268472276835 0.00027158372040325 -3.3088990624449e-05 0.00040910758312905 0.41702398012584 0.038897300677553 4 4 4 4 0
49.014239629508 8.4169947087206 113.88473510742 -0.007386 0.01441 1.9074373267949 -0.0055945444540467 -0.012215314085744 -0.0012464158450343 -0.013377574896319 -0.050463216270636 -0.14080585760258 -0.066537466373932 9.8064270961021 0.00047367744018801 0.0061718733061494 9.8076618200697 0.00053162134485608 8.9889701933538e-05 0.00069755269622652 0.00054162451977021 9.503912665731e-05 0.00068913969321701 0.41702398012584 0.038897300677553 4 4 4 4 0
49.014240853922 8.4169945200563 113.76291656494 -0.007474 0.014349 1.9068513267949 -0.01219122743052 -0.011131059344365 -0.0078378908231608 -0.014529075303686 -0.045798852947673 -0.14866584990009 -0.066515577839979 9.8067618252199 -0.0080325290205701 0.0067329923716951 9.8081087289243 -5.870507449875e-07 0.00015310403438557 0.00023071879255471 2.6800150031359e-06 0.00015482828969348 0.00022953748690747 0.41702398012584 0.038897300677553 4 4 4 4 0
49.014239888238 8.4169946730701 113.86571502686 -0.00743 0.014365 1.9081303267949 -0.0084905584491149 -0.011636856535562 -0.0041615884052055 -0.013790856587666 -0.048485667630935 -0.14677695849142 -0.069073971003469 9.8093474325812 -0.0057618236141872 0.0038717054417345 9.810686135731 8.5104998037748e-05 -0.00015570217112532 0.0010971002808255 0.00010085983047924 -0.00014752648347809 0.0010968623886967 0.41702398012584 0.038897300677553 4 4 4 4 0
49.014240232665 8.4169946236227 113.83278656006 -0.007462 0.014353 1.9079133267949 -0.010647261456156 -0.011638000830193 -0.0061977844777699 -0.014504988692635 -0.046719169226248 -0.13855488350069 -0.067967946478784 9.8064978055035 0.0022472978118426 0.0050070600878888 9.8077105405882 -0.00042566208799813 -0.00012177345659897 0.00073448727675089 -0.00041507612115446 -0.00011630085996032 0.00074140717520876 0.41702398012584 0.038897300677553 4 4 4 4 0
49.014240048055 8.4169946314929 113.85201263428 -0.007436 0.01437 1.9083443267949 -0.010141800430328 -0.011701365758908 -0.0056951465452093 -0.014399440439634 -0.047328618205812 -0.14677531979128 -0.071023158470081 9.806658976253 -0.0059527994342686 0.0021889345719569 9.8080125190074 0.00054213926010384 0.00022505381240263 8.536813384593e-05 0.00054326026090302 0.00022572344584536 7.5879597177603e-05 0.41702398012584 0.038897300677553 4 4 4 4 0
49.014240326869 8.4169946444456 113.82177734375 -0.007445 0.01432 1.9078293267949 -0.010714104136738 -0.011000644987305 -0.0064729896212502 -0.013925022817723 -0.046715374736761 -0.14637530714346 -0.070292975122538 9.8084938066641 -0.0057183309667715 0.0025377521722709 9.8098356556004 -0.00042944786644398 -0.00033172523814771 -0.00026969368629153 -0.0004332260735504 -0.00033371831294322 -0.00026104908221358 0.41702398012584 0.038897300677553 4 4 4 4 0
49.014239825918 8.4169946809315 113.87122344971 -0.007436 0.014348 1.9080653267949 -0.0080242199081683 -0.011870120349795 -0.0036455372004176 -0.013856370942386 -0.04883777094742 -0.14367453614041 -0.070305366702476 9.8074876340765 -0.0026467592682983 0.0026029795476944 9.8087912603805 -4.8814131652918e-05 -0.00050740088746326 0.00065053143999413 -3.938917037135e-05 -0.0005025538823468 0.00065490020266088 0.41702398012584 0.038897300677553 4 4 4 4 0
49.014240398652 8.4169946600267 113.81114959717 -0.007437 0.014378 1.9078873267949 -0.010954536652736 -0.010654693387806 -0.0068144688187357 -0.013677985199003 -0.046670047643696 -0.14326874251478 -0.064310635848317 9.8060976131861 -0.0026432293117675 0.0085703011603119 9.8073504964119 -0.00018454150906705 0.00065564054937836 0.0008984900972505 -0.00017167284265926 0.00066229165573886 0.00089612998942188 0.41702398012584 0.038897300677553 4 4 4 4 0
49.014239348928 8.4169947704119 113.92151641846 -0.007438 0.014446 1.9073843267949 -0.0033522162825428 -0.011975864927505 0.00078880330354751 -0.012411215042611 -0.051218018830734 -0.14764624805584 -0.07041922225809 9.802808455168 -0.0062055870170813 0.0020669894615019 9.8041714022795 -0.00076545689035099 0.00036719320627222 0.0016252323751347 -0.00074197409698748 0.00037924343944197 0.0016333287817177 0.41702398012584 0.038897300677553 4 4 4 4 0
49.014240571274 8.4169946369867 113.7889251709 -0.007433 0.014367 1.9074823267949 -0.011545696708249 -0.009978193531244 -0.0075992719096116 -0.013233230122378 -0.046535632885604 -0.14922799368886 -0.069870580128497 9.8077700270606 -0.0085810102854712 0.0030346234269457 9.8091498584354 4.4157433174695e-05 0.00044891090988388 -0.00022002337325636 4.0941642134736e-05 0.00044725590285915 -0.00022397031032199 0.41702398012584 0.038897300677553 4 4 4 4 0
49.014239918471 8.4169946582241 113.86447143555 -0.007441 0.014344 1.9081433267949 -0.0090379538761931 -0.011726229504846 -0.0046480876231638 -0.014056481090594 -0.04806385023157 -0.14749154207119 -0.067631207756235 9.8062658013523 -0.0067197498084475 0.0052908987110242 9.8076044636721 -6.4983934028946e-05 -0.00016401404612848 0.00042460798969705 -5.8871865670651e-05 -0.00016085018682952 0.00042670383097091 0.41702398012584 0.038897300677553 4 4 4 4 0
49.014239777495 8.4169946888178 113.8751449585 -0.007418 0.014391 1.9079343267949 -0.0074444536874234 -0.011993775249737 -0.0030597110274853 -0.013780768090929 -0.049337047642625 -0.14371291706822 -0.067540497674506 9.8069469313161 -0.0027192625802202 0.0052956084299238 9.8082305048919 0.00015752149095357 0.00032274524195768 0.00028602337291985 0.00016159083499115 0.00032485313846447 0.00028134089757501 0.41702398012584 0.038897300677553 4 4 4 4 0
49.014239588757 8.416994730461 113.88813781738 -0.007422 0.014429 1.9073613267949 -0.0050657348246082 -0.012015274811083 -0.0008142097323288 -0.013014060256254 -0.050539723501009 -0.14878044680243 -0.069340689190983 9.8078399863016 -0.0075157823869917 0.0032779590472619 9.8092101555758 -0.00032950726095495 0.00048159549950951 0.00038375149729921 -0.00032400038692654 0.00048443953882532 0.00038487468866491 0.41702398012584 0.038897300677553 4 4 4 4 0
49.014240526627 8.4169946553063 113.79485321045 -0.007429 0.014318 1.9077313267949 -0.011329780478482 -0.0099643802085838 -0.007397773236868 -0.013150115164066 -0.046671751563919 -0.14412441621001 -0.068689797029367 9.8061087342854 -0.0035402643233124 0.0041074695164137 9.8074066758986 -9.7353587114968e-05 -0.0003360589236756 0.00030124335880976 -9.2989537214036e-05 -0.0003338322722359 0.00030510711075905 0.41702398012584 0.038897300677553 4 4 4 4 0
49.014239672496 8.4169947021279 113.88359069824 -0.007401 0.01441 1.9075843267949 -0.0060843727906978 -0.012023943596409 -0.0017703570418726 -0.013358940105358 -0.050003308492512 -0.14289881324497 -0.072946901831551 9.8086048178237 -0.0016515241205 -0.00011970633264186 9.8099168050083 0.00042585090146991 0.00023656875214656 0.00052119396623298 0.0004332647569855 0.00024048469618034 0.0005132458991521 0.41702398012584 0.038897300677553 4 4 4 4 0
49.01424073417 8.4169945889212 113.77123260498 -0.007466 0.014341 1.9070463267949 -0.011696753798828 -0.010488124102868 -0.0075797620679128 -0.01376089500188 -0.046339410824053 -0.14561508466848 -0.073121899743069 9.804449213073 -0.005074841599323 -4.8186617292991e-05 9.8058019295034 -0.00019878263367689 8.7425148934861e-05 -4.9178617182465e-05 -0.00019943071464454 8.7022960013816e-05 -4.6955008550541e-05 0.41702398012584 0.038897300677553 4 4 4 4 0
49.014241044645 8.416994413781 113.7459487915 -0.007527 0.014388 1.9066293267949 -0.012948547069562 -0.01222711455109 -0.0081947834642778 -0.015811801220077 -0.045052105533255 -0.1428736801817 -0.068378771229978 9.8040790117902 -0.0021281744278133 0.0051093479681633 9.8053568576245 -0.00045493797489212 0.00055786405056526 0.0001432936570796 -0.00045293231666548 0.00055894949971363 0.000145579720926 0.41702398012584 0.038897300677553 4 4 4 5 0
49.014239695807 8.4169946964897 113.88047027588 -0.007392 0.014349 1.9076963267949 -0.006742086100291 -0.011951141589394 -0.0024127548202765 -0.013507958132329 -0.049606217805486 -0.1394874185047 -0.067382092629544 9.8078406024442 0.0015093078476056 0.0054261771239845 9.8090622444857 0.00057477225120486 -0.00041729672109053 -0.00039807362706804 0.00056905249578124 -0.00042022313924429 -0.00040316994678868 0.41702398012584 0.038897300677553 4 4 4 4 0
49.014240185048 8.4169946176026 113.83965301514 -0.007457 0.014357 1.9080793267949 -0.010728428388303 -0.011812155218181 -0.006213884413722 -0.014697407321335 -0.046908130779179 -0.14417950081677 -0.067184389804216 9.8083324287158 -0.0033068890313049 0.0058956928762375 9.8096196434981 -0.00018459388912029 -0.0001499720585184 0.0013048145128763 -0.00016579448677478 -0.0001402357407218 0.0013084242763287 0.41702398012584 0.038897300677553 4 4 4 4 0
49.014239512115 8.4169947370913 113.89893341064 -0.007432 0.014415 1.9072173267949 -0.0046104302112181 -0.011915463214866 -0.0004181970500445 -0.012769475691075 -0.050758824847861 -0.14310243213881 -0.067474901233305 9.8102325194545 -0.0016488728131209 0.0052814631055308 9.8115067674589 -0.00027735642012293 -6.366583508605e-05 0.00022334768719698 -0.00027408707445948 -6.2018669194464e-05 0.00022775785347679 0.41702398012584 0.038897300677553 4 4 4 4 0
49.014240984485 8.4169944619102 113.74634552002 -0.007532 0.014319 1.9066863267949 -0.012842749218206 -0.011715407851208 -0.0082619120511938 -0.015294701022755 -0.045371111808179 -0.14572709177961 -0.071554383070946 9.8068668918945 -0.0051194394208327 0.0018339507241448 9.8082092609319 -0.00080914752242389 -0.00037108624784058 -0.00021167754285179 -0.00081204520470331 -0.00037267396588524 -0.00019731619932889 0.41702398012584 0.038897300677553 4 4 4 4 0
49.014240812301 8.4169945523073 113.76702880859 -0.007469 0.014312 1.9069003267949 -0.011749772561133 -0.01066733590896 -0.0075729154582951 -0.013946339324572 -0.046073732749178 -0.14122516368755 -0.069042971482282 9.8083182103746 -0.00061066623560361 0.0041608236634524 9.8095769824464 -2.28075258324e-05 -0.00044319413581023 0.00024880965089306 -1.9188933478539e-05 -0.00044132527864236 0.00025241795773246 0.41702398012584 0.038897300677553 4 4 4 4 0
49.014240894228 8.4169944920361 113.75749969482 -0.007476 0.01438 1.9068143267949 -0.012704755901047 -0.011600039410459 -0.0081687695223376 -0.015140772894048 -0.045505183666105 -0.14329858215073 -0.067152504914899 9.8088689370757 -0.0025417497205807 0.0061650225815398 9.8101431891416 5.8258523565367e-05 0.00056439653158411 -0.0010555008127538 4.2991809563408e-05 0.00055646547660931 -0.0010603922877371 0.41702398012584 0.038897300677553 4 4 4 4 0
49.014239971747 8.4169946448548 113.85926055908 -0.007495 0.014315 1.9082313267949 -0.0096595631535218 -0.011840081397838 -0.0051956922422456 -0.014370105194194 -0.047714878805935 -0.14567530372518 -0.07342547634335 9.8083411133413 -0.0048389386257427 -0.00032776273522191 9.8096966621525 -0.00072359927938478 -0.00073778998304271 0.00020362251692412 -0.00072054793898338 -0.00073624796092941 0.00021953194478459 0.41702398012584 0.038897300677553 4 4 4 4 0
49.01424010503 8.4169946166236 113.84647369385 -0.007429 0.014354 1.9082053267949 -0.01054636521538 -0.011708290179894 -0.0060744483143752 -0.014539981730546 -0.047047309823275 -0.1420622808325 -0.068170748523968 9.8075484640095 -0.0012978406698626 0.0049826103986315 9.8088128102627 0.00054179517890768 1.8408282475904e-05 -0.00054628550088313 0.00053391035976074 1.4387124427488e-05 -0.00055410094288304 0.41702398012584 0.038897300677553 4 4 4 4 0
49.01424047727 8.4169946652113 113.80135345459 -0.007445 0.014362 1.9078043267949 -0.011186516069489 -0.010241141759364 -0.0071699559020614 -0.01336453922411 -0.04683120068738 -0.14429295387932 -0.073543329306247 9.8095325200318 -0.0035070789782724 -0.00070876208785984 9.8108686120945 -0.00037378180843171 0.00018213441328039 -0.00032534962879173 -0.00037842953720574 0.00017966027509484 -0.00032128509885813 0.41702398012584 0.038897300677553 4 4 4 4 0
