49.01423717073 8.4169935342626 113.34374237061 -0.006686 0.01521 1.8981153267949 0.022324540821488 0.0069118209206272 0.018917589209938 0.013721642292496 -0.011944484139062 -0.14961719665054 -0.073028700038983 9.8125682717076 -1.8329935196647e-05 -0.0075757675676686 9.8139777226231 -0.00020365873005076 -0.00067976382461408 0.00031116240675523 -0.00019885369560846 -0.00067767342050922 0.00031876633130264 0.39643410549548 0.0367695526217 4 5 4 4 0
49.014235382971 8.4169931570721 113.69237518311 -0.006791 0.015232 1.8971703267949 0.013940448945245 0.0045137191195934 0.011757446025197 0.0087448413519132 -0.0046423920133728 -0.14264567617718 -0.067815662783922 9.8067648931597 0.006751194741988 -0.0013925006261326 9.8080343649455 -0.00017773199291913 7.104726257692e-05 0.00028010590416655 -0.00017345589611663 7.2930810721161e-05 0.00028228987938723 0.395216396421 0.0367695526217 4 5 4 4 0
49.014237206061 8.4169935494222 113.3346862793 -0.006642 0.015261 1.8980263267949 0.021744386322056 0.0070389796788458 0.018328429426879 0.013654094463277 -0.011994881362792 -0.14281269323122 -0.064620117931957 9.8044636564131 0.006496234137343 0.00091025096793906 9.8057146875484 0.00080266898180503 0.00050666422280826 5.9851980884733e-05 0.00080343077733253 0.00050704467212965 4.4240695509045e-05 0.39643410549548 0.0367695526217 4 5 4 4 0
49.014236975087 8.4169935179933 113.38341522217 -0.006669 0.015254 1.8981473267949 0.022849846087701 0.0070708021449664 0.019362776831427 0.014042597240089 -0.011395691772151 -0.14357006534895 -0.067997091809466 9.8089329315216 0.0061264084904843 -0.0027350577236243 9.8102169907091 -0.00019468057683773 8.0364463267817e-06 -0.0003111790218269 -0.00019940336398918 5.9688552725248e-06 -0.00030823604529271 0.39643410549548 0.0367695526217 4 5 4 4 0
49.014235127391 8.4169931206473 113.73290252686 -0.006778 0.015185 1.8970483267949 0.012710824703033 0.0042068095733803 0.010691625285282 0.0080592432412267 -0.0042161781273891 -0.14859775818288 -0.066601170689755 9.8091583709477 0.0006298929080968 -0.00019003592361925 9.8105099849197 4.9892157315002e-06 -0.00040940314456391 -0.0005566051095046 -3.4334406355086e-06 -0.00041314778572799 -0.00055383317167609 0.395216396421 0.0367695526217 4 5 4 4 0
49.014236536961 8.4169934130807 113.46829223633 -0.006721 0.015232 1.8977453267949 0.020283456499571 0.0071035374884428 0.0169271053656 0.013242054660747 -0.0091079783686829 -0.14784495252593 -0.070527783900629 9.8106047093996 0.0016464312826659 -0.0048322060343268 9.8119708754945 -0.00028710628565299 -7.5335685224275e-06 -0.00033481707061049 -0.00029218752630363 -9.7691498998335e-06 -0.00033035006178722 0.39643410549548 0.0367695526217 4 5 4 4 0
49.014234524869 8.4169931096045 113.85626983643 -0.006776 0.015236 1.8972883267949 0.012201512968646 0.0037248230126545 0.010362979855907 0.0074404399525513 -0.0028374092063978 -0.13966431737759 -0.063443892908117 9.8059456217453 0.0096877963156708 0.0030691386417711 9.8071400842356 0.00015914963356787 7.283809200448e-05 9.47807085232e-06 0.00015927636940744 7.2875087746669e-05 6.5733783276466e-06 0.39460993398545 0.0367695526217 4 5 4 4 0
49.014234432407 8.4169931179725 113.8776473999 -0.006814 0.015243 1.8972093267949 0.012369760867594 0.0038210760559424 0.01049122966509 0.0075858922709313 -0.0025997354050819 -0.14567505144134 -0.072454722402942 9.8092613956707 0.0037516834961242 -0.005964233579135 9.8106079276236 -0.000602969485755 0.00021898208788182 -0.0001207245468918 -0.00060477210282359 0.00021812104106788 -0.00011299649976157 0.39460993398545 0.0367695526217 4 5 4 4 0
49.014235949509 8.4169933284843 113.5885848999 -0.006725 0.015192 1.8969903267949 0.017012220538547 0.0064067949150506 0.014060865401455 0.011521932142701 -0.0063518691321748 -0.14277766259679 -0.066904178295376 9.8091692024887 0.0064653197762142 -0.00087177663931738 9.8104343821126 0.00020752305322323 -0.00027053939138305 -0.0004226411269804 0.00020110283951581 -0.00027335385304296 -0.00042395322339165 0.39582445604081 0.0367695526217 4 5 4 4 0
49.014236224004 8.4169933387217 113.53332519531 -0.006693 0.015209 1.8973843267949 0.018414857780788 0.0062282962668437 0.015442051504399 0.011808566750568 -0.0074671529420363 -0.14583404003903 -0.069455910788129 9.8058265228221 0.0033307576200426 -0.0035332974315268 9.8071558337506 0.00060973408538269 0.00013645776464719 0.00047923021720506 0.00061689570181041 0.00013967730467872 0.00046897896693691 0.39582445604081 0.0367695526217 4 5 4 4 0
49.014235841373 8.4169933128711 113.60541534424 -0.006766 0.015171 1.8969493267949 0.016348703271542 0.0066956969736371 0.013341188302593 0.011581265098871 -0.0061120165117582 -0.14968957959726 -0.074801395643186 9.8107374909551 -0.00067146931909981 -0.0087295871843309 9.8121607676606 -0.00040459639419371 -0.00019534105634797 -3.3658215179689e-05 -0.00040503753958668 -0.00019557756158714 -2.6202241762392e-05 0.39582445604081 0.0367695526217 4 5 4 4 0
49.014233820453 8.4169931470662 114.01741790771 -0.006743 0.015167 1.8966343267949 0.012516217599392 0.0055734609096913 0.010073144736937 0.0092871471661892 -0.0012865360774267 -0.14110741347927 -0.071773550155756 9.808424259982 0.0077443573933202 -0.0055884797693296 9.8096974257145 0.00015571659981151 -8.1716269446995e-05 0.00043528216782862 0.00016234653692943 -7.878831159247e-05 0.00043341966289549 0.39400507610943 0.0367695526217 4 5 4 4 0
49.014236620321 8.4169934440579 113.44927978516 -0.006703 0.015252 1.8977913267949 0.020617263786735 0.0071037629632848 0.017242434764192 0.013350416283855 -0.0096826121499839 -0.14236399387474 -0.070257388538249 9.8076775470276 0.007059214157973 -0.0047400318960885 9.8089586380293 -0.00028238075749697 0.00042664265684568 0.00014983711714838 -0.00028011234220779 0.00042762780781465 0.00015127317762354 0.39643410549548 0.0367695526217 4 5 4 4 0
49.014235778253 8.416993288969 113.61678314209 -0.006711 0.015226 1.8969193267949 0.015839769169241 0.0064208623826263 0.012947658624298 0.0111572418859 -0.006012939530465 -0.14321868880502 -0.063709048057186 9.8051153189512 0.0058257418722936 0.0022178425227675 9.8063662962705 0.00038843270080459 0.0005345192562384 -0.00051124973131064 0.00038053931358621 0.00053105083516993 -0.00052067140811844 0.39582445604081 0.0367695526217 4 5 4 4 0
49.014234263958 8.4169931167661 113.92095184326 -0.006769 0.015232 1.8972113267949 0.012281896693301 0.0043052771015266 0.010252728878735 0.0080163529678606 -0.0019954782053869 -0.1432738411073 -0.069190388374431 9.8111146233351 0.0059616537120376 -0.0027104399265889 9.8124024813125 0.00016448677765274 0.0003893888553553 -7.9833391120055e-05 0.00016322031931368 0.00038881956576051 -8.4966265255487e-05 0.39460993398545 0.0367695526217 4 5 4 4 0
49.014237274123 8.4169935732441 113.31806182861 -0.006723 0.015258 1.8979693267949 0.021293719633938 0.0073946651497872 0.017787276488564 0.013846168656341 -0.012149319549521 -0.14592192073591 -0.07042588698013 9.807433815749 0.0034693188771141 -0.0046370131363896 9.8087707901171 -0.00014649313734278 0.00046130693207278 -0.00096256536174047 -0.00016119872740305 0.00045485884787314 -0.000963265070939 0.39643410549548 0.0367695526217 4 5 4 4 0
49.014235488176 8.4169931799308 113.6736907959 -0.00676 0.015244 1.8971663267949 0.014613184815941 0.0049679639370923 0.012248884089587 0.0093909927338831 -0.0050995442692353 -0.14677393061264 -0.068903053404316 9.8096091889666 0.0026339374973371 -0.0025876698194936 9.8109484988879 0.00014321916188178 0.00032223428361468 -0.00027883008751522 0.00013889571867205 0.00032032684091841 -0.00028316124665945 0.39582445604081 0.0367695526217 4 5 4 4 0
49.014236409585 8.4169933576731 113.49629211426 -0.006724 0.015243 1.8977663267949 0.019709634295085 0.0064942635234082 0.016579618445744 0.012480438839041 -0.0085103858774305 -0.14295385314081 -0.066035773263698 9.8056290320777 0.0063816284028704 -0.00036028994789479 9.8068912752211 -0.00027481889812828 0.00034573424769925 0.00051761849400194 -0.00026698577893449 0.00034917083062071 0.00051939465613663 0.39643410549548 0.0367695526217 4 5 4 4 0
49.014234164606 8.4169931216625 113.9474029541 -0.00677 0.015212 1.8971793267949 0.012840645626742 0.0043631233938409 0.010763768404181 0.0082498722686546 -0.0017505799053635 -0.1439401512445 -0.070469485598319 9.8078538982142 0.0053841053097216 -0.0041832822123551 9.8091607777702 -0.00020171819402316 -0.00020846901929067 0.00081000423141647 -0.00018930294755805 -0.00020298241033091 0.00081436533829146 0.39460993398545 0.0367695526217 4 5 4 4 0
49.014236671832 8.4169934602844 113.43933105469 -0.006691 0.015245 1.8978383267949 0.021052685848427 0.0071661361189557 0.017633275117029 0.013551278742229 -0.009935949317532 -0.14474375654646 -0.066853812556584 9.8060008146327 0.0047930553785594 -0.0013210997008383 9.807295774341 -1.5000853377731e-05 0.00014500789318524 0.00028414652496281 -1.070058528888e-05 0.000146877785866 0.0002833756581214 0.39643410549548 0.0367695526217 4 5 4 4 0
49.01423707245 8.4169935269218 113.36508178711 -0.006662 0.01529 1.8981293267949 0.023269761934284 0.007048609519513 0.01976798894825 0.014155964529049 -0.011705817135447 -0.1486155032222 -0.068649349271856 9.807592265465 0.001296456366073 -0.0033145868746154 9.8089577749163 5.0820977095272e-05 0.00022071574933316 -0.00016556185082852 4.8288626763979e-05 0.000219577732062 -0.00016782298082582 0.39643410549548 0.0367695526217 4 5 4 4 0
49.014234350566 8.4169931177354 113.89872741699 -0.006777 0.015163 1.8971873267949 0.012286420394449 0.0041115235900685 0.010319156731531 0.00783426566464 -0.0023119013580072 -0.14126662327712 -0.066842986990478 9.8050686048361 0.0079236756858719 -0.00040665421874514 9.8063110044115 2.5622233371481e-05 -0.00087798336988905 -0.00045060544998226 1.8880682587851e-05 -0.00088101387171703 -0.00044498567716897 0.39460993398545 0.0367695526217 4 5 4 4 0
49.014235576305 8.4169932034952 113.65612030029 -0.006758 0.015206 1.8972003267949 0.015077684263628 0.0051975942764529 0.012615661160274 0.0097569051136579 -0.0054383806687114 -0.14471141452584 -0.070802052135803 9.8094435350394 0.0046178802986795 -0.0044701661477579 9.810764289788 0.00023689639761932 -0.0002385382554808 0.00043905174456238 0.00024356059923627 -0.00023556796380282 0.00043700965954076 0.39582445604081 0.0367695526217 4 5 4 4 0
49.014233898759 8.4169931497264 114.00302886963 -0.006792 0.015165 1.8967033267949 0.012540827768902 0.0052619777598997 0.010195333966853 0.0090008995177446 -0.0013908980050831 -0.14578444420729 -0.069178248130286 9.8070313665966 0.0031078022235575 -0.0030517045047515 9.8083581529187 -0.0008273127020184 -0.00025104653464523 -2.9340018510738e-05 -0.00082760743300823 -0.00025125766602907 -1.5113263157688e-05 0.39460993398545 0.0367695526217 4 5 4 4 0
49.01423685419 8.4169934815442 113.40719604492 -0.006695 0.015209 1.8981133267949 0.022304578685188 0.0072380689394074 0.018792751711635 0.014025564961268 -0.010945206361988 -0.14850908870456 -0.07293101151913 9.8075951601199 0.0010894898962913 -0.0074986394879862 9.8089876078607 -0.00026201346870415 -0.00060958542576934 -9.7675913165095e-05 -0.00026343995281409 -0.00061020601536171 -8.9600497370911e-05 0.39643410549548 0.0367695526217 4 5 4 4 0
49.014235322224 8.4169931476565 113.70275878906 -0.006748 0.015187 1.8971663267949 0.01336070477714 0.004291398702742 0.011279472070991 0.0083485329094284 -0.0044927569702228 -0.14229469378468 -0.069269914891045 9.8061572214988 0.0069622747344862 -0.0027958246083535 9.8074316847021 0.00064176295627411 -0.00052281532681442 9.8430210185423e-05 0.00064323938095035 -0.00052211479997994 9.2245663768841e-05 0.395216396421 0.0367695526217 4 5 4 4 0
49.01423490863 8.4169930970643 113.77350616455 -0.006775 0.01521 1.8970433267949 0.01212749268252 0.0036144231061024 0.010329697050372 0.0073100965258432 -0.0038367380378544 -0.14633239921608 -0.067580826238142 9.8073942512006 0.0028944009003943 -0.0010935681575293 9.8087182776438 9.9101354418793e-05 -9.6101669739469e-05 0.0010722582735025 0.00011542169460212 -8.8822740155978e-05 0.0010712450982951 0.395216396421 0.0367695526217 4 5 4 4 0
49.014236773122 8.4169934698428 113.42296600342 -0.00666 0.015262 1.8980643267949 0.021941956458563 0.0072773251475104 0.018437230733316 0.013945519975517 -0.010398901993599 -0.14035439139134 -0.066814970670327 9.810309672466 0.0092356691849505 -0.0014058764261994 9.8115366064855 0.00023958646047408 0.00042418171542837 0.00064630473804917 0.00024938696502246 0.00042845753561173 0.00063972115234309 0.39643410549548 0.0367695526217 4 5 4 4 0
49.014234639644 8.4169930995121 113.82974243164 -0.006801 0.015164 1.8970423267949 0.012183631656258 0.0035193661762269 0.010412947888152 0.0072386064114812 -0.0034084790409735 -0.14422166864765 -0.071976544238322 9.8096728522833 0.0050325905996147 -0.0052817825541141 9.8109941208115 -9.3391913597152e-06 -0.00079374851258634 0.00055799820023754 -7.8262474074563e-07 -0.00078994655370392 0.00056346629772671 0.395216396421 0.0367695526217 4 5 4 4 0
49.014236039639 8.4169933281537 113.57276916504 -0.006754 0.015222 1.8971373267949 0.017487272727635 0.0064220121698435 0.014504650765188 0.011690261234472 -0.0065851573868256 -0.14786793572662 -0.070505308167777 9.8064088073731 0.0013036239338693 -0.0044582281435274 9.8077760490848 -0.00026220731316266 0.00029719875540141 0.00020159181812861 -0.00025915960982205 0.00029854631376635 0.00020353221169157 0.39582445604081 0.0367695526217 4 5 4 4 0
49.01423458166 8.4169931102174 113.84301757812 -0.006795 0.015224 1.8971203267949 0.012009128193758 0.0038149538919058 0.010152941985888 0.007462620682311 -0.0029600581756091 -0.14699820427998 -0.073355062810134 9.8086365867709 0.0023270763343139 -0.0067430355076114 9.8100097327158 -5.5106180632218e-05 2.9739588372814e-05 0.00063709539549753 -4.5420592089728e-05 3.4054312024428e-05 0.00063766295669538 0.39460993398545 0.0367695526217 4 5 4 4 0
49.014237138257 8.4169935214153 113.35311126709 -0.006648 0.01532 1.8980693267949 0.023038215337073 0.0070253852480805 0.019556786254471 0.014058711024404 -0.011848160559303 -0.14299687025773 -0.067366664052148 9.8064628865238 0.0068261887758075 -0.0020694125929362 9.8077339095715 0.00026564919979685 0.00073419813384649 -0.0004198222436509 0.00025909975715682 0.00073140460395824 -0.00042873101779478 0.39643410549548 0.0367695526217 4 5 4 4 0
49.014234751011 8.4169930954503 113.80605316162 -0.006804 0.015248 1.8971333267949 0.012333215163498 0.0034759726039977 0.010568631778133 0.0072453153897533 -0.0037887237082808 -0.14904973814411 -0.070167741798183 9.8040996505649 0.00036872638306846 -0.0036399159247653 9.80548299248 -0.00027279446088504 0.00015902855794455 0.00139381426126 -0.00025152559433833 0.00016849449732924 0.001396696855592 0.395216396421 0.0367695526217 4 5 4 4 0
49.014234956514 8.41699309893 113.76425933838 -0.00683 0.015216 1.8970093267949 0.012068367497485 0.0036128701302931 0.010273987594345 0.0072899575327107 -0.0039034160299482 -0.14322954650805 -0.070517851402144 9.8119593928275 0.00595061786568 -0.0038489686724309 9.8132555618753 -0.00056033858912531 0.00022924187155015 0.00047415199159144 -0.00055313288664955 0.00023248491257809 0.00048105078773266 0.395216396421 0.0367695526217 4 5 4 4 0
49.014234071284 8.4169931309352 113.96851348877 -0.006751 0.015209 1.8969783267949 0.012911572792024 0.004832070277707 0.01068178331595 0.0087153663627071 -0.0014453713336915 -0.14918070605114 -0.06989527670633 9.811036357345 7.4143462032307e-05 -0.0037531895040871 9.8124188973062 -0.00014030897227129 8.7855144911597e-07 -6.2386246407361e-05 -0.00014124877990101 4.4539624608614e-07 -6.0278030638328e-05 0.39460993398545 0.0367695526217 4 5 4 4 0
49.014234223243 8.4169931064056 113.93392181396 -0.00676 0.015219 1.8972873267949 0.012571149490295 0.0040672356393149 0.010602963910529 0.0078837424977339 -0.0017058780655099 -0.14115166153884 -0.069223354098734 9.8090783984547 0.0082715820762995 -0.002878006147254 9.8103343235009 0.00011772917779184 -0.00027420598978186 0.00050448407602986 0.00012543142539056 -0.0002708109842311 0.00050446874492213 0.39460993398545 0.0367695526217 4 5 4 4 0
49.014235227798 8.4169931374686 113.71617126465 -0.006788 0.015231 1.8971543267949 0.013112825563856 0.0043925375639282 0.011012367496316 0.0083647076959236 -0.004321331815937 -0.14539064058609 -0.071959334151271 9.8098215379771 0.0038584857406875 -0.0054470190409317 9.8111606803251 -4.4286561664395e-05 0.00038294502884297 0.00035520760043825 -3.887130436873e-05 0.00038536250522225 0.00035320297824764 0.395216396421 0.0367695526217 4 5 4 4 0
49.014235042538 8.4169931068961 113.74764251709 -0.006756 0.015223 1.8970623267949 0.012300084015734 0.003712823667662 0.010461031573415 0.0074594812249798 -0.0041313195222785 -0.14275987929793 -0.065082552287552 9.8053993132913 0.0062304265742949 0.0012154486038296 9.8066528520854 0.00018797235452682 0.00055141001540917 0.00020096352123682 0.00019091333167983 0.00055277189061652 0.00019442581780727 0.395216396421 0.0367695526217 4 5 4 4 0
49.014236327609 8.4169933414018 113.51335906982 -0.006719 0.015173 1.8976013267949 0.0191404678792 0.0060949387712517 0.016170476709183 0.011917260654341 -0.0079692279776925 -0.14218196105407 -0.071257102029226 9.8097880529027 0.007196209699991 -0.0054488205644599 9.8110730197419 -7.2016556847087e-05 -0.00084199213054686 0.00060571239060112 -6.2764534641026e-05 -0.00083788416250458 0.00061231822642522 0.39643410549548 0.0367695526217 4 5 4 4 0
49.014234837911 8.4169931041411 113.78597259521 -0.006794 0.015263 1.8970063267949 0.012396626242301 0.0036694865828436 0.010567059728554 0.0074484024306627 -0.0039021878347351 -0.14442314435617 -0.066698397032008 9.8135631445841 0.0051195316259486 -0.00014388547201203 9.8148513086371 -0.00017338691755529 0.00044453921426785 -2.6980740188238e-05 -0.00017386092706254 0.0004443249387381 -2.7345565425237e-05 0.395216396421 0.0367695526217 4 5 4 4 0
49.014236174326 8.4169933366397 113.54487609863 -0.00671 0.0152 1.8973003267949 0.017911669644472 0.0065138016760564 0.014875648981768 0.01191525020366 -0.0070922796515023 -0.14393368170832 -0.066252120049149 9.8096514402225 0.0051220656247032 -0.00041413371918373 9.8109296221383 9.7757052134303e-05 0.00018356890656451 0.00042548170287664 0.00010416359922938 0.00018638943866438 0.00042267541826502 0.39582445604081 0.0367695526217 4 5 4 4 0
49.014235706008 8.4169932558879 113.63075256348 -0.006761 0.015211 1.8970053267949 0.01539050627153 0.0058680235342323 0.012698598801663 0.010490340515806 -0.0058561352465274 -0.14415235914868 -0.071377710839702 9.8096576786093 0.0049677779901651 -0.0052573628605792 9.8109740124983 -0.00020428214273151 0.00022540046710625 -0.00032289088405157 -0.00020921470700155 0.00022321197343791 -0.00032123430216204 0.39582445604081 0.0367695526217 4 5 4 4 0
49.014233961178 8.4169931497335 113.99038696289 -0.006705 0.015174 1.8967473267949 0.012603778972993 0.0051157034329883 0.010301070768242 0.0088833685934657 -0.001339023619429 -0.14984819735082 -0.064663122389135 9.8113195489635 -0.00061299094773041 0.0013637646939281 9.8126769559784 0.00042830261064655 -0.00054516357454617 0.00076696150880966 0.00043997291008122 -0.0005399978476742 0.00076399313058326 0.39460993398545 0.0367695526217 4 5 4 4 0
