49.014242282098 8.4169761993519 115.48661804199 -0.00711 0.014962 1.9657633267949 0.018873329929278 0.00020598801032449 0.017341211123778 0.0074516330581544 -0.012392519139088 -0.14246542673437 -0.069038844349037 9.8118233557083 0.0043791200957736 0.00063210941449704 9.8130992088205 -0.00019015535259603 6.4384215999309e-06 0.00059764110098336 -0.00018120783650857 1.0677697027126e-05 0.00060035144558529 0.38710463701692 0.0367695526217 4 5 4 4 0
49.014242561766 8.416977192723 115.56764984131 -0.007076 0.01505 1.9651513267949 0.020306768156581 0.0030410061638354 0.017577140992891 0.010613966466646 -0.013293844966692 -0.14361262080886 -0.07087889475904 9.8084621675073 0.0039672114914886 -0.0015610129852902 9.8097684715356 -0.00013130520459004 -8.3694127005194e-06 -0.00023050679238989 -0.00013473548515356 -1.0008041555719e-05 -0.00022841871062333 0.38791880593753 0.0367695526217 4 5 4 4 0
49.014242287673 8.4169761118357 115.48685455322 -0.007079 0.014973 1.9656873267949 0.019156649062464 -0.00069521171713404 0.017949894396533 0.0067276557630215 -0.01211651208344 -0.14372418441952 -0.067668033041981 9.8087939588207 0.003241479629908 0.0019831084641269 9.8100794968883 0.00036457471792913 -3.611754348018e-05 -0.00033280641343186 0.00035956238214575 -3.8490134098947e-05 -0.0003379574093076 0.38710463701692 0.0367695526217 4 5 4 4 0
49.014242278359 8.4169764259911 115.48616790771 -0.007096 0.014978 1.9656743267949 0.018154035437068 0.0016945440259712 0.016104921503955 0.0085482336217138 -0.013313183017035 -0.14346906929001 -0.072808456926449 9.8050391817343 0.0032680721018462 -0.0033317187194171 9.806358038427 -0.00018134222064946 0.0002596985706724 2.2750413888436e-05 -0.00018100523223176 0.00025985241584685 2.3614082294193e-05 0.38710463701692 0.0367695526217 4 5 4 4 0
49.014242685962 8.416977285081 115.55939483643 -0.007035 0.015104 1.9642493267949 0.022316219555202 0.0027219373383355 0.019567423293423 0.011069678265149 -0.015322025253681 -0.14516425017413 -0.072958479099866 9.8085199693982 0.0027733330460432 -0.0037165776830004 9.8098642174335 0.00045756025227796 0.00037351328879362 0.00010725785127153 0.00045909739299079 0.00037427512799788 9.7678049793468e-05 0.38791880593753 0.0367695526217 4 5 4 4 0
49.014242257385 8.4169767947227 115.5200881958 -0.007036 0.014966 1.9665043267949 0.016673148069709 0.0039562069567907 0.013859169538897 0.01007812226967 -0.012888852531657 -0.13940067573152 -0.069751465738433 9.806599686427 0.0072986425562076 -0.00047684742065507 9.8078358419128 0.00053041460028302 0.00014158262509635 -0.00082616449742892 0.00051795593723102 0.00013577440438185 -0.00083498322134307 0.38849967824955 0.0367695526217 4 5 4 4 0
49.014242894342 8.4169776711687 115.58115386963 -0.007079 0.015003 1.9652333267949 0.024249443820858 0.0041909872274009 0.020778455834757 0.013185379323909 -0.016040498014115 -0.14276680353737 -0.067975368053186 9.8052606256309 0.0045894597384207 0.0012883090507649 9.8065344435516 -0.00027866739972945 -0.00035205590605613 -5.8701210508004e-05 -0.00027950583075717 -0.00035247224290713 -5.2038270163995e-05 0.38791880593753 0.0367695526217 4 5 4 4 0
49.014242919578 8.4169777220488 115.5813369751 -0.007053 0.015037 1.9653763267949 0.024214141390946 0.0043683676868038 0.020674995068361 0.013339842248623 -0.016059749203381 -0.14305819993055 -0.062597543938609 9.8109366644279 0.0044561847233028 0.0066908361325767 9.8121760490459 0.00014553376864542 8.3507663816368e-05 0.0005345958903945 0.0001535574966962 8.7272220200438e-05 0.00053174497561822 0.38791880593753 0.0367695526217 4 5 4 4 0
49.014242435623 8.4169770526757 115.53681945801 -0.007082 0.015036 1.9650083267949 0.018834602748896 0.0045228926535956 0.015651094753231 0.011412348271464 -0.01374377115123 -0.1455053463835 -0.065878023279602 9.8055479026237 0.0016905951092758 0.0033185188799397 9.8068482549529 -0.00039032201800397 0.00042163075135391 -0.0013780076617045 -0.00041100082558705 0.00041193150225905 -0.0013749621774941 0.38849967824955 0.0367695526217 4 5 4 4 0
49.014242345873 8.4169769248196 115.52684783936 -0.007049 0.015052 1.9657473267949 0.017512538747485 0.0045796503024012 0.014399689098689 0.010968630652047 -0.013318144137423 -0.14376839734986 -0.070824138426512 9.8082295442914 0.0032789777024197 -0.0015890448157573 9.8095380096227 0.00021793631419089 0.00094255566924551 -0.00011754653864412 0.00021601507546142 0.00094171529798273 -0.0001274761548061 0.38849967824955 0.0367695526217 4 5 4 4 0
49.014242455149 8.4169770728635 115.54383850098 -0.007041 0.01505 1.9650733267949 0.019095833040193 0.0043151185528362 0.015972872150673 0.011319815006605 -0.013715367304248 -0.14648081728555 -0.072696435952963 9.803371446611 0.00086170763272965 -0.0036326698920933 9.8047343883667 0.0001719895582209 0.00032466903313295 -0.00037639146976055 0.00016626138258147 0.00032203372572887 -0.00038119365523318 0.38791880593753 0.0367695526217 4 5 4 4 0
49.014242247147 8.416976718066 115.51049041748 -0.007116 0.014957 1.9665803267949 0.016711984922035 0.0036999185050696 0.013994443907313 0.0098556841152187 -0.012913331537302 -0.14832195700554 -0.071639759742036 9.8031385572627 -0.0017940283939467 -0.0021569119883762 9.8045221283161 -0.00046855545025083 0.00022436291432492 0.0003490245649701 -0.00046329919604516 0.00022688313635763 0.00035439241308552 0.38849967824955 0.0367695526217 4 5 4 4 0
49.014242470112 8.4169770908771 115.5477142334 -0.007056 0.015067 1.9652623267949 0.019404127604233 0.0040502126373539 0.016358310600918 0.011195104243058 -0.013645212949017 -0.14516459128067 -0.071788775480174 9.8056749632039 0.0021400299496843 -0.002545571822573 9.8070118842763 0.00017298445263119 0.0007793912937433 0.00060540535522142 0.00018201909057831 0.0007836929928527 0.00059724527412291 0.38791880593753 0.0367695526217 4 5 4 4 0
49.014242972679 8.4169778487807 115.58995819092 -0.007051 0.015004 1.9655593267949 0.024464707028265 0.0052881708425417 0.020551240407827 0.014287473692014 -0.016383834030963 -0.14003676464798 -0.070654192075604 9.8046304017944 0.0072160464728326 -0.0015516007476237 9.805882054588 -5.1707836561803e-05 -0.00016729095768521 -0.00017402947167751 -5.4281126738433e-05 -0.00016851551801507 -0.00017203322026336 0.38791880593753 0.0367695526217 4 5 4 4 0
49.014242310063 8.4169759747017 115.48472595215 -0.007147 0.014972 1.9657413267949 0.019633074541619 -0.0013740138197417 0.0186509132176 0.0062839062033601 -0.011979900957947 -0.1511486231731 -0.068655307200901 9.8098020451276 -0.0041034411361559 0.0011211413961566 9.811205832358 -0.00063910333464262 -0.00019186566596856 0.00089752864426324 -0.00062556555504683 -0.00018545751518263 0.00090835432051261 0.38710463701692 0.0367695526217 4 5 4 4 0
49.01424252088 8.4169771662197 115.57034301758 -0.007119 0.015003 1.9655823267949 0.019710799430322 0.0031563173208493 0.016980823523251 0.010494286197864 -0.013106598999995 -0.14430361195317 -0.067957307832445 9.8105154619488 0.0030904576254719 0.0015171068842773 9.8118115588032 -0.00055272403218045 -0.00039835612844954 -0.00018758505161222 -0.00055544167721461 -0.00039970239321585 -0.00017641255379573 0.38791880593753 0.0367695526217 4 5 4 4 0
49.014242273281 8.4169768487088 115.52366638184 -0.007058 0.014952 1.9665293267949 0.01665871051796 0.0041470218943709 0.01377256647675 0.010248259565709 -0.012867760999119 -0.14788306179858 -0.069478467718989 9.8076705856512 -0.0012741939499685 -0.00022401851229315 9.8090314275552 6.1977171577263e-05 5.3325493682237e-05 0.00057098163369906 7.0499141720541e-05 5.7364301059987e-05 0.00056960455714643 0.38849967824955 0.0367695526217 4 5 4 4 0
49.014242986855 8.4169779494831 115.60217285156 -0.007079 0.014941 1.9666123267949 0.024103269158516 0.0060226660610357 0.019922807703013 0.014843159773385 -0.015879921161829 -0.14334245500543 -0.066882730892487 9.8077840053923 0.0034723700132311 0.0022934449908846 9.8090585816536 -0.00041915193383892 -0.00036702017335399 0.00012160328244375 -0.00041727674417636 -0.0003661023261806 0.0001304460536512 0.38791880593753 0.0367695526217 4 5 4 4 0
49.01424224518 8.4169766696731 115.50570678711 -0.007057 0.014931 1.9664183267949 0.016937232002982 0.0032582172514998 0.014373835522028 0.0095329471210877 -0.013152767084442 -0.14663846571386 -0.068705778551362 9.8116152439853 0.00014989038255467 0.00079585306291166 9.8129518593898 0.00048880012317893 -0.00043211733265655 -0.00040114910822442 0.00048278797817709 -0.00043493936965746 -0.00040530855486234 0.38849967824955 0.0367695526217 4 5 4 4 0
49.014242273207 8.4169763609092 115.48532104492 -0.007081 0.014933 1.9657473267949 0.018202510201081 0.0011556047082854 0.01635644557559 0.0080705273707984 -0.01290796314211 -0.14534200886379 -0.063853941540571 9.8107474831464 0.0013511817570134 0.0057044751311968 9.812030186664 0.00013695650534903 -0.00029679955354351 0.0005829836349378 0.0001456750748691 -0.00029265759152279 0.00058293823414636 0.38710463701692 0.0367695526217 4 5 4 4 0
49.014242957727 8.4169777989312 115.58447265625 -0.007073 0.015066 1.9652053267949 0.024392647383226 0.0048360544327703 0.020660608921548 0.013839372032983 -0.016454416302838 -0.14485558226889 -0.071611154348801 9.8074684887376 0.0026287007007112 -0.0022674598731217 9.8087990305664 -8.3303709003922e-05 0.00055537641462367 -0.00048742442092715 -9.0667296309673e-05 0.00055190743644536 -0.00049002963687921 0.38791880593753 0.0367695526217 4 5 4 4 0
49.01424250246 8.4169771428815 115.56209564209 -0.007054 0.015013 1.9655023267949 0.01972061574625 0.0035115798739249 0.016854561784663 0.010823956671342 -0.013318049481625 -0.14579437373666 -0.067954723988732 9.8087383189679 0.0015320762337149 0.0014059566592927 9.8100569579124 0.00040109066702963 -0.00013822812927677 0.00035934641609342 0.00040647410175246 -0.00013571235190459 0.00035425587662952 0.38791880593753 0.0367695526217 4 5 4 4 0
49.014242974478 8.4169781175515 115.61960601807 -0.007063 0.014954 1.9689933267949 0.022385250371419 0.006964541367971 0.017939102796772 0.015092632703332 -0.015308357280557 -0.14736954234055 -0.071031030174614 9.805956863191 -0.00079400069876695 -0.0017438081402035 9.8073212541087 7.6062683582279e-05 0.00022206558091428 0.00092343645770889 8.9805876953159e-05 0.00022859276471807 0.00092060711272851 0.38791880593753 0.0367695526217 4 4 4 4 0
49.014242266989 8.4169765207382 115.49377441406 -0.007055 0.014963 1.9659583267949 0.017938168363763 0.002294179560179 0.015673477578395 0.0090212059273445 -0.013330324659723 -0.13975307648342 -0.068497068903138 9.8080315407067 0.0071734516068669 0.00087327205096779 9.8092637088332 0.00034341372949856 -0.00021574420111186 -7.7677460386694e-05 0.00034223883288665 -0.00021628034297564 -8.1290624304042e-05 0.38710463701692 0.0367695526217 4 5 4 4 0
49.014242605276 8.4169772171521 115.56295776367 -0.007038 0.015017 1.9647093267949 0.021092486424021 0.0029786947656749 0.018331364089551 0.010850126963437 -0.014029342302514 -0.14297494443691 -0.067949977553233 9.8092564985914 0.0045893111573062 0.0012557198338775 9.8105325747503 0.00031880450025445 -0.00054229011867457 -7.6804388660723e-05 0.000317656431492 -0.00054280336601101 -7.7754712097871e-05 0.38791880593753 0.0367695526217 4 5 4 4 0
49.014242779189 8.4169773853002 115.56748962402 -0.007058 0.015092 1.9644533267949 0.023295074913618 0.0024339774623965 0.020577731419746 0.011186679674184 -0.015825611240501 -0.14589064230557 -0.072032363179447 9.8063184531366 0.0021252607908692 -0.0026952143141858 9.8076676082475 0.00019911566021862 -8.7561324439656e-05 -6.1929534359399e-05 0.0001981719392885 -8.7996050884723e-05 -6.4295173691924e-05 0.38791880593753 0.0367695526217 4 5 4 4 0
49.014242251523 8.4169765940051 115.49984741211 -0.007103 0.014974 1.9662733267949 0.017403541774132 0.0027552424185493 0.014999972054312 0.0092451884005412 -0.013200143509182 -0.14617004211646 -0.06769166113331 9.8067327869255 0.00063261975805402 0.0017343217979885 9.8080554132297 -0.00040043706828771 0.00019707061944024 -0.0003374730236244 -0.00040544445160304 0.00019464787153916 -0.00033284501629888 0.38710463701692 0.0367695526217 4 5 4 4 0
49.014242860407 8.4169775635736 115.57688903809 -0.007061 0.01504 1.9647713267949 0.024309275668785 0.0033389865385049 0.021167363562354 0.012410951921734 -0.01599866974333 -0.14557291737227 -0.068036527212382 9.8063927003168 0.0020933286469853 0.0011895605513036 9.8077088472974 -1.8985671078966e-05 -0.00021244226922831 -0.00034091951180621 -2.4091333874989e-05 -0.00021484989497484 -0.00033910634016969 0.38791880593753 0.0367695526217 4 5 4 4 0
49.014242411784 8.4169770111677 115.53476715088 -0.007087 0.015022 1.9652413267949 0.018456299133238 0.004480925672152 0.015315757670439 0.011231248142059 -0.013581431815955 -0.14735352923302 -0.070536699908092 9.8114291893024 -9.2362092783299e-05 -0.0012285421351013 9.812789108785 -0.00037253736271482 0.00017782464289561 0.00017381467773458 -0.00036991566539058 0.0001790347377231 0.00017814270395536 0.38849967824955 0.0367695526217 4 5 4 4 0
49.014242875706 8.4169776086548 115.58017730713 -0.007077 0.015043 1.9650683267949 0.024197636098292 0.0037794868888321 0.020890904606388 0.012781938974931 -0.015936911042275 -0.14172782669268 -0.075661261344592 9.805620563095 0.0056961669756556 -0.0062711580244048 9.8069329312482 2.0484404823074e-07 0.00022476309316587 0.00030154783424017 4.7272719518901e-06 0.0002268779214302 0.00029989808335917 0.38791880593753 0.0367695526217 4 5 4 4 0
49.0142422703 8.4169762982198 115.48642730713 -0.007089 0.014956 1.9657363267949 0.01860213217026 0.0007913437902184 0.016865638386415 0.0078876871419006 -0.012758373162903 -0.14696032150581 -0.068690971706171 9.8096827961747 -0.00022794800982256 0.00084807077191254 9.8110241432218 -3.5144350219621e-06 6.8036651777396e-05 -0.0003159943601291 -8.2318659371205e-06 6.5781718443476e-05 -0.00031638943729283 0.38710463701692 0.0367695526217 4 5 4 4 0
49.01424284743 8.4169775153395 115.57220458984 -0.007062 0.015064 1.9645063267949 0.024382288299609 0.0031864852136813 0.021296345750244 0.01229287838417 -0.016098248662151 -0.1489311220984 -0.068926173824949 9.8100388537157 -0.00091370863888947 0.00037059182356853 9.8114113578028 -2.3035508092999e-05 -0.00033002099685251 0.0007298896245348 -1.1998383965358e-05 -0.00032483876042466 0.00073245901718884 0.38791880593753 0.0367695526217 4 5 4 4 0
49.014242732638 8.4169773451756 115.56694030762 -0.007055 0.015089 1.9647593267949 0.022861212467564 0.002517799827079 0.020144119926435 0.011099070169035 -0.015439438262884 -0.14275924765612 -0.066766266792928 9.8043753547901 0.0051970730521912 0.0025410500479196 9.80564012611 0.00026585229027378 -2.8704201739295e-05 0.00062862150292069 0.00027532558942421 -2.422620151804e-05 0.00062471590839745 0.38791880593753 0.0367695526217 4 5 4 4 0
49.01424298614 8.4169780161575 115.60650634766 -0.007068 0.014968 1.9673043267949 0.023579019221332 0.0065396506155864 0.01922941301487 0.015131404488612 -0.015738726408595 -0.15027649185686 -0.071047822991382 9.8075785917102 -0.0033637691882379 -0.0017933099421253 9.8089864383749 -9.2655526490721e-05 -6.8803491366483e-05 0.0006103542523646 -8.3506466318576e-05 -6.4470655632364e-05 0.00061217002824446 0.38791880593753 0.0367695526217 4 4 4 4 0
49.014242985161 8.4169779094275 115.59655761719 -0.007018 0.014975 1.9660253267949 0.024363509365085 0.0057531394101648 0.020273854661156 0.014684943048167 -0.016175029157462 -0.14480730530947 -0.069527632691648 9.811269325669 0.0023961246868219 -0.00033978919134068 9.8125840058316 0.00060530047428666 -0.00037898665769951 0.00030949089993748 0.00060993078505486 -0.00037678557642337 0.00030306061248672 0.38791880593753 0.0367695526217 4 5 4 4 0
49.014242653111 8.4169772488944 115.55785369873 -0.007062 0.01505 1.9643013267949 0.021758370319273 0.002700042720145 0.019057963925084 0.010840156493963 -0.014738491066583 -0.1510782749866 -0.068084927440892 9.8097597295962 -0.0032252664894892 0.0011610582936316 9.8111586305534 -3.7748251034352e-05 -0.00044287558374291 -0.00010565941706818 -3.9287424840402e-05 -0.00044362941219861 -0.00010193742924979 0.38791880593753 0.0367695526217 4 5 4 4 0
49.014242703425 8.416977319378 115.56616973877 -0.007052 0.015133 1.9647443267949 0.022612804621112 0.0027620701076555 0.019822938133207 0.011225828000179 -0.015332196374656 -0.14536736975811 -0.070768573534053 9.8072249320012 0.0026442653783566 -0.0015372056520576 9.8085569635416 0.00017432947377886 0.00075718759750214 0.0015504272325424 0.00019764069294986 0.00076811597249823 0.0015422456437743 0.38791880593753 0.0367695526217 4 5 4 4 0
49.014242308426 8.4169769033715 115.52645874023 -0.007034 0.01493 1.9660723267949 0.016987593913509 0.0044535992248828 0.013959947001893 0.010655175604063 -0.013001572098182 -0.14177793074345 -0.0688558135357 9.8102449034334 0.0050661289336503 0.00037242512003647 9.8115093623009 0.00043777747012767 -0.00076118879657059 -0.0011496175943153 0.00042065665658636 -0.00076928974866854 -0.0011506557318356 0.38849967824955 0.0367695526217 4 5 4 4 0
49.014242819962 8.4169774287887 115.5685043335 -0.007085 0.015102 1.9642953267949 0.024075558608147 0.0027040055848451 0.021197828107586 0.01173016980719 -0.01586251473203 -0.14520296249992 -0.067584439522566 9.8083528892366 0.002814609664945 0.0017399992220023 9.8096600301028 -0.00035159378871076 0.00018812815881094 0.00071893650782658 -0.00034070341812829 0.00019322487280208 0.00072280355570115 0.38791880593753 0.0367695526217 4 5 4 4 0
49.014242379221 8.4169769505478 115.52801513672 -0.00702 0.014978 1.9654853267949 0.018026525201558 0.0044771545047621 0.014917210675481 0.011066905260157 -0.01344339091736 -0.1414105246563 -0.067397703220998 9.8047669473099 0.00555038617346 0.0017536107334511 9.8060164864782 0.0006004999429107 -0.00027316119287114 0.00032487062398439 0.00060527771591242 -0.00027086628875874 0.00031777031012845 0.38849967824955 0.0367695526217 4 5 4 4 0
49.014242482088 8.4169771170726 115.55444335938 -0.007054 0.015033 1.9654783267949 0.019584440906962 0.0039226205120165 0.016571617675135 0.011149848015473 -0.013434501165126 -0.14573617375331 -0.069310951773933 9.8087544147361 0.0015854270985043 -9.651567645725e-05 9.8100819487361 0.00012494085599825 0.00022654208501631 0.0011091497899376 0.00014161273633088 0.00023432630041844 0.0011055270540806 0.38791880593753 0.0367695526217 4 5 4 4 0
49.01424297468 8.4169780667086 115.61752319336 -0.00707 0.014938 1.9683413267949 0.022900662710183 0.0067694159323944 0.018501194318472 0.015098534153728 -0.015329994660328 -0.14546533889103 -0.069869348847121 9.8066214218107 0.0012785184463641 -0.00059297707005139 9.8079491468955 -1.8765545829125e-05 -0.00031776914214315 0.00050348490064637 -1.1236253369441e-05 -0.00031417678933133 0.00050594752402307 0.38791880593753 0.0367695526217 4 4 4 4 0
