49.014216932459 8.4170537298113 114.2515411377 -0.00623 0.014117 2.1299123267949 0.0019702019984374 0.00043539234201048 0.0014391649816966 0.0014142377846033 -0.010235976102249 -0.13843279636376 -0.064201224008065 9.8059296202811 0.00012235651557885 -0.0030242381405307 9.8071166495783 0.00020090557212508 -0.00022037494898518 -0.00092012196225792 0.00018796365039531 -0.00022608103681013 -0.00092155792852999 1.5724554047731 0.094752308678997 4 9 4 0 0
49.014216721267 8.4170550878731 114.41620635986 -0.006325 0.014285 2.1284843267949 0.0035159542980811 -0.0026268047810885 0.0043733825406501 -0.00036818031730101 -0.010040626603012 -0.14269388732001 -0.058359197530919 9.8107523975182 -0.0024756280674068 0.0038923141264136 9.81196257441 0.00039324755403707 -0.00013077232783332 0.00056048165601135 0.00040122861074949 -0.00012721223485493 0.00055562252343808 1.567038608331 0.094752308678997 4 9 4 0 0
49.014216958647 8.4170535766857 114.23657226562 -0.00624 0.014162 2.1301183267949 0.0016352775022162 0.0012549007591263 0.00072015706670667 0.0019313910187349 -0.0097809872590464 -0.13690075646379 -0.063890178770673 9.807540084669 0.0015286301566477 -0.0025420793424605 9.8087031015378 0.00030667156294371 0.00083834345454869 -0.00055168696868339 0.00029874318558462 0.00083488498625089 -0.00056117640409503 1.5724554047731 0.094752308678997 4 9 4 0 0
49.014216953081 8.4170536217321 114.24144744873 -0.006259 0.014126 2.1301643267949 0.0017104114344942 0.0009120538676147 0.00096575820269099 0.0016806682250994 -0.0098189573149576 -0.14271946100391 -0.065482243424414 9.8078348586487 -0.004242747265426 -0.0038181566796845 9.8090900085667 0.00054447637425633 0.00011916281907778 0.00020697004202893 0.000547325067997 0.00012042055507121 0.00019848391545257 1.5724554047731 0.094752308678997 4 9 4 0 0
49.014216804475 8.4170545318101 114.36328125 -0.006368 0.014204 2.1290113267949 0.0046148388488739 -0.0032292261514984 0.0056247404403149 -0.00029491126770596 -0.010317709379227 -0.14359606564557 -0.057872309254244 9.8082837890867 -0.0038868593929354 0.0042818559143378 9.8095038106712 -0.00052383015673551 -0.00071005066131359 0.00080630343003217 -0.00051220533969902 -0.00070491697700626 0.00081817169915579 1.5690458884303 0.094752308678997 4 9 4 0 0
49.014216965138 8.4170534001371 114.21578216553 -0.006181 0.014087 2.1303663267949 0.0013584395071923 0.002882737922514 -0.00037885215832549 0.0031641714764685 -0.01003367146136 -0.14452664167365 -0.063110866592691 9.8087094280917 -0.0064305725299049 -0.0025317598401995 9.8099746864815 -5.1756052745969e-05 0.00013419478386239 0.00070150057494912 -4.1880775703607e-05 0.00013854514477673 0.00070131262223199 1.5738570456048 0.094752308678997 4 9 4 0 0
49.014216966024 8.4170532754989 114.20030975342 -0.006118 0.014111 2.1305463267949 0.0011856576113038 0.0042426423007982 -0.0012481195908254 0.0042246876681483 -0.0097972276142155 -0.13960368334878 -0.06198480314893 9.8085585188732 -0.0013211337393125 -0.002234144052463 9.8097477936813 -0.00041349237729411 0.00022209870634461 -0.00037043707806369 -0.00041867629851012 0.00021980728064101 -0.00036590821919337 1.5758657937781 0.094752308678997 4 9 4 0 0
49.014216886257 8.4170539641443 114.28635406494 -0.006236 0.014129 2.1296773267949 0.0030565984187886 -0.00077510405396283 0.0030025491251347 0.00096347105770495 -0.010149066624804 -0.14066853279067 -0.067608295456585 9.8087633658351 -0.0021315722563999 -0.0059984663373176 9.81000301688 0.00082786579325405 8.7629146122675e-05 0.00052878714092497 0.00083526425476705 9.0959948229988e-05 0.0005164524583466 1.5710537864758 0.094752308678997 4 9 4 0 0
49.014216956688 8.4170536026104 114.23959350586 -0.006277 0.014083 2.1301093267949 0.0017114732800173 0.0013018814085266 0.00075987179669529 0.0020116271137764 -0.010237190658478 -0.13571576615785 -0.063153026395467 9.8046677934861 0.0027188288996776 -0.0016416673854655 9.8058099945496 -1.1899173907089e-05 -0.00064410020216998 -0.00018850667418253 -1.4489689136009e-05 -0.00064526955022551 -0.00018427600445363 1.5724554047731 0.094752308678997 4 9 4 0 0
49.01421689296 8.417053925644 114.28077697754 -0.006294 0.014178 2.1297603267949 0.0024405245855085 -0.00086113523560628 0.0025257884768624 0.00056399154568886 -0.010205965351235 -0.14417600346372 -0.065261446761788 9.8062169913045 -0.0053714863128878 -0.003579250242756 9.8074919283566 -5.0748728410639e-05 0.00040337720028181 0.0011784893988604 -3.4070737373093e-05 0.0004108084023623 0.0011765155056784 1.5710537864758 0.094047860156412 4 9 4 0 0
49.014216713338 8.4170551195813 114.41839599609 -0.006355 0.014261 2.1284633267949 0.0037126682978439 -0.0029922899572922 0.0047336897641881 -0.00057432931874762 -0.0099559765758304 -0.13671558722775 -0.064608016720144 9.808455432178 0.0034467800900063 -0.0021209714151734 9.80962013076 0.00030372311209216 -0.00050222421800315 0.00073106570179947 0.00031419199099001 -0.00049758633490961 0.00072984555821297 1.5662429568876 0.094752308678997 4 9 4 0 0
49.01421694459 8.4170536693139 114.2456741333 -0.00626 0.014131 2.1300663267949 0.0018376415055774 0.00090076385642542 0.0010798150629785 0.0017384699834007 -0.010316034427123 -0.14177715013482 -0.062030327309231 9.8069273749879 -0.0032397237433367 -0.0006921514079453 9.8081477947308 -6.5944214995387e-05 8.0613504254653e-05 0.00074062103495155 -5.5489044315557e-05 8.5269936228261e-05 0.00074095718264988 1.5724554047731 0.094752308678997 4 9 4 0 0
49.014216949648 8.4170536395565 114.24318695068 -0.006282 0.014072 2.1301073267949 0.001683526875071 0.00065802003161341 0.0010778690391932 0.0014510169796004 -0.010017957733061 -0.13758136503319 -0.058391857965127 9.8129569343913 0.00093263011669038 0.0030774117140002 9.8140944164984 -0.000277024555949 -0.00076199847970202 0.00027815432419253 -0.00027298906684769 -0.0007602447238003 0.00028678745984367 1.5724554047731 0.094752308678997 4 9 4 0 0
49.014216962933 8.4170534945984 114.22719573975 -0.006222 0.014098 2.1302343267949 0.0014800795574323 0.0018923111968622 0.0002501832778313 0.0023893248187712 -0.010126920066619 -0.14079597355675 -0.063174002564615 9.8030802347746 -0.0025017743820059 -0.0023183331941283 9.8042942151984 -0.00021230264852449 -0.0001585176575764 8.8861508860109e-05 -0.00021102504579613 -0.00015796098535604 9.283408540063e-05 1.5738570456048 0.094752308678997 4 9 4 0 0
49.014216922987 8.4170537745005 114.25849914551 -0.00625 0.014108 2.1299333267949 0.0020435378408453 8.4222929748138e-05 0.0016877071487797 0.0011553196217348 -0.010176213815744 -0.14102756719426 -0.068056697537803 9.8101728139559 -0.0024251564924093 -0.0064860124673047 9.8114202412009 0.00049286789950721 -0.00036911345969668 0.00086187997998557 0.00050504238680691 -0.00036369020008378 0.00085718288141302 1.5710537864758 0.094047860156412 4 9 4 0 0
49.01421693924 8.4170536953306 114.24829101562 -0.006223 0.014068 2.1299683267949 0.0020419571386872 0.0006957546329521 0.0013618604497193 0.001673020583015 -0.0099116036323264 -0.13349163274346 -0.058822339492978 9.808104467578 0.004816568576464 0.0024650577307972 9.8091880805642 0.0004949259564711 -0.00058171321034819 -6.0276270762997e-05 0.00049409618426677 -0.0005820555272087 -6.3611025177561e-05 1.5724554047731 0.094752308678997 4 9 4 0 0
49.014216733353 8.4170549881591 114.40763092041 -0.006362 0.014286 2.1284573267949 0.0037199985073367 -0.0026604708361826 0.0045643349567292 -0.00028865991521189 -0.010007667164596 -0.14090383410121 -0.066137853718815 9.8020587895208 -0.00088550578123473 -0.0038169609459348 9.8032939000186 -2.7148429822622e-05 2.5048633479487e-05 -0.00030900286855667 -3.1547683628438e-05 2.3091733662117e-05 -0.00030873986169172 1.567038608331 0.094752308678997 4 9 4 0 0
49.014216965761 8.4170533767849 114.21286773682 -0.006181 0.01409 2.1303313267949 0.0014157333286578 0.0030621589431955 -0.00042560465384332 0.0033466368643659 -0.0097055891337274 -0.13964918389211 -0.058687301123325 9.8130874482292 -0.001371000604819 0.0017956539721989 9.8142561590666 -0.00025845436653591 -2.1976945852515e-05 -0.00032549460614357 -0.00026301772586331 -2.3973480579405e-05 -0.00032167021036878 1.5738570456048 0.094752308678997 4 9 4 0 0
49.014216821246 8.4170544370975 114.35359954834 -0.006327 0.014257 2.1290593267949 0.0035484036818118 -0.0022955809545412 0.0042256733072056 -6.7394394647841e-05 -0.010131066114697 -0.13385043775676 -0.059788659999544 9.8090723477397 0.0056721267129389 0.002418305608866 9.8101656730081 0.00028991816565737 0.00058338749970914 -4.0515859751541e-05 0.0002892433613125 0.00058312349543203 -4.8327382449307e-05 1.5690458884303 0.094752308678997 4 9 4 0 0
49.014216750338 8.4170548500798 114.39513397217 -0.00635 0.014231 2.1286303267949 0.0037596025092387 -0.0028769137412621 0.0047125376178581 -0.00045078350216259 -0.010222799780283 -0.13064620715948 -0.064899560954234 9.8146802071165 0.0094154421666552 -0.0024420270260985 9.8157596125005 0.00027865255577623 -0.000698625626391 0.00063897974139559 0.0002877906526079 -0.00069453893040983 0.00063937237033785 1.567038608331 0.094752308678997 4 9 4 0 0
49.014216847484 8.4170542570387 114.33029937744 -0.006324 0.014197 2.1293213267949 0.0037466750305059 -0.0024621339771953 0.0044820899354404 -0.00010269635135585 -0.01001238194714 -0.14149358235792 -0.063201487985639 9.8058489851916 -0.0021755087078967 -0.0011230620501169 9.8070731143879 0.00014873880494471 -0.0001908051785688 0.00090103381664601 0.00016153129113163 -0.00018506669292416 0.00090002619537683 1.5704473884852 0.094752308678997 4 9 4 0 0
49.014216868671 8.417054066158 114.30062103271 -0.006333 0.014128 2.1294663267949 0.0030774775044935 -0.0017194834211613 0.003521013872548 0.00017309651522227 -0.010195954202356 -0.13827896918754 -0.057484547947599 9.8085427868803 0.00041842561084179 0.0045398876486553 9.8096847264678 -0.00013057886492038 -0.00021460515446213 0.00051848480609774 -0.0001232351061002 -0.00021130650655871 0.00052164401210873 1.5710537864758 0.094752308678997 4 9 4 0 0
49.014216964931 8.417053409722 114.2172088623 -0.006173 0.014055 2.1303493267949 0.0013896048243129 0.0024566859609451 -0.00012618599401221 0.0028196410317437 -0.0097209126189579 -0.13824420553709 -0.064380675420775 9.8035344353136 -0.00026184018576856 -0.0038619609541403 9.8047195836453 3.6526711949536e-05 -0.00035312450779513 0.001082528546905 5.1768251655155e-05 -0.00034643574892183 0.001084058068223 1.5738570456048 0.094752308678997 4 9 4 0 0
49.014216849839 8.4170542318193 114.32652282715 -0.006367 0.014192 2.1293263267949 0.0037269675897639 -0.0022565712113084 0.0043564472546612 6.1312348442063e-05 -0.010205344874152 -0.14025312356848 -0.063550276475667 9.80772894181 -0.0010149335078797 -0.0013642946465239 9.80893747106 -0.00043171854463882 -8.7479177839218e-05 0.00051039331556758 -0.00042441667270018 -8.4222155511356e-05 0.0005170152970979 1.5704473884852 0.094752308678997 4 9 4 0 0
49.01421677746 8.4170546813466 114.3787689209 -0.006306 0.014251 2.1288253267949 0.0041458715251837 -0.0027551816100757 0.0049758517645783 -0.00014200654131553 -0.0099718680484545 -0.13404233377266 -0.062932354908373 9.8094794020435 0.0060144817313586 -0.00070389041921392 9.8105950351149 0.00069534732300752 -0.00047280656413298 0.00041464864481373 0.00070124726369691 -0.0004701686011236 0.0004076760257427 1.5676444112107 0.094752308678997 4 9 4 0 0
49.014216918969 8.4170537938883 114.26139831543 -0.006303 0.014172 2.1297973267949 0.0021969214193089 -5.6937354682422e-05 0.00189268293296 0.0011168958846863 -0.0099388882030823 -0.14124082855193 -0.059280712299582 9.8028664055334 -0.0025830895577969 0.0023805547080318 9.8040624496618 -0.0001814217601313 0.00049457135945121 -0.00041198429311632 -0.00018727373338755 0.00049194878780432 -0.00041247341998904 1.5710537864758 0.094047860156412 4 9 4 0 0
49.014216761907 8.4170547772188 114.3881149292 -0.006377 0.014244 2.1287953267949 0.0037984954038264 -0.0030035867989502 0.0048126635204714 -0.00053698998710304 -0.0099950652453252 -0.13819419369161 -0.066091918176083 9.8159166258862 0.001974399237998 -0.0035211505932296 9.8171113665558 -1.7400262356529e-05 -0.00063466176736432 0.0010672324279414 -2.1303713012596e-06 -0.00062782906125902 0.0010714082780126 1.5676444112107 0.094752308678997 4 9 4 0 0
49.01421696647 8.4170533046626 114.20357513428 -0.006107 0.014067 2.1305513267949 0.0013070880990913 0.0040654502103371 -0.0010510395570543 0.0041390429207683 -0.0098237636050513 -0.13782801828702 -0.058370686307063 9.8097976921891 0.00041911592646048 0.0014502536023339 9.8109395747808 -0.00012546475960933 -0.00045717950673207 0.00013192421965411 -0.00012355012603988 -0.00045635741227979 0.00013644324101521 1.5758657937781 0.094752308678997 4 9 4 0 0
49.014216781274 8.4170546623259 114.37686157227 -0.006344 0.014271 2.1289613267949 0.0043031372443008 -0.0032056332413035 0.0053478175559991 -0.00044044000274081 -0.010285750472221 -0.13512087844169 -0.057728950279552 9.8026979696233 0.004780697667452 0.0043955413441512 9.8037968221368 -0.0001024124728959 -2.148680724551e-05 0.0014545939396761 -8.1626939949816e-05 -1.2282011867011e-05 0.0014560308726671 1.5676444112107 0.094752308678997 4 9 4 0 0
49.01421696386 8.4170534707619 114.22417449951 -0.006139 0.014147 2.1302533267949 0.0015163315418659 0.002030772497668 0.00020738439797543 0.0025259224468451 -0.0098211249838259 -0.1410107471617 -0.0622370618078 9.8100387528868 -0.0024986680402262 -0.0014533026976425 9.811249268464 0.0010434881467135 0.00047772167766708 0.00012413236477732 0.0010450838956377 0.00047851822659991 0.00010639891858841 1.5738570456048 0.094752308678997 4 9 4 0 0
49.01421686325 8.4170540994003 114.3049697876 -0.006307 0.01416 2.1294133267949 0.0034240326205231 -0.0014359994191731 0.0036646347444869 0.00059711488673231 -0.010031585208775 -0.13746152591942 -0.057442174226466 9.8080858091011 0.0012938094165115 0.004575702090073 9.8092161901578 0.00032666357155399 0.00023686820801843 -0.00012066479523409 0.00032489905870884 0.00023613958238455 -0.00012673552014529 1.5710537864758 0.094752308678997 4 9 4 0 0
49.014216746079 8.4170548778913 114.39781188965 -0.006371 0.014283 2.1285953267949 0.0035516343088386 -0.0028909102239032 0.00454349656276 -0.00057284792246337 -0.010164555735134 -0.14297160974711 -0.062011054624411 9.8015635098708 -0.0030341889866851 0.00048115176126084 9.8028018948669 0.00012010001169138 0.00011338497531505 0.00042644202494513 0.00012615623068814 0.00011607758285033 0.00042395441093347 1.567038608331 0.094752308678997 4 9 4 0 0
49.014216966134 8.4170533180944 114.20574188232 -0.006146 0.014091 2.1305053267949 0.0013639859918553 0.0038691963968716 -0.00089842515352141 0.0040029953001149 -0.0097656139228392 -0.14374059404229 -0.066624915874142 9.8064782471504 -0.0055728081179898 -0.0065383888174639 9.8077542392089 -0.00029828761085367 2.1490023914991e-05 0.00020029129889846 -0.00029545033684709 2.2698677389499e-05 0.00020432500133031 1.5758657937781 0.094752308678997 4 9 4 0 0
49.014216785422 8.4170546353312 114.37426757812 -0.006378 0.014281 2.1288903267949 0.0037369249219496 -0.0030685309560047 0.0047949239275203 -0.00062388580472992 -0.010005170339617 -0.15067479488227 -0.066644430614852 9.8126191475829 -0.010690786140996 -0.0042407049375475 9.8139955617533 -0.0002896737749111 0.00027453639403363 -0.00018800897965749 -0.0002923341140785 0.00027335614681392 -0.00018560402307321 1.5676444112107 0.094752308678997 4 9 4 0 0
49.014216930057 8.4170537406144 114.25337219238 -0.006272 0.014131 2.1299803267949 0.0020901521310131 0.00039376310279682 0.0015629245039977 0.0014425861672954 -0.010043814757893 -0.14198865548397 -0.057601448396672 9.8124596103714 -0.00339043567384 0.00398091803413 9.8136542778611 0.00011109000120391 0.00011349042091583 0.00024070318312167 0.0001144999646802 0.00011505373348214 0.00023841490801153 1.5724554047731 0.094752308678997 4 9 4 0 0
49.014216880948 8.4170539931391 114.29035949707 -0.006306 0.014099 2.1297013267949 0.0027584416782055 -0.0011639173506958 0.002955906217008 0.00047574001904181 -0.010083502634066 -0.13684434906387 -0.061914736717759 9.8073567588758 0.0017071872392453 -1.648688077108e-05 9.8085069091684 0.00012821306643612 -0.00050337408529277 0.0008623093216704 0.00014038039193951 -0.00049791351874429 0.00086356111389918 1.5710537864758 0.094752308678997 4 9 4 0 0
49.0142168536 8.417054202419 114.32186889648 -0.006301 0.01417 2.1293423267949 0.0036502814473626 -0.0021201433774058 0.0042191173297511 0.00013648450439263 -0.010156605240267 -0.13551902499013 -0.057102593741179 9.8065288539246 0.0037254392451705 0.0047038418670345 9.8076296161114 6.4005741392865e-05 -0.0005187729580965 0.00032691763056612 6.8704360471538e-05 -0.00051671914213942 0.00032920801188805 1.5704473884852 0.094752308678997 4 9 4 0 0
49.014216705505 8.417055149519 114.42055511475 -0.006342 0.014271 2.1283843267949 0.0033915969916231 -0.0030001834845865 0.0044654047764699 -0.00075113512198755 -0.0099065243013668 -0.13752885657864 -0.063082781817593 9.8090987294699 0.0026371835549578 -0.00076138887978163 9.8102651204494 0.00023090804926325 -0.00031811515049301 0.00012347116386953 0.00023267412826787 -0.00031732045515391 0.00012218081354267 1.5662429568876 0.094752308678997 4 9 4 0 0
49.014216962337 8.4170535163394 114.22952270508 -0.006208 0.014136 2.1301603267949 0.0015598587494054 0.0016992726348398 0.00042033821416118 0.0022680365899864 -0.0096989707414106 -0.13481495186418 -0.058358609374535 9.8068374999687 0.003552647135202 0.002589747086876 9.8079367392012 0.00016215158292341 0.00047475104293048 -0.00051326735730077 0.00015481925909551 0.00047155863963252 -0.00051842498202897 1.5738570456048 0.094752308678997 4 9 4 0 0
49.014216800497 8.417054550603 114.36528015137 -0.006311 0.014256 2.1289303267949 0.0045240702305431 -0.0030336836062005 0.0054441729646933 -0.00017729080066449 -0.0099673782796248 -0.12871624420455 -0.060880643602281 9.8056729942403 0.01101111421475 0.0011079669650853 9.8067007246504 0.0002213375478041 0.00011172072217153 -5.0134266120279e-05 0.00022058799295261 0.00011139419336603 -5.3987789491376e-05 1.5690458884303 0.094752308678997 4 9 4 0 0
49.01421687803 8.4170540098308 114.29277801514 -0.006328 0.014088 2.1296313267949 0.0029201772703947 -0.0013183269113461 0.0031749274951724 0.00043042609653383 -0.01017945270226 -0.14205080303915 -0.059883697950711 9.8101873558065 -0.003423108872374 0.002156669234637 9.8113976600771 -4.0228422247e-05 -0.00074970100910763 0.00046947487896684 -3.3533281689155e-05 -0.00074675384400627 0.00047472153162638 1.5710537864758 0.094752308678997 4 9 4 0 0
49.014216754953 8.4170548203909 114.39235687256 -0.006345 0.014261 2.1287023267949 0.0040326453213947 -0.0026323342153079 0.0048147348486686 -9.8523775995184e-05 -0.0096892790348038 -0.14015190174705 -0.063645716877028 9.8070211119215 -0.00016993651503738 -0.0011549964759504 9.8082289659904 0.00049594023022712 -0.00021869524776523 0.0010937821511423 0.00051148769327219 -0.00021175654007091 0.0010879552063587 1.5676444112107 0.094752308678997 4 9 4 0 0
49.014216857815 8.417054162083 114.31536102295 -0.006275 0.014219 2.1294373267949 0.0037397770063107 -0.0017131000135589 0.0040792517375758 0.00052943632566057 -0.010093498750036 -0.13842453308427 -0.064074846524179 9.80721544594 0.00078556666633853 -0.0021202576459504 9.8084013211162 0.00077144873158367 0.00043327034477596 0.00053476288761295 0.00077890197860815 0.00043666986901058 0.00052100372170153 1.5704473884852 0.094752308678997 4 9 4 0 0
49.014216740489 8.4170549210363 114.40177154541 -0.006397 0.014276 2.1286353267949 0.0038931760208479 -0.0027280363401134 0.0047470538855782 -0.00025399840288814 -0.009809293682642 -0.13903358677533 -0.057545319725715 9.8143019955254 0.0011836450714031 0.0050416786872816 9.8154538005732 -0.00033960234045917 -0.00019732979288717 0.0015614296294605 -0.00031722754861124 -0.0001873767104406 0.0015673437201645 1.567038608331 0.094752308678997 4 9 4 0 0
49.014216904738 8.4170538665143 114.27210235596 -0.006296 0.014134 2.1297923267949 0.0025635206994776 -0.00055805768802432 0.0024693125305216 0.00088632804516076 -0.010194682526975 -0.13549572446642 -0.062388139460358 9.8057044921158 0.0031851758326483 -0.00094802720093714 9.8068384168269 -0.00050605207864951 -0.00015366650931319 0.00065103000554629 -0.00049678566833834 -0.00014955201392606 0.00065902190872267 1.5710537864758 0.094047860156412 4 9 4 0 0
49.014216729895 8.4170550256662 114.41088867188 -0.006366 0.014283 2.1285033267949 0.0035088423951576 -0.0029526447508216 0.0045397858087457 -0.00064839003169683 -0.010025107586973 -0.14688100336569 -0.06664634497994 9.8085582826356 -0.0067430935301195 -0.0043025699293939 9.8098811476613 -0.00014605682859926 -7.3317460589221e-05 0.00078237217104441 -0.00013487824258362 -6.8354172341538e-05 0.00078480546483871 1.567038608331 0.094752308678997 4 9 4 0 0
49.014216852009 8.417054215847 114.32398986816 -0.006301 0.014252 2.1292593267949 0.0038042210236858 -0.0020533015085324 0.0043142459366554 0.00027463510970208 -0.0099869482368009 -0.13696533108901 -0.064531137132977 9.8079582056314 0.0024122970707882 -0.0025678998746688 9.80912638514 0.00034198915918011 0.00073718372497307 -0.00067373917235978 0.0003322712261668 0.00073295341177413 -0.00068315022852164 1.5704473884852 0.094752308678997 4 9 4 0 0
49.014216964255 8.4170534433976 114.22131347656 -0.006189 0.014111 2.1302363267949 0.0014283313921927 0.0021921138251849 4.7164911241978e-05 0.0026159625307039 -0.0098682249502134 -0.14030344125665 -0.062320703065688 9.8083543110779 -0.0019222820541771 -0.0016731610542262 9.8095553830657 -6.0548417781381e-05 5.1991994677255e-05 -0.00022605144348279 -6.3728121334096e-05 5.0588923026351e-05 -0.00022550426054611 1.5738570456048 0.094752308678997 4 9 4 0 0
49.014216895254 8.4170539137302 114.2788848877 -0.006275 0.014142 2.1296733267949 0.002601871536276 -0.00055487167924313 0.0025002155853686 0.00090915344381554 -0.0099995552313678 -0.13606901840822 -0.063614136229728 9.8130515608908 0.002816973027228 -0.0019349920401635 9.8142004457398 0.00022333769328237 -0.00019290459952567 7.9270590705982e-05 0.00022444082104684 -0.00019242040173702 7.7306072281862e-05 1.5710537864758 0.094047860156412 4 9 4 0 0
49.014216965958 8.4170533506595 114.20980834961 -0.006144 0.01408 2.1304933267949 0.0013005511053493 0.003265425776484 -0.0006313936000177 0.0034577089398245 -0.0098707787027311 -0.1423230561243 -0.067040194678358 9.8047199471182 -0.0043476838920165 -0.0068987872554395 9.8059786475127 -0.00014203465472263 0.00012890144541454 0.0011354730608776 -0.00012604072032559 0.00013590068539341 0.0011365373882024 1.5738570456048 0.094752308678997 4 9 4 0 0
49.014216964746 8.417053427443 114.21926879883 -0.00615 0.014112 2.1302223267949 0.0014099716705983 0.0022551781013572 -1.8947319537359e-06 0.0026596688427459 -0.0098766802179228 -0.13952133159822 -0.056577615921224 9.8070588006732 -0.0012710958194307 0.0039425185988325 9.8082137427365 0.00043090795971788 0.00026564522118674 -0.00064730618278135 0.00042171714957553 0.00026171094548173 -0.00065496109417771 1.5738570456048 0.094752308678997 4 9 4 0 0
49.014216795315 8.4170545796585 114.36817169189 -0.006309 0.014245 2.1289223267949 0.0038817099827819 -0.0025180275662143 0.0046261971719013 -8.0232986176357e-05 -0.010194141880128 -0.13366226046597 -0.057505563122604 9.8149103877654 0.0061569001585191 0.0046241855115394 9.8159861208864 0.00040212925170426 -1.5566591999722e-05 0.00031944741811479 0.00040665323714438 -1.3552311665523e-05 0.00031378513638009 1.5676444112107 0.094752308678997 4 9 4 0 0
49.014216862154 8.4170541089543 114.30667114258 -0.006344 0.014132 2.1294053267949 0.0034114008416453 -0.001422520138327 0.003646780655536 0.00060188131869312 -0.010276926054275 -0.13678745553317 -0.069319013453842 9.8110281982739 0.0021328083720334 -0.0071481054485553 9.8122238783845 -7.8783295515062e-05 -0.00047906240085038 -0.00039964740653409 -8.4407514923627e-05 -0.0004815803744727 -0.00039542565033086 1.5710537864758 0.094752308678997 4 9 4 0 0
49.014216899495 8.4170538940426 114.27591705322 -0.006257 0.01414 2.1297383267949 0.0025833719456087 -0.00048502553091986 0.0024474205129277 0.00095875000280039 -0.0099571697191071 -0.13832303992784 -0.062862965424686 9.8041322876315 0.00045681688262887 -0.0012752394957796 9.8053090924469 0.00048482143323377 -0.00026643034119399 -0.00015868920296957 0.00048254633948815 -0.00026742347551383 -0.00016383039257496 1.5710537864758 0.094047860156412 4 9 4 0 0
49.014216736092 8.4170549640625 114.40546417236 -0.006318 0.014287 2.1285103267949 0.0038005170053521 -0.0028030411314807 0.0047081085013625 -0.00036698631527368 -0.010019133927283 -0.13708757038222 -0.059425885225521 9.8148762164977 0.0033163922930377 0.0029013787492874 9.8160126598917 0.00059353623540444 -0.00033046330279051 0.00052232653843586 0.00060097192371419 -0.0003271530772867 0.00051586655980284 1.567038608331 0.094752308678997 4 9 4 0 0
49.014216809909 8.4170544990562 114.36009216309 -0.006361 0.014225 2.1290313267949 0.0040761382746824 -0.0028096828699046 0.0049456021691325 -0.00022411274770867 -0.010053108007572 -0.14592775808091 -0.066363038633669 9.8103034821275 -0.006117131100784 -0.0040005664977746 9.8116106997681 -4.6198356578858e-05 -0.00045717348669838 0.00022787483773527 -4.289614594434e-05 -0.00045569765416165 0.00023143604692697 1.5690458884303 0.094752308678997 4 9 4 0 0
49.014216834245 8.4170543658047 114.34548950195 -0.006328 0.014245 2.1291573267949 0.0042610987083192 -0.0026541743255413 0.0050201157011928 6.3908568948712e-06 -0.010127778133577 -0.14451138685448 -0.062690219154941 9.8047840790225 -0.0048937727861508 -0.00057958084608492 9.8060482388716 0.00015350380852805 0.00010119533952786 0.0002720691064134 0.00015734117349869 0.00010290061366647 0.00026922123217429 1.5690458884303 0.094752308678997 4 9 4 0 0
49.014216961412 8.4170535307246 114.23129272461 -0.006189 0.014084 2.1301933267949 0.0015104361270124 0.0015979282702141 0.00043224888803224 0.0021559106331462 -0.01000532759185 -0.14009430437988 -0.064293100876416 9.8124363812663 -0.0017704725001533 -0.0033602367033532 9.813646426799 0.00040768825006386 -0.0002310848682787 0.00020996310597094 0.0004106112030508 -0.00022980380458852 0.0002056512029137 1.5738570456048 0.094752308678997 4 9 4 0 0
49.014216911468 8.4170538313432 114.26691436768 -0.006285 0.014145 2.1298463267949 0.0023420773386271 -0.0002834975004445 0.0021359203638185 0.0010017674507372 -0.01008292505859 -0.13862477514563 -0.060115136376629 9.8053053867504 4.8253452759139e-05 0.0013932300438075 9.8064694626977 -0.00018292291656476 4.675767927961e-05 0.00076735937957436 -0.00017206336836613 5.1566623393397e-05 0.00076953855091767 1.5710537864758 0.094047860156412 4 9 4 0 0
49.01421673789 8.4170549381441 114.40340423584 -0.006376 0.014246 2.1285373267949 0.0036506948193616 -0.0030064033086064 0.0046886280661651 -0.00061869753370648 -0.010028437587805 -0.14400246961313 -0.063007895633943 9.8046014816208 -0.0038731802182044 -0.00069930603728802 9.805860398005 -0.00034515934971157 -0.00081409051629007 0.00053623770919417 -0.00033736147430485 -0.00081068294608424 0.00054627453023376 1.567038608331 0.094752308678997 4 9 4 0 0
49.014216842653 8.4170543019131 114.33682250977 -0.006333 0.014225 2.1292233267949 0.0038563007774434 -0.0023997989768858 0.0045420299490308 8.0695456443716e-06 -0.010245768228034 -0.13719500326279 -0.064974420183056 9.8033604855243 0.0021538195628659 -0.0028602230460291 9.8045351453508 8.8532116562948e-05 0.00019545575018721 -7.0183789577649e-05 8.7500961229604e-05 0.00019501838451713 -7.2673376887032e-05 1.5704473884852 0.094752308678997 4 9 4 0 0
49.014216773076 8.4170547094907 114.38140869141 -0.006374 0.014292 2.1287913267949 0.0037897443322131 -0.0027037003389498 0.0046464770662714 -0.00028705143663258 -0.010289846071489 -0.13886614680372 -0.065177423675029 9.8115218246339 0.0012559481941016 -0.0026161028833577 9.8127204549684 7.4504527084972e-05 0.00019195340029129 0.0003528801559424 7.953024305878e-05 0.00019418864980313 0.00035052383899688 1.5676444112107 0.094752308678997 4 9 4 0 0
49.014216844689 8.4170542806178 114.33386993408 -0.006346 0.014227 2.1292773267949 0.0038802653750076 -0.0023593336283486 0.0045409111662876 5.5180572792751e-05 -0.010239158534123 -0.13807292739023 -0.059953642466679 9.8122142623292 0.0012626525645966 0.0021727070816893 9.8133684445915 -0.00022640278837272 0.00047795848611908 0.00050997188207032 -0.00021916685481238 0.00048121976137957 0.00051010819747657 1.5704473884852 0.094752308678997 4 9 4 0 0
49.01421672629 8.4170550607176 114.41398620605 -0.006371 0.014278 2.1284553267949 0.0035597577719167 -0.0030568956684627 0.0046381691544343 -0.00070983793114604 -0.0099840639584011 -0.13877002719859 -0.056485112701782 9.8078593163633 0.0013610003819021 0.0057184324480451 9.8090018390492 -0.00046356874878609 -0.00016843526613463 -0.00027830623549292 -0.00046746127897574 -0.00017021150308909 -0.00027059722990162 1.567038608331 0.094752308678997 4 9 4 0 0
49.014216960105 8.4170535547575 114.23399353027 -0.006238 0.014076 2.1302373267949 0.0015018556175715 0.001363634011522 0.0005492978399065 0.0019527727335562 -0.010050146284146 -0.13578838595857 -0.060947847299025 9.8029684945412 0.0024746607012839 0.00023299593215387 9.8040982885917 7.58524845984e-05 -0.00050473655693392 0.00090639041655706 8.8653678632701e-05 -0.00049908896314179 0.00090837136889524 1.5724554047731 0.094752308678997 4 9 4 0 0
49.014216840323 8.4170543179351 114.33906555176 -0.006324 0.014215 2.1292363267949 0.0039316201409683 -0.002410231442748 0.0046114353071486 3.8965957618896e-05 -0.0099761371818095 -0.13562490581821 -0.060860703204268 9.8102515847057 0.0039861503842173 0.0012427474034532 9.8113770383284 0.00014936289568774 -0.00027623221488031 0.00078768210785123 0.0001605544465997 -0.0002712263645114 0.00078718514807426 1.5690458884303 0.094752308678997 4 9 4 0 0
49.014216829988 8.4170543932643 114.3491973877 -0.006325 0.014261 2.1291603267949 0.0045952616701878 -0.0028748391757054 0.0054204332577607 -3.8159486697449e-06 -0.010127064816366 -0.13424169096186 -0.064207828325843 9.8084437658191 0.0053958503054852 -0.0018993769302762 9.809571023735 0.00052052428093357 0.00043365331669181 0.0006548924594707 0.00052975104427844 0.00043781347844894 0.00064467897582753 1.5690458884303 0.094752308678997 4 9 4 0 0
49.01421685943 8.4170541395811 114.31176757812 -0.006299 0.014146 2.1294813267949 0.0033908597563433 -0.0017052314607031 0.0037792000492539 0.00035129721257278 -0.010205940291361 -0.14427436444432 -0.058298367129368 9.8100127613829 -0.0052783577528474 0.0035894983377611 9.8112446069386 0.00020315730950686 -0.00039597150653064 0.00072634645153771 0.00021345727620222 -0.00039137574103967 0.0007258918801349 1.5704473884852 0.094752308678997 4 9 4 0 0
49.01421685501 8.4170541834014 114.3189239502 -0.006348 0.014173 2.1294303267949 0.0035224339040953 -0.0021737128241338 0.0041390812824475 2.3507058568513e-05 -0.010161982850678 -0.14022258372817 -0.066482784628503 9.8059533728469 -0.00099868002571329 -0.0045177004921584 9.8071800805736 -0.00048691735473037 -0.00044018768254022 0.0010108039644699 -0.00047248378813056 -0.00043376085480219 0.0010203741820816 1.5704473884852 0.094752308678997 4 9 4 0 0
49.014216908311 8.4170538497932 114.26953887939 -0.006286 0.014111 2.1298333267949 0.0024237561352005 -0.00034378486795411 0.0022371533582475 0.00099394031836319 -0.0099359648298971 -0.14241220933407 -0.062886606774434 9.8104167280082 -0.0037772357203302 -0.0012801241075889 9.8116511767296 -8.4317023625346e-05 -0.00036182143188157 0.00080410415114173 -7.2926687794603e-05 -0.00035676487036512 0.00080750104616993 1.5710537864758 0.094047860156412 4 9 4 0 0
49.014216815928 8.417054469164 114.35681152344 -0.006352 0.014188 2.1290763267949 0.0036228162800023 -0.0022332336849326 0.0042557625086894 2.4842447771235e-05 -0.010250674437548 -0.14572434274503 -0.064204488555091 9.8081939791196 -0.0061219336434391 -0.0018681262848345 9.809484525214 0.00010211894009328 -0.000791791388884 0.00047583994881923 0.00010900872119918 -0.00078872407122966 0.00047937729287901 1.5690458884303 0.094752308678997 4 9 4 0 0
49.01421696612 8.4170533353111 114.20774078369 -0.006143 0.014031 2.1304853267949 0.0012846910160027 0.0034138525111707 -0.00072370746043673 0.0035750624669435 -0.0098667148183808 -0.13655529566068 -0.058327222969736 9.8130694765216 0.0015774006851458 0.0017725399201615 9.8141924808553 -0.00029364378788174 -0.00081615075549827 0.00058764842545641 -0.00028524825324374 -0.00081252759899812 0.00059668214777832 1.5758657937781 0.094752308678997 4 9 4 0 0
49.014216889926 8.4170539456354 114.2836151123 -0.006298 0.014115 2.1296513267949 0.0027874634842185 -0.00095010810408115 0.0028671382952451 0.00067243012433273 -0.010015731958159 -0.13840748951327 -0.053772678565475 9.8095565127639 0.00022081506013038 0.0079165030680526 9.8106770271032 -0.00012749492379239 -0.00028803732193407 -0.00016247193782136 -0.0001297513147523 -0.00028905022447355 -0.00015883291697732 1.5710537864758 0.094752308678997 4 9 4 0 0
49.014216927168 8.4170537532711 114.25547027588 -0.006261 0.014127 2.1299433267949 0.0021888110762706 0.0002931131091438 0.0017000307494801 0.0014095012798599 -0.0099821945291971 -0.14372569657493 -0.064975899903799 9.8107755057086 -0.0050624552619102 -0.0034355245484671 9.8120414367826 0.00023958981603306 -0.00012342469706968 0.00062427397746109 0.00024841563350369 -0.00011949768357282 0.0006215871960407 1.5710537864758 0.094047860156412 4 9 4 0 0
49.014216875403 8.4170540286559 114.2953338623 -0.006312 0.014173 2.1295713267949 0.003200923252554 -0.0011127360466883 0.0033039764803262 0.000753509043329 -0.010076769016724 -0.13296982804339 -0.06385492667138 9.8031330307254 0.0058553516939936 -0.0017384888782283 9.8042410899528 0.00046783764146266 0.00020443302058946 -0.00016790562416117 0.00046538677929651 0.00020341210233054 -0.00017579902546754 1.5710537864758 0.094752308678997 4 9 4 0 0
49.014216825538 8.4170544159547 114.35140228271 -0.006375 0.014254 2.1291173267949 0.0040431080113261 -0.0028105172357374 0.004918059283535 -0.00024179937453843 -0.010208621479432 -0.12994370200045 -0.068322138394481 9.8016051540523 0.0096100657279702 -0.0060653559346246 9.8026983577022 -0.00037764139936666 0.0002927991887084 -2.0432513980058e-05 -0.00037794656549922 0.00029263993208828 -1.690124426652e-05 1.5690458884303 0.094752308678997 4 9 4 0 0
49.014216758138 8.4170548007575 114.39040374756 -0.006329 0.014259 2.1286963267949 0.003781478785536 -0.0029361364001651 0.0047624957383687 -0.0004890484919939 -0.010409329256598 -0.1347021682025 -0.055102078508852 9.8025307786559 0.0051623915755832 0.0071611473162765 9.8036075008388 0.0004285686245435 -0.00016562566471727 0.00033066948640541 0.00043321562502496 -0.00016352530183543 0.00032554353226432 1.5676444112107 0.094752308678997 4 9 4 0 0
49.014216837441 8.4170543427315 114.34230804443 -0.006321 0.014222 2.1291783267949 0.0038568451796386 -0.002544960123215 0.0046194004564884 -0.00011505499830666 -0.010315582869861 -0.13739859500418 -0.059408566026553 9.8099213818151 0.0021910491984549 0.0026743043932267 9.8110629468431 0.00017348588480385 -0.00012920625688282 0.00027738518985039 0.00017744000546475 -0.00012744478493437 0.00027569913202479 1.5690458884303 0.094752308678997 4 9 4 0 0
49.014216768536 8.4170547359273 114.38410186768 -0.006372 0.014272 2.1288083267949 0.0038382664635024 -0.0027553107639115 0.0047149635831765 -0.00030516541797805 -0.01017166466607 -0.14496059476285 -0.06402219240981 9.8013261143572 -0.0050650580768308 -0.0014942693050139 9.8026057051871 0.00016402102671392 -1.7861821608256e-05 0.00074060038121997 0.00017456725564116 -1.3134772023827e-05 0.0007382883277785 1.5676444112107 0.094752308678997 4 9 4 0 0
49.014216790434 8.4170546055986 114.37102508545 -0.006324 0.014247 2.1289473267949 0.0035474368893163 -0.0022521140424225 0.0042018241431038 -3.1757724520862e-05 -0.010263029055173 -0.14013989969088 -0.067642427437673 9.8052374273913 -0.00035782665188129 -0.0053029596882742 9.8064707855988 0.00062343583329161 -0.00015862948754496 0.0010338537702811 0.00063811937367045 -0.00015211502365104 0.0010258627729142 1.5676444112107 0.094752308678997 4 9 4 0 0
49.014216861161 8.4170541241678 114.30918121338 -0.006315 0.014165 2.1293963267949 0.0032444202772941 -0.0019789389343611 0.0038000984512372 4.1669148475944e-05 -0.010130771532722 -0.13702268587961 -0.061904246502734 9.8041213238328 0.0018847357040128 5.5075018576488e-05 9.8052740298881 0.00014149030732281 -3.9080819836691e-05 -0.001167702075168 0.00012492149866747 -4.6450090463028e-05 -0.0011693091577581 1.5710537864758 0.094752308678997 4 9 4 0 0
49.014216913836 8.4170538201426 114.26502990723 -0.006275 0.014132 2.1298323267949 0.0023350143703049 -6.7862170163078e-05 0.002015538866084 0.0011808845945808 -0.0099860094428711 -0.14211856991003 -0.064057263339671 9.8123078637161 -0.0034515421152952 -0.0024068900743292 9.813545109782 0.00018241977128819 3.1182804341157e-06 8.6055218142121e-05 0.00018360365123279 3.649947929366e-06 8.3448457375029e-05 1.5710537864758 0.094047860156412 4 9 4 0 0
49.014216872209 8.4170540456637 114.29776000977 -0.006386 0.014158 2.1296213267949 0.0030098503618076 -0.0014038120950881 0.0032962942428691 0.00040528079259225 -0.010156092693153 -0.1420233740089 -0.067266991151689 9.807498431033 -0.003198272359386 -0.0049575333385887 9.808755719111 -0.00056508301971905 4.2406566682129e-05 0.0013347705328276 -0.00054614606130799 5.088384962751e-05 0.0013423403175605 1.5710537864758 0.094752308678997 4 9 4 0 0
