49.014238118725 8.4169778780109 116.03509521484 -0.00701 0.014166 2.0292783267949 -0.0055743816188376 -0.0072508377443145 -0.0017894833441054 -0.008969182986588 -0.017807732079583 -0.13496851124636 -0.064725682470998 9.8066442383438 0.0038574855163552 0.0041968886117216 9.8077848600202 0.00032106331864956 0.00013381013840346 0.0012480874111369 0.00033870386083067 0.00014255251316095 0.0012424561155081 0.17884630272947 0.019104973174543 4 7 5 5 0
49.014238196366 8.4169781929729 116.03370666504 -0.006848 0.014191 2.0312063267949 4.7155578387245e-05 -0.00019537153698785 0.00012901919589212 -0.00015404997138356 -0.022672076145297 -0.14202505141858 -0.064810249784191 9.8104253402786 -0.0028122840458575 0.0020538733865032 9.811666873745 -0.00043266303301552 5.3518017417903e-05 0.00085583082886336 -0.00042048867923517 5.9382419924004e-05 0.00086148837078336 0.17678235206038 0.019104973174543 4 4 5 5 0
49.014238119806 8.4169778877533 116.03426361084 -0.007042 0.014161 2.0293183267949 -0.005557968939547 -0.0069303832610651 -0.0019154698277541 -0.0086748104756375 -0.017796369103734 -0.1409128417642 -0.066615032338998 9.8085180290343 -0.0021422206069785 0.0024528090883847 9.8097558460848 8.1177830595382e-06 0.00018775789566887 0.0001025447897534 9.542509934082e-06 0.0001884599965464 0.00010109501911222 0.17846288129468 0.017691806012954 4 7 5 5 0
49.01423816243 8.4169779419737 116.01371002197 -0.006959 0.01418 2.0286693267949 -0.0048347821170723 -0.0065678582085238 -0.0014316730585712 -0.008028864269799 -0.020127642208707 -0.13855037220868 -0.063362203064663 9.812109114504 0.0003468327682294 0.0050225503488275 9.8132906330713 -8.3612589369439e-05 0.00027547079683006 -0.0012922482324981 -0.00010193904282105 0.00026648222557418 -0.0012928167117035 0.17884630272947 0.019104973174543 4 4 5 5 0
49.014238177698 8.4169781463005 116.03688812256 -0.006859 0.014213 2.0301623267949 -0.00080551467177629 -0.00092468761602798 -0.00031187832742063 -0.0011860114616408 -0.022294205807979 -0.13481072703352 -0.066296637737564 9.8083224412115 0.0042557593121857 0.0009439737986707 9.8094719694741 3.7271287343575e-05 0.00060625917191131 0.00076387259301727 4.8019915481745e-05 0.00061149840949579 0.00075909897480163 0.17678235206038 0.019104973174543 4 4 5 5 0
49.014238270715 8.4169779997128 116.00386810303 -0.00687 0.014299 2.0275043267949 -0.00085281882430493 -0.0049664141295687 0.0014251832033634 -0.0048334287782013 -0.02318485702316 -0.13610371998074 -0.070129433176924 9.8076240837332 0.003620538150838 -0.0025316944981828 9.8088177675787 0.00031684921137202 0.00082088601935658 0.001013691012205 0.00033119747088205 0.00082781022675921 0.0010034240834674 0.17884630272947 0.019104973174543 4 4 5 5 0
49.01423829706 8.4169778520132 116.08228302002 -0.00698 0.014368 2.0242663267949 0.0012471929713821 -0.0068781383975891 0.0041356289625539 -0.0056356991805589 -0.017622962813188 -0.1359247953117 -0.060797501316246 9.8057484285173 0.0046346840443689 0.0075094244979718 9.8068744530132 -0.00014433571373045 0.00047272950078951 0.000307898840292 -0.00014000782792782 0.00047484737888176 0.00030668838846421 0.17715812146216 0.019104973174543 4 4 5 5 0
49.014238313429 8.4169778488127 116.08223724365 -0.006969 0.014359 2.0240863267949 0.0016714841433516 -0.007338214983824 0.0047166878739261 -0.0058648666952524 -0.017367559483655 -0.14160385434093 -0.070061763594919 9.8106322467917 -0.00078749868737427 -0.0016995200750176 9.8119041498332 -6.4606159205826e-05 1.3139600693796e-05 0.0013868187668333 -4.4693997365838e-05 2.2805444779229e-05 0.0013874966148733 0.17715812146216 0.019104973174543 4 4 5 5 0
49.014238270955 8.4169781372076 116.0096206665 -0.00678 0.014247 2.0301073267949 0.0014112787246153 -0.0026486045472709 0.0024374792826322 -0.0017505960887593 -0.024377264960896 -0.13383945117452 -0.059462191715227 9.8042639083759 0.0059325769625205 0.0072249457269627 9.8053534134141 0.00014930294317141 0.00012881229659924 -0.00010678259483422 0.00014774650097009 0.00012805530952044 -0.00010977661454327 0.17923448328935 0.019104973174543 4 4 5 5 0
49.01423830052 8.4169779972954 116.01293182373 -0.006838 0.014269 2.0272183267949 0.00070845442896249 -0.0050242153680448 0.0028501335158567 -0.0041977943738746 -0.023289593030974 -0.13920287157772 -0.066956191527108 9.8078206383723 0.00086515558244105 0.00033994550454908 9.8090367328306 0.00034932262221504 -0.0002298242537967 -0.00027097043939559 0.00034546516691675 -0.00023167040107278 -0.00027435002509459 0.17923448328935 0.019104973174543 4 4 5 5 0
49.014238257882 8.4169781821212 116.00466918945 -0.006767 0.0142 2.0310423267949 0.0012179974394955 -0.0012900464093826 0.0016634498427867 -0.00061603891221794 -0.025446106062296 -0.14124730737958 -0.069621911757041 9.8112372491172 -0.0014859175957501 -0.0029789914868258 9.8125002358763 0.0002959303837425 -0.00060111358444017 0.0009137583251218 0.00030896876898664 -0.00059493324538413 0.00091354238292332 0.17923448328935 0.019104973174543 4 4 5 5 0
49.014238260651 8.4169780051787 115.99935913086 -0.006882 0.014211 2.0276453267949 -0.0015205863033314 -0.0050920041417667 0.0008824931914501 -0.0052405103983101 -0.023169853903691 -0.13671042273253 -0.067799054043573 9.8058142888055 0.0027979114994257 -0.00018705732308006 9.8070013489045 0.00011872069703241 -0.00043282297983559 0.00050339884764963 0.00012592398789528 -0.00042936230868763 0.00050461683734558 0.17884630272947 0.019104973174543 4 4 5 5 0
49.014238249616 8.4169782059035 116.00661468506 -0.006775 0.014243 2.0313433267949 0.0012265435147659 -0.00057472513321758 0.0013539921743863 2.9824401531827e-05 -0.025588163130267 -0.13653831922386 -0.064486941320475 9.8050424075976 0.0030130015269547 0.0019905142676989 9.8062043446542 5.0385615668487e-05 0.00031840064965287 -0.00036982099465194 4.508549583324e-05 0.00031590074980948 -0.00037264131544059 0.17923448328935 0.019104973174543 4 4 5 5 0
49.014238338855 8.4169778356954 116.07761383057 -0.006967 0.01432 2.0238403267949 0.002490707111657 -0.0078627766821019 0.0056815102381882 -0.0059789200413752 -0.017944640321525 -0.14048680944842 -0.063760157573147 9.8084571735937 0.00033105636908457 0.0046183050145737 9.8096691291416 5.4375889161359e-05 -0.00070080391603747 0.00039215553374601 6.0096537539977e-05 -0.00069807296575822 0.00039623318554082 0.17715812146216 0.019104973174543 4 4 5 5 0
49.014238120502 8.4169778968594 116.03302001953 -0.007046 0.01411 2.0294563267949 -0.0054132978721889 -0.006561800533188 -0.0019473985478462 -0.0082806239605173 -0.018121578680424 -0.13742391596074 -0.062998741533594 9.8087274030677 0.00115392790526 0.0059929791117134 9.8098905209056 -0.00020722928455363 -0.00036968984906951 -0.00032185300055445 -0.00021168275331662 -0.00037196693375186 -0.00031629480366801 0.17846288129468 0.017691806012954 4 4 5 5 0
49.014238206256 8.416978205421 116.03062438965 -0.006799 0.014223 2.0314453267949 0.00035726097107581 0.00015452401604264 0.00025121088808145 0.00029730430218093 -0.023480289742371 -0.14114888385886 -0.068875175279658 9.8035251526672 -0.0018560858143547 -0.0022318923720417 9.8047828262905 0.00017218250906096 0.00030646245607715 0.00080531022188336 0.00018359097892686 0.00031191710664042 0.000800674999109 0.17923448328935 0.019104973174543 4 4 5 5 0
49.014238280605 8.4169779948005 116.00745391846 -0.006856 0.014254 2.0273993267949 -0.00029097661534825 -0.0049987742636435 0.0019430225060826 -0.0046149137827488 -0.023191100199936 -0.13436450360123 -0.063567723134351 9.8041028409838 0.0054245712284097 0.0038520929919255 9.8052272860466 0.00031024804976793 -0.00016051779095249 0.00097025768552764 0.00032406704385323 -0.00015385564201669 0.00096681598008157 0.17884630272947 0.019104973174543 4 4 5 5 0
49.014238353795 8.4169778509348 116.07321166992 -0.006949 0.014335 2.0243383267949 0.0032222029533488 -0.0080627937210948 0.0064282535527312 -0.0058367951746405 -0.018800469605217 -0.14046186760935 -0.067551629683172 9.8084029355615 0.00034330794462618 0.00070943657971978 9.8096411471172 0.00011800843630955 -0.00032025199728341 -0.00077375921851441 0.00010692172870602 -0.00032564792825782 -0.0007731138348556 0.17715812146216 0.019104973174543 4 4 5 5 0
49.014238242641 8.4169780082778 115.99456787109 -0.006921 0.014216 2.0279993267949 -0.0023787648950545 -0.0051858379268417 0.00015609640473 -0.0057033301057646 -0.022616925845674 -0.13989651258606 -0.063107800380401 9.8072615331773 -0.00053056613078115 0.0046836103696288 9.808461343045 -0.00031993877257211 -5.7416776344313e-05 5.8298076428991e-05 -0.0003190475837443 -5.7006804703788e-05 6.3219047671953e-05 0.17884630272947 0.019104973174543 4 4 5 5 0
49.014238129271 8.4169779072634 116.02198791504 -0.006945 0.014125 2.0290793267949 -0.0055532653436978 -0.0071017219275005 -0.0018377421624614 -0.0088258792891818 -0.018964480233946 -0.13977185238497 -0.066418507294849 9.8087607053115 -0.0010524592236723 0.0021682706976427 9.8099809129176 0.00063857590019366 -0.00042032448185631 0.00060304617834668 0.00064707892468577 -0.0004161147148843 0.00059689214430771 0.17884630272947 0.019104973174543 4 7 5 5 0
49.014238325691 8.4169778443648 116.08164978027 -0.00697 0.014383 2.0240403267949 0.0021518779711893 -0.007549222742211 0.0052404591947108 -0.0058445837658199 -0.017459605119151 -0.13659538371313 -0.065849648711605 9.807297452501 0.0041648269490785 0.0025786705788267 9.80846854932 7.5557476003084e-05 0.00048810278975155 0.00088040619465938 8.8184717992316e-05 0.00049423496182514 0.00087580795317672 0.17715812146216 0.019104973174543 4 4 5 5 0
49.014238216175 8.4169782315918 116.02104187012 -0.006799 0.014221 2.0320993267949 0.00064798913991998 0.0003175701559834 0.00043891014739038 0.00057271314821476 -0.02434111308249 -0.1370283208581 -0.066638142824506 9.8057707561127 0.0021885610938463 -0.00015339260644069 9.8069540739996 -0.0002687924365905 0.00049872907256924 0.0012401550535162 -0.00025116003674645 0.00050713526069483 0.0012404022121748 0.17923448328935 0.019104973174543 4 4 5 5 0
49.014238183096 8.4169779617946 116.00742340088 -0.00696 0.014205 2.0286603267949 -0.0040376782944055 -0.0060217074366145 -0.00095978568500769 -0.0071863049548472 -0.021008451880232 -0.14099066914779 -0.066829957333986 9.806078713818 -0.0019250996281078 0.0013831465941784 9.8073195958773 -0.00025737662007107 0.00030387990760483 0.0012709395124708 -0.00023934142477189 0.00031272090765197 0.0012723314143503 0.17884630272947 0.019104973174543 4 4 5 5 0
49.014238186178 8.4169781753709 116.03648376465 -0.0068 0.014214 2.0307663267949 -0.00038647903529227 -0.00047573715606417 -0.00013502298030341 -0.00059786085022959 -0.022312570104847 -0.14316407103357 -0.065263344238689 9.8066137091639 -0.0040193048602713 0.001580038957356 9.8078746669426 0.00045800204240752 0.00048243798368943 -8.25617080302e-05 0.0004567606071487 0.0004818893154425 -9.2345780584105e-05 0.17678235206038 0.019104973174543 4 4 5 5 0
49.014238209877 8.416978079961 116.04024505615 -0.006947 0.014199 2.0281793267949 -0.00071985067309081 -0.0020649619484557 0.00026699053523908 -0.0021705794934505 -0.022291910360404 -0.14132099317785 -0.064452396740775 9.8035888832235 -0.0020819222485289 0.003279860044839 9.8048185104713 -0.00055965693314626 -0.00023800094061375 0.00020986950614765 -0.00055659482688268 -0.00023652757433258 0.0002194470514267 0.17678235206038 0.019104973174543 4 4 5 5 0
49.01423821419 8.4169779908981 116.00028991699 -0.006934 0.014209 2.0284163267949 -0.0032168091393247 -0.0055543669445726 -0.00043100056008934 -0.0064041776766926 -0.02195962023531 -0.13467776144119 -0.066691891111791 9.8074971117447 0.0044924208421695 0.001230588820135 9.8086472865474 -0.00042895258280149 0.00014963763287059 0.0010521802434218 -0.00041398868922351 0.00015693702868065 0.001057087423888 0.17884630272947 0.019104973174543 4 4 5 5 0
49.014238275151 8.4169779453083 116.06596374512 -0.006949 0.014294 2.0252703267949 0.00069290470987825 -0.0046170416751303 0.0026512820928254 -0.0038431162941742 -0.019966602322293 -0.13696702102821 -0.067257453404708 9.8091603174655 0.003236736525713 0.00079306070721816 9.8103466966595 9.0069012429782e-06 -0.00021704594642948 0.00038046131892712 1.4474652360325e-05 -0.0002143730821019 0.00038180025206735 0.17715812146216 0.019104973174543 4 4 5 5 0
49.01423829654 8.4169780671379 116.01612854004 -0.006791 0.014267 2.0285183267949 0.0015139845376186 -0.0037232083478687 0.0030020711399207 -0.0026722889385128 -0.023646515742154 -0.13888455886247 -0.065466050970631 9.808878909319 0.0012493928127298 0.0014257265957665 9.8100803078906 0.00034057028128273 -0.00019693923679782 -7.6326047603589e-05 0.00033946276967351 -0.00019745273378851 -7.9847125195417e-05 0.17923448328935 0.019104973174543 4 4 5 5 0
49.014238284803 8.4169778863715 116.07719421387 -0.006917 0.014304 2.0246143267949 0.001029150461948 -0.005844682920983 0.0034888895782659 -0.004800797957222 -0.018391962782018 -0.14038487783614 -0.06962453352248 9.8104116803216 -4.9000947777488e-05 -0.0013204224207815 9.8116628960471 0.00099779778671336 -0.00015315282230818 -0.00038197702310546 0.00099221001757828 -0.00015577904175817 -0.00039510610649186 0.17715812146216 0.019104973174543 4 4 5 5 0
49.014238101081 8.4169778786404 116.03062438965 -0.00701 0.014144 2.0293003267949 -0.0059021238761944 -0.0073007539709908 -0.0020613245976861 -0.0091589880935425 -0.018096614023754 -0.13818616107963 -0.064939688022725 9.810530282741 0.00055406642666882 0.0039042164159119 9.8117175944234 0.00014017643492457 9.7917145071571e-05 0.00041246669055158 0.000145996641482 0.00010083246939426 0.00040976197097296 0.17884630272947 0.019104973174543 4 7 5 5 0
49.014238258347 8.4169780067023 116.05413818359 -0.006919 0.014294 2.0261763267949 6.8785857671404e-05 -0.0035549921564549 0.0016272960990063 -0.0031616322338587 -0.021204977543146 -0.13983446397271 -0.067657431151993 9.8066037854721 0.0001020341882127 6.3751911293942e-05 9.807834101294 -0.00016466604802158 0.00015086091438504 0.001074761889197 -0.00014932125493873 0.00015831829466948 0.0010759490297639 0.17678235206038 0.019104973174543 4 4 5 5 0
49.014238191151 8.4169781123904 116.03695678711 -0.00689 0.01417 2.0291013267949 -0.0010047585125238 -0.0015218939485794 -0.00022714373023865 -0.0018095083499908 -0.022580765790014 -0.13956233745847 -0.062804377591505 9.8138207102842 -0.00038085899567354 0.0045776140286145 9.8150129448194 -0.00031469557574299 -0.00033550039763198 -0.00010059461953183 -0.00031603924906169 -0.00033620195812715 -9.381463712537e-05 0.17678235206038 0.019104973174543 4 4 5 5 0
49.014238352176 8.4169778380537 116.07685852051 -0.006955 0.014374 2.0239223267949 0.0028279730047793 -0.0082165393036547 0.0061392199327185 -0.0061497117251897 -0.018395014609814 -0.13737662375944 -0.066575745953459 9.8051304822461 0.0034991850883388 0.0016833567839644 9.8063179720614 3.5357077898995e-05 8.2505115997813e-05 -0.00017262405690453 3.289644086158e-05 8.1286766247879e-05 -0.00017367211957621 0.17715812146216 0.019104973174543 4 4 5 5 0
49.014238181478 8.4169781582646 116.03838348389 -0.006862 0.014161 2.0304803267949 -0.00058600629946926 -0.00075941443753535 -0.00018813197173284 -0.00094059019404262 -0.022203486483037 -0.13811826427016 -0.066259390142071 9.8070712301563 0.00091880034815824 0.00090080287475461 9.8082676073224 -0.00010155436697504 -0.00027942604993179 0.00058473416113778 -9.3250368253745e-05 -0.00027538067115201 0.00058803517489719 0.17678235206038 0.019104973174543 4 4 5 5 0
49.014238175013 8.4169781398864 116.03435516357 -0.006808 0.014178 2.0299263267949 -0.0010060961619533 -0.0011364861052722 -0.00039808336960229 -0.0014647058528872 -0.022716901993632 -0.14204666612671 -0.063501590728497 9.807670758195 -0.0029755332989511 0.0037075353811381 9.8089039318527 0.00087386012109 -3.3030145378728e-05 0.00010051990348537 0.000875196181977 -3.2332090059219e-05 8.8333366505025e-05 0.17678235206038 0.019104973174543 4 4 5 5 0
49.01423829348 8.4169779900763 116.01148986816 -0.006854 0.014268 2.0272413267949 0.00024373490982624 -0.005080081731661 0.0024580700411478 -0.0044525059270492 -0.023386570180959 -0.13647135033791 -0.06587537936065 9.8099028944151 0.0035652828961258 0.0016623321386391 9.8110726934244 0.00050314104509261 -0.00020551312241142 0.00095427356295422 0.00051673899530022 -0.00019892863544641 0.00094838937675735 0.17923448328935 0.019104973174543 4 4 5 5 0
49.014238220389 8.4169780534102 116.04399108887 -0.006882 0.014259 2.0276203267949 -0.00039518001307667 -0.0026685819598893 0.00082317075072911 -0.0025691130175555 -0.021946036705184 -0.13385582062917 -0.065050488332323 9.8062183901719 0.005689579608096 0.0025888261133541 9.8073454915735 0.00036559388840145 0.00039422461196649 -3.391569534658e-05 0.00036502492989139 0.00039397389215349 -4.1817753690554e-05 0.17678235206038 0.019104973174543 4 4 5 5 0
49.01423830209 8.4169780348407 116.01592254639 -0.006793 0.014281 2.0278423267949 0.0011880094712072 -0.0043323667842486 0.0029768499247889 -0.0033642868160201 -0.023544959707928 -0.13405803671293 -0.064603313570661 9.8092765527974 0.0060466084438996 0.0023954866829206 9.8104031342923 0.00045772916592603 2.0862551998042e-05 0.00014754700031922 0.00045978525405656 2.187043335654e-05 0.00014085260435691 0.17923448328935 0.019104973174543 4 4 5 5 0
49.014238228253 8.4169782285099 116.01499176025 -0.006775 0.014208 2.0319263267949 0.00093551644611612 -8.979192574903e-06 0.00084182005708084 0.0004079056570181 -0.025065240848472 -0.13999901990834 -0.064972789795298 9.8050643765088 -0.00055504490167557 0.0013579520565937 9.8062789384137 -0.00016785355435303 -8.0490729459695e-05 -0.00022397354648492 -0.00017100038320685 -8.1991172992743e-05 -0.00022101265604851 0.17923448328935 0.019104973174543 4 4 5 5 0
