49.01424328816 8.4169800028893 116.23581695557 -0.007478 0.014767 1.9806333267949 -0.0091477367448959 -0.015863118897848 -0.0020580703530195 -0.018195398459892 0.010869400090811 -0.14913165735104 -0.071252105717259 9.8074991160594 -0.0042423978878007 0.0024537213785043 9.808890378745 0.00062233769973017 -7.4574713228874e-05 0.0014651194177275 0.00064393287939043 -6.3606742266277e-05 0.0014562875523452 0.38791880593753 0.0367695526217 4 5 4 4 0
49.014243517331 8.4169808093494 116.29218292236 -0.007462 0.014784 1.9703773267949 -0.01504247406064 -0.016557132875427 -0.007412282244366 -0.021106236260716 0.013722279819335 -0.14731333977874 -0.066973245936011 9.805266018484 -0.0023711580851618 0.0064102897884534 9.8065988309481 0.00039358585551692 2.8510322795214e-05 -0.00046624989213143 0.00038662097855162 2.503771254595e-05 -0.00047221575725582 0.377584427645 0.027586228448267 4 4 4 4 0
49.014243293791 8.4169799938257 116.22198486328 -0.007555 0.014787 1.9818033267949 -0.008516981879885 -0.015871006039061 -0.0014515209612785 -0.017952949763342 0.0095482450950628 -0.14382796895135 -0.068092753901093 9.8092234644264 0.0009728036225756 0.0057900014645785 9.810512456277 -0.00045464645102714 0.00052819025316022 0.0007648674231548 -0.00044333305097377 0.00053397734708234 0.00076745259620415 0.38791880593753 0.0367695526217 4 5 4 4 0
49.01424328958 8.416980068702 116.26211547852 -0.007482 0.014735 1.9767803267949 -0.010656967272173 -0.015819617899924 -0.0035314950156625 -0.01874441007081 0.012842168720335 -0.14494621838329 -0.069771197499192 9.8078779690438 -0.00016452066447838 0.0037930410096174 9.8091964430049 0.00025078390983574 -0.00045130469324982 0.0010594614537117 0.00026640714167706 -0.00044337110777801 0.0010590150660691 0.37734334497908 0.020518284528683 4 4 4 4 0
49.014243604431 8.4169810005791 116.28119659424 -0.007436 0.014776 1.9694133267949 -0.014606416021777 -0.016448931107291 -0.0070728097378017 -0.020830030854894 0.013114022251198 -0.14074073223908 -0.067920123594898 9.8086885846251 0.0042686028695602 0.0051632250024455 9.8099311697682 0.00021956016014032 -0.00016275867707987 0.00024056828317103 0.00022308582557414 -0.00016094405285461 0.00023850944075002 0.377584427645 0.027586228448267 4 5 4 4 0
49.014243337183 8.4169802305338 116.28984069824 -0.007483 0.014795 1.9733693267949 -0.012596722461455 -0.016081726066559 -0.0052833572564138 -0.019732805034247 0.013982270505636 -0.1416024702555 -0.068387352814231 9.808331908672 0.003353845232775 0.0051675229447857 9.8095901837719 0.0002975157489626 0.00030762826149351 -0.00016563209175659 0.00029500284416792 0.00030637859146125 -0.00017229449908137 0.37734334497908 0.020518284528683 4 4 4 4 0
49.014243428034 8.4169805441078 116.2993927002 -0.007502 0.014772 1.9716113267949 -0.014099103516751 -0.016141043576099 -0.0066816886396955 -0.020363525816327 0.013801169605952 -0.14072074221528 -0.067967639967568 9.8033793764771 0.0038884068553261 0.0052754384118061 9.8046229819768 -0.00051285389363736 0.00039998041257534 0.00020858410975099 -0.00050974135759311 0.00040151567389962 0.00021316835556445 0.37816001903956 0.024083189157585 4 4 4 4 0
49.014243380164 8.4169803639197 116.2931060791 -0.007475 0.014726 1.9720433267949 -0.013397313732476 -0.016042646369513 -0.0060629625000226 -0.020002317673226 0.013544241420045 -0.15061728836564 -0.067867878071535 9.8120771905538 -0.005843322308889 0.0056082514705948 9.8134644217363 0.00023703745036908 -0.00049960741219141 -0.00022323609472758 0.00023378188426807 -0.00050126704528183 -0.00022298927352506 0.37816001903956 0.024083189157585 4 4 4 4 0
49.014243434152 8.4169805797217 116.30014038086 -0.007494 0.014783 1.9715603267949 -0.014377860266693 -0.016229663519097 -0.0069061514199925 -0.020553096123729 0.014062483482625 -0.14637708001056 -0.07262846594504 9.8094449981145 -0.0015834582444935 0.0010089033715233 9.8108058254248 0.00026294985947485 0.0004222162393783 0.00043371497515778 0.00026927345696169 0.00042548944735818 0.00042660828182627 0.37816001903956 0.024083189157585 4 4 4 4 0
49.014243318219 8.4169801763707 116.28774261475 -0.007496 0.014754 1.9738093267949 -0.012321072893151 -0.016008494903988 -0.0050487342304528 -0.019559853072762 0.013871804036421 -0.15025611329373 -0.071538847474874 9.8093586880571 -0.0052012247233023 0.0019798810053771 9.8107685380113 -1.7318408460784e-05 -0.00058512503488177 0.00066252018642462 -7.4756076487144e-06 -0.00058013120242863 0.00066708298973854 0.37734334497908 0.020518284528683 4 4 4 4 0
49.014243438688 8.4169806063571 116.30069732666 -0.007512 0.014742 1.9714513267949 -0.014496380862403 -0.015970149918147 -0.0071184730690005 -0.020359708068698 0.013981666442008 -0.14119882628169 -0.072392602062996 9.8087714295105 0.0035606885979905 0.0011130286487714 9.8100540279209 -0.00028747563256779 -0.00026658839802157 0.00012877076623852 -0.00028550635288231 -0.00026563863633552 0.00013498573140841 0.37816001903956 0.024083189157585 4 4 4 4 0
49.014243298439 8.4169799799386 116.20624542236 -0.00749 0.014738 1.9832683267949 -0.0078356646252807 -0.016002446076536 -0.00074723770109063 -0.017801856228337 0.0080841795212251 -0.15141351951659 -0.072860547618499 9.8075611509848 -0.0065498075430649 0.00097504055760995 9.8089981461076 0.00059130277488152 -0.00041977980176631 0.0002438145898369 0.00059487021838278 -0.00041793693452237 0.00023819568764557 0.38791880593753 0.0367695526217 4 5 4 4 0
49.01424350143 8.4169807699768 116.29437255859 -0.007529 0.014813 1.9707093267949 -0.015198824643449 -0.016606188119472 -0.0075295540024968 -0.021214961748808 0.013750384256913 -0.14672911842834 -0.075472257930116 9.8094622668594 -0.0017028384399008 -0.0018416532078067 9.8108494644013 -0.00041328068931786 0.00047560816097023 0.00045983812079355 -0.00040651224649149 0.00047907538849176 0.00046229579089392 0.37816001903956 0.024083189157585 4 4 4 4 0
49.014243352329 8.416980276343 116.29208374023 -0.007525 0.014726 1.9730643267949 -0.01280457354218 -0.016001286584296 -0.0055143399035029 -0.019738001520954 0.013953818909741 -0.14429653453726 -0.072616601415446 9.8079861887847 0.00048219254239648 0.00099410380483935 9.809316414403 -0.00035423372355985 -0.00060862972397653 0.00066344604788159 -0.00034430311166935 -0.00060359961637552 0.00067315407828482 0.37734334497908 0.020518284528683 4 4 4 4 0
49.014243314208 8.4169801566823 116.2809753418 -0.007512 0.014808 1.9744853267949 -0.011860751129966 -0.015938239582791 -0.0046384169530702 -0.019318064028485 0.013620985000275 -0.14399997655696 -0.072119877127385 9.8091420927358 0.0010466892338748 0.0014704981131928 9.8104640033698 -0.00015939100583078 0.00036697316898056 0.00038964435272043 -0.00015363180881849 0.00036987399485346 0.00038920525539035 0.37734334497908 0.020518284528683 4 4 4 4 0
49.014243278462 8.4169800255213 116.25594329834 -0.007502 0.014762 1.9779683267949 -0.010207405620209 -0.01584934210667 -0.0030860050790514 -0.018597345529641 0.012535852357814 -0.14493423367875 -0.068687046782336 9.8103337532404 -1.8109668561968e-06 0.0050716878326599 9.8116435763914 0.00025886318383749 -0.00017468788647116 0.00046644508143362 0.00026574706755349 -0.00017116239884569 0.00046388754853996 0.37734334497908 0.020518284528683 4 5 4 4 0
49.014243467983 8.4169806975275 116.29848480225 -0.007493 0.014792 1.9710873267949 -0.015225852850811 -0.016952529070303 -0.0074124361086177 -0.021546936556449 0.013918938547056 -0.14814206468027 -0.068921815041724 9.8038510106964 -0.003387181855106 0.0044011178795558 9.805210862348 -0.00022237879215951 0.00046091012010232 -0.00030537505681447 -0.00022692383950273 0.00045863549891357 -0.0003054953218944 0.37816001903956 0.024083189157585 4 4 4 4 0
49.014243294759 8.4169801028417 116.26915740967 -0.007474 0.014736 1.9761723267949 -0.011164513153607 -0.015756506460472 -0.004039707944947 -0.018883581387521 0.013241747594375 -0.14188618351875 -0.067202861405437 9.8132771693442 0.0029091749658934 0.0063643275080718 9.8145306659075 0.00038759368005972 -0.00030392400049865 0.00071710254811108 0.000398171057806 -0.00029852714165041 0.00071359201738189 0.37734334497908 0.020518284528683 4 4 4 4 0
49.014243544607 8.4169808653892 116.28858184814 -0.007464 0.014814 1.9699933267949 -0.015071773829427 -0.017102495699697 -0.0072349220115046 -0.021617386430622 0.013436554721091 -0.13998750453007 -0.063382328537741 9.8094468394986 0.0050664090908709 0.0098596812616114 9.8106438451554 -3.2029309290692e-05 0.00043520193595496 0.00095529937811017 -1.7991129096733e-05 0.00044231321859803 0.00095240564953125 0.377584427645 0.027586228448267 4 4 4 4 0
49.014243665552 8.4169811673375 116.27178192139 -0.007412 0.014783 1.9688723267949 -0.01426276898727 -0.016169587732686 -0.0068769149730386 -0.020435009599179 0.01255890648874 -0.14536689070581 -0.072037115064614 9.813883023577 -0.00019727369996128 0.00080859461728773 9.8152236301461 0.00011158818375922 -0.00018243129152815 0.00060717949634747 0.0001205664232457 -0.00017794021299341 0.00060681897865775 0.377584427645 0.027586228448267 4 5 4 4 0
49.014243308104 8.4169801410625 116.27627563477 -0.007528 0.014758 1.9751773267949 -0.01157859810768 -0.015794583050652 -0.0044197871121697 -0.019078638585474 0.013419556643034 -0.14608075080915 -0.069149361306382 9.8045823023867 -0.001351039252421 0.0044861482772868 9.8059132758932 -0.00030353273388914 -5.7771110600302e-05 0.00020396807559302 -0.00030047993171117 -5.6251776159162e-05 0.00020886949783056 0.37734334497908 0.020518284528683 4 4 4 4 0
49.014243406547 8.4169804803974 116.29578399658 -0.00746 0.014691 1.9718763267949 -0.013765593075071 -0.015666496323532 -0.0065575328432922 -0.019797210726037 0.013596774075395 -0.14430705396358 -0.068600349335731 9.8092927142497 0.00024082265497858 0.0047506349087424 9.8105932228315 0.00032444543800935 -0.00074042191472965 0.00033867901059048 0.00032948067579571 -0.00073794689588538 0.00033942021407245 0.37816001903956 0.024083189157585 4 4 4 4 0
49.01424328324 8.4169800179982 116.24925231934 -0.007536 0.01479 1.9790093267949 -0.0096721131519695 -0.015888529613155 -0.0025566778945293 -0.018424192819657 0.01192201692668 -0.14369332155122 -0.070523520718924 9.8071046181923 0.0012464063617437 0.0032587490672681 9.8084103457788 -0.00025533107740215 0.00024045521957062 0.00020417862887216 -0.00025227567688899 0.00024197868767054 0.00020612662229636 0.37734334497908 0.020518284528683 4 5 4 4 0
49.014243731808 8.4169813145498 116.26165008545 -0.007378 0.014764 1.9681283267949 -0.013798377545072 -0.015760812120439 -0.0066209959899436 -0.019873634774695 0.011842103715806 -0.14186591020281 -0.070244823814066 9.8046560602434 0.0030228632831003 0.0022966188746782 9.8059333389855 0.00022650157278924 -0.00026622457800797 0.00045725921560197 0.00023324098789825 -0.00026283309182411 0.00045584918289003 0.377584427645 0.027586228448267 4 5 4 4 0
49.014243642311 8.4169811061517 116.27564239502 -0.007442 0.014777 1.9691643267949 -0.01444403082542 -0.016795822852614 -0.0067967044251797 -0.021083995626113 0.012618593646491 -0.14085487855581 -0.066426471754779 9.8064494591938 0.0043554008770602 0.0064167363210282 9.8076828725027 -0.00029221531837936 -0.00054019135120037 0.00068612860411311 -0.00028196892866017 -0.00053506541884298 0.0006943668238413 0.377584427645 0.027586228448267 4 5 4 4 0
49.014243564261 8.4169809096993 116.28591918945 -0.007425 0.014804 1.9697323267949 -0.014914173729706 -0.016955198027609 -0.0071535916681088 -0.021418163805226 0.013220092101133 -0.14721763842819 -0.073954934134286 9.8081685065916 -0.0020577408578298 -0.00069515309642951 9.8095518174442 0.00073142590370959 4.2342607525501e-05 0.00066891444955223 0.00074121195666573 4.7332462547606e-05 0.000657694789938 0.377584427645 0.027586228448267 4 4 4 4 0
49.014243625869 8.4169810575992 116.27823638916 -0.007418 0.014793 1.9692953267949 -0.014502990017462 -0.01665977017752 -0.0069005844321072 -0.020982543938672 0.012890133739297 -0.14115143044126 -0.066602138867451 9.8095054182455 0.0040372613373889 0.0063245534301818 9.8107441043432 0.00022021853478937 -0.00015030694042675 0.00085261239935386 0.00023282163671877 -0.00014395433639783 0.00085036230605306 0.377584427645 0.027586228448267 4 5 4 4 0
49.014243371965 8.4169803358542 116.29130554199 -0.007452 0.01475 1.9724933267949 -0.012936540260173 -0.016030991403088 -0.0056342191718339 -0.019814183515541 0.013688523503914 -0.13993961504969 -0.067200544369556 9.8036233442935 0.0047776903020987 0.0061776223748427 9.8048496230951 0.00055067390777165 -0.00019070702420146 0.00035016287481231 0.00055583621608412 -0.00018805614770709 0.00034343000255722 0.37734334497908 0.020518284528683 4 4 4 4 0
49.01424368315 8.4169812056797 116.26863098145 -0.007356 0.014791 1.9684633267949 -0.014027293828399 -0.015806585787743 -0.0068075333162925 -0.020006760430872 0.012200152976853 -0.14334648576063 -0.066460020244041 9.803914908358 0.0015703628956684 0.0059973011035566 9.8051860225925 0.00054465935169249 0.00014462869940775 -0.00010972722715607 0.00054295531858421 0.00014384909938427 -0.00011879781540425 0.377584427645 0.027586228448267 4 5 4 4 0
49.014243396862 8.4169804196378 116.29438018799 -0.007462 0.014745 1.9717643267949 -0.01352318133838 -0.015932370058091 -0.0062299664015214 -0.019947503179865 0.013624279539122 -0.1432123992582 -0.068202846912401 9.8087985062084 0.0015090688898368 0.0051198098263254 9.8100794059005 0.00021516779270311 -0.0001307969608782 0.00077805377512283 0.00022665309884747 -0.00012499256888016 0.00077572895739563 0.37816001903956 0.024083189157585 4 4 4 4 0
49.014243442164 8.4169806390055 116.30109405518 -0.00747 0.014794 1.9713813267949 -0.014843034230141 -0.016590646644987 -0.0071971854500202 -0.02106575080042 0.014176751873397 -0.14403747551099 -0.060986764944465 9.806863194365 0.0007682273672378 0.012277913006651 9.8081028722054 5.5187109815304e-05 0.0005351030790305 -0.00032143244051987 5.0415353806827e-05 0.00053271876421149 -0.0003262245673283 0.37816001903956 0.024083189157585 4 4 4 4 0
