49.014239580354 8.4169804288666 115.3274230957 -0.011143 0.014132 1.6044343267949 -0.0079019729815026 0.0015006615162404 -0.0079479305090325 0.0012343432459403 -0.0069609596415821 -0.1481924489361 -0.11225022355512 9.8062287435777 -0.0095911541357469 -0.0030667663506853 9.8079855882856 -0.00016080796392336 2.4157248785465e-05 0.00087685483924511 -0.00014841816720381 3.3906269674828e-05 0.00087870194112773 0.14835430563351 0.017691806012954 4 5 4 4 0
49.014239894112 8.4169805102651 115.37508392334 -0.011272 0.015771 1.5945073267949 0.065923884963456 -0.010318148092591 0.06614995372459 -0.0087526682623995 -0.016059019658987 -0.14497655621275 -0.11204548975364 9.8057407730168 0.0096893583638681 -0.0014829993375922 9.8074475136274 -5.0162548078656e-05 0.0002089112937612 0.00060665620451941 -4.0652432475603e-05 0.00021570875862665 0.00060498169654618 0.14475496537252 0.017691806012954 4 5 5 5 0
49.01423951407 8.4169805836882 115.3346786499 -0.011109 0.014128 1.6040273267949 -0.014202539810061 0.0049165216910727 -0.014358095626722 0.0044417620147736 -0.0050044697960279 -0.1499257876193 -0.11400163433854 9.8121504812135 -0.011179034188318 -0.0049772766033362 9.8139502606274 1.8106756792308e-05 -0.00026427899951327 0.00043418246375887 2.4277527591451e-05 -0.00025943623004734 0.00043676717975242 0.1510926867853 0.019104973174543 4 5 4 4 0
49.014239530417 8.4169805321822 115.3335723877 -0.011096 0.014133 1.6040683267949 -0.012684968978574 0.0037391302043957 -0.012802487448843 0.0033144670460538 -0.0054496409856581 -0.15066282510801 -0.11140450707102 9.8077867506331 -0.011967128662633 -0.0024974971219051 9.8095687458678 0.00011961427396412 -0.00019529071146199 -6.0386349553854e-05 0.00011878729203417 -0.00019593416577968 -5.9895867347262e-05 0.1510926867853 0.019104973174543 4 5 4 4 0
49.014240595211 8.4169805274024 115.28345489502 -0.011187 0.015497 1.5966893267949 0.066868114807241 -0.0036638816967393 0.066940255718257 -0.0019418310993333 -0.025975993572347 -0.14096598529116 -0.11029924743404 9.8059099188563 0.011420367852475 -0.00055103153040232 9.8075370069353 0.00014848632651805 -0.00057687235078389 0.0010264328683301 0.00016451407093413 -0.00056531434319167 0.0010303484565732 0.14425324953012 0.017691806012954 4 5 5 5 0
49.014240203707 8.4169802760256 115.28323364258 -0.011234 0.014652 1.6024173267949 0.025950197054864 -0.0040572133709966 0.026064947375486 -0.0032392597251689 -0.017327132641879 -0.15067673878328 -0.11274340018823 9.806670688202 -0.006811825983897 -0.0027364582954116 9.8084732340825 -0.00039249799928572 0.00057373364030743 0.00028077444774852 -0.00038842848515967 0.00057681281482882 0.00028002348823365 0.14648549416239 0.017691806012954 4 5 5 5 0
49.014239521296 8.4169805590054 115.33457183838 -0.011053 0.014132 1.6040273267949 -0.013424801889329 0.0042934010461105 -0.013560248291532 0.0038442299679226 -0.0053199508421347 -0.14302852922787 -0.11111604266774 9.8073766390364 -0.0042960921933159 -0.0022220867303614 9.8090474264088 0.0008696022628342 -0.00030428221989546 -0.00012400865918416 0.00086778999593021 -0.00030565705364813 -0.00013291029908362 0.1510926867853 0.019104973174543 4 5 4 4 0
49.014240052591 8.4169802803882 115.2912979126 -0.011195 0.014478 1.6028333267949 0.018651635497374 -0.0033413396851268 0.018748847611516 -0.0027440983853524 -0.014973684160613 -0.15064475593129 -0.11431389008028 9.8074157036766 -0.0081963928476761 -0.0045064258418684 9.8092339507319 2.9621179876673e-05 -0.00019340974361605 -0.00012728727386191 2.7845832424207e-05 -0.00019485584111359 -0.00012552754395066 0.14648549416239 0.017691806012954 4 5 5 5 0
49.014239870984 8.4169805001559 115.37756347656 -0.011291 0.015813 1.5945683267949 0.065684659631119 -0.010716232064524 0.065921518370652 -0.0091471996697457 -0.015649334723537 -0.14381296400599 -0.10654584829335 9.8081824644958 0.01099378079933 0.0041298293539217 9.8098080284922 -0.00016754174635968 0.00053630991690455 0.00091857919731713 -0.00015311062051281 0.00054662946320731 0.00091499280749775 0.14475496537252 0.017691806012954 4 5 5 5 0
49.014239548316 8.4169804757124 115.33142852783 -0.01112 0.014114 1.6042023267949 -0.010623228779256 0.0024843127449482 -0.010700386952543 0.0021275151058655 -0.0060334234204805 -0.14935628355486 -0.1125963295236 9.8092071525954 -0.010948128864622 -0.0034689638372832 9.8109835646524 4.4406108833373e-05 3.994969450945e-05 0.00013664430179079 4.6297341529676e-05 4.1475163745693e-05 0.00013555664986246 0.14835430563351 0.017691806012954 4 5 4 4 0
49.01423953989 8.41698050816 115.33291625977 -0.011111 0.014126 1.6041303267949 -0.011625126382704 0.0031557075190811 -0.011723969278855 0.0027659256329133 -0.0056332070331803 -0.14295397856245 -0.1058250476765 9.8105109830202 -0.0043317483318189 0.0032044515173638 9.8121216826014 -1.945738056176e-05 -0.00015241119710066 0.00043098351062966 -1.3311837373531e-05 -0.00014757706203564 0.00043288593089161 0.14835430563351 0.017691806012954 4 5 4 4 0
49.014239486209 8.4169806963667 115.33289337158 -0.011053 0.014144 1.6039683267949 -0.017268813509853 0.0068433889172862 -0.017486270510992 0.006266914874571 -0.0046350300915015 -0.14065170028535 -0.10757764071882 9.8095750790819 -0.0018791548211306 0.0010493820889325 9.8111729143324 0.00038296845803353 -6.4508289639937e-05 0.00042157151960922 0.00038891361377589 -5.9820822589301e-05 0.00041676887536494 0.1510926867853 0.019104973174543 4 5 4 2 0
49.014239666473 8.4169803760281 115.32106018066 -0.011156 0.014178 1.6043003267949 -0.0021960313488521 -0.00021437157861718 -0.0021876498387238 -0.00028779648375298 -0.0085079992128641 -0.14395462896752 -0.10730283968626 9.8069225715607 -0.0047740200635906 0.0019921574698345 9.808564575965 -0.00024906643522064 -4.9844420225037e-05 0.00053924424064781 -0.00024141398103464 -4.3831862924673e-05 0.00054323131588697 0.14835430563351 0.017691806012954 4 5 4 4 0
49.014239556867 8.4169804484074 115.33016204834 -0.011112 0.01411 1.6043093267949 -0.0095530503257807 0.0018665646771486 -0.0096102996485706 0.0015449649422895 -0.0063908266093498 -0.1380319084765 -0.10877804736724 9.8072489261333 0.00047328594833933 0.00035737436848509 9.8088233742339 0.00024462891227123 -0.00024096746255838 0.00023543201942854 0.00024795965957463 -0.00023832645532122 0.00023460780904085 0.14835430563351 0.017691806012954 4 5 4 4 0
49.014239998112 8.4169805527065 115.36665344238 -0.011232 0.015736 1.5944453267949 0.066094799869879 -0.0085473509294438 0.066278021037814 -0.0069858195348527 -0.016729863375094 -0.14142542300794 -0.1090210848211 9.8051938785012 0.012859482213967 0.0011460307744321 9.8068111482913 -6.0663754940862e-05 0.00027140116605218 0.00070580979085335 -4.9608994944084e-05 0.00027934646755167 0.00070359408015116 0.14475496537252 0.017691806012954 4 5 5 5 0
49.014240678679 8.4169804954464 115.28173828125 -0.011167 0.015514 1.5971253267949 0.066155081884754 -0.003740863868979 0.066230525669901 -0.0020015908626701 -0.025111645922744 -0.14524733635049 -0.11117965857759 9.8058804858156 0.0070494058555403 -0.0014701801425455 9.8075838861602 0.00039231991042357 -2.6317794439298e-05 0.00045997596063851 0.00039941998907013 -2.116732550944e-05 0.00045409254414145 0.14425324953012 0.017691806012954 4 5 5 5 0
49.014240197372 8.4169805914323 115.33986663818 -0.011171 0.015715 1.5947933267949 0.066662442966429 -0.0059736588683712 0.066786739530892 -0.0043700608114073 -0.019927346118695 -0.14587315015423 -0.11182275860729 9.8063154490463 0.0080491898949763 -0.0022803911812245 9.8080340637506 -4.3661458127581e-05 0.00038416984500563 8.574563239986e-05 -4.2413191220207e-05 0.0003851267107895 8.2132392130895e-05 0.14475496537252 0.017691806012954 4 5 5 5 0
49.014240701831 8.4169804423889 115.25898742676 -0.011185 0.015303 1.5982333267949 0.058338164354194 -0.0032484060879361 0.058405047402029 -0.0016571585301444 -0.02591188645424 -0.14290770902833 -0.11004800544441 9.8071318677009 0.0070994037748104 -0.0002887949950579 9.8087880457451 0.00024516739542534 0.00048302102667499 0.00024918785248257 0.00024889925960048 0.00048578951023211 0.0002399948858884 0.14512063946937 0.019104973174543 4 5 5 5 0
49.014240511285 8.416980263063 115.25619506836 -0.011241 0.014901 1.6011973267949 0.039801353066012 -0.0051359909841771 0.039938674305275 -0.0039279682143687 -0.023131715051616 -0.14368244680612 -0.1088933947195 9.8053942761968 0.0027248274499638 0.0011705527741375 9.8070513849899 -0.00028457399157343 -0.00040922109713311 0.00080614727340759 -0.0002724591379026 -0.00040014883811908 0.00081487196775472 0.14512063946937 0.019104973174543 4 5 5 5 0
49.014240714443 8.4169804302946 115.25386047363 -0.011149 0.015267 1.5984113267949 0.057186277221778 -0.0034021498033616 0.05725821722342 -0.0018285634837656 -0.026290065607425 -0.1434829504796 -0.10385251292901 9.8079879125692 0.0062567128577249 0.005783393511243 9.8095833520178 0.00057812453889439 0.00022646898140733 0.00051550151521653 0.00058585966937974 0.00023220009100976 0.00050408399795402 0.14512063946937 0.019104973174543 4 5 5 5 0
49.01424043453 8.4169805805833 115.30592346191 -0.01116 0.015644 1.5956343267949 0.068377690600257 -0.0042221207095134 0.068461367380408 -0.0025249976305258 -0.024053316133043 -0.1473675398066 -0.10795152068794 9.8071084746379 0.006276456392303 0.001419469915253 9.808807696968 -0.00011527774801594 -0.00014332221624783 0.00050333405892077 -0.00010735056268991 -0.00013768564703885 0.00050667063256287 0.14475496537252 0.017691806012954 4 5 5 5 0
49.014239703072 8.416980357389 115.31835174561 -0.011104 0.014234 1.6041953267949 7.8256519393903e-05 -0.00063703887970679 9.9427375579827e-05 -0.00063417778539177 -0.0090827481284072 -0.14766758222895 -0.11286296262425 9.8068050923605 -0.0081223680834598 -0.003626475967801 9.8085623462236 0.00054737316386133 0.00033220771267824 0.00041535926575327 0.00055316115120745 0.00033682671478745 0.0004038175116551 0.14835430563351 0.017691806012954 4 4 5 4 0
49.014240297653 8.4169806013149 115.32234191895 -0.011199 0.015645 1.5954183267949 0.066841439065105 -0.0048276942693604 0.066939921988585 -0.0031826251560604 -0.02191140491116 -0.14686313306179 -0.1100815064476 9.803858319133 0.0065580782842014 -0.00066144917946954 9.8055739191167 -0.00064698091609744 -3.015936301476e-05 0.00012775466762173 -0.00064494505837469 -2.8700637635204e-05 0.00013819487980571 0.14475496537252 0.017691806012954 4 5 5 5 0
49.014240456761 8.4169805795022 115.30219268799 -0.011186 0.015581 1.5956873267949 0.067995142142405 -0.0038052158124626 0.068068683177646 -0.0021148589273931 -0.024395775275905 -0.14814143883212 -0.11608189878835 9.8086961432506 0.005178559264316 -0.006564450068723 9.8104979524444 -0.00033810145203759 -0.00057809661997669 0.00071537180195666 -0.0003268307154911 -0.00057005246906198 0.00072698286281556 0.14425324953012 0.017691806012954 4 5 5 5 0
49.014239482157 8.4169807209318 115.33180999756 -0.011062 0.014158 1.6039793267949 -0.017779746185214 0.0072484258064423 -0.018010439717332 0.0066545541864226 -0.0046119232229319 -0.14379548533921 -0.1125913294365 9.8095972564166 -0.0048785507983924 -0.004076985770189 9.8112949337884 2.6900730756445e-05 -8.6493901347998e-05 0.00025692533508281 3.0556491769001e-05 -8.3640930394625e-05 0.00025745946706605 0.1510926867853 0.019104973174543 4 5 4 2 0
49.0142405031 8.4169802674248 115.25553894043 -0.011223 0.014958 1.6010373267949 0.040773581999716 -0.0052126673511852 0.040912188212182 -0.0039813406822825 -0.023349126277594 -0.14871600055564 -0.11069901552695 9.8053488914299 -0.0021944868948556 -0.00072500491316295 9.8071011160457 -0.00012761524042043 0.00041032364451815 0.00043987589400347 -0.00012111357332833 0.00041523571099896 0.00043711674869779 0.14512063946937 0.019104973174543 4 5 5 5 0
49.014240152978 8.4169805806386 115.34463500977 -0.011153 0.015678 1.5948373267949 0.066240736095786 -0.0065184560815483 0.0663782907296 -0.0049240764616196 -0.019217408292284 -0.13931656962277 -0.11101231150008 9.8059887806292 0.014416890864839 -0.0013238442901506 9.8075956141477 0.00057558207323665 3.7561958766351e-06 0.00061852185198153 0.0005852034071673 1.0686081635154e-05 0.00060934402307348 0.14475496537252 0.017691806012954 4 5 5 5 0
49.014240487857 8.4169805775805 115.29908752441 -0.01116 0.015573 1.5957673267949 0.067737237331018 -0.0036468358689743 0.067807078027625 -0.0019576347324112 -0.024549891744042 -0.13834696193192 -0.10849087610275 9.8068391724192 0.014693672267776 0.0010600902350105 9.8084040218266 0.00020850679675582 -0.00033959495695449 0.00077184766188424 0.00022056896507088 -0.00033091558437928 0.0007722578151763 0.14425324953012 0.017691806012954 4 5 5 5 0
49.01423960402 8.4169804182751 115.32543182373 -0.011179 0.014151 1.6043413267949 -0.0063459710334913 0.0010057441412456 -0.0063761558633639 0.00079219729118212 -0.0073845857010371 -0.14107118489026 -0.10774246121886 9.8058429646782 -0.0023058119736179 0.001561145379396 9.8074491382955 -0.00060849299793903 3.8314700623734e-06 -0.00026824247414975 -0.00061222932189646 8.1785596273311e-07 -0.0002596129463908 0.14835430563351 0.017691806012954 4 5 4 4 0
49.014240315763 8.4169802577221 115.27521514893 -0.011223 0.014721 1.6020973267949 0.030107787399101 -0.0046079176425232 0.030236794266123 -0.0036673350326011 -0.018682687558776 -0.143309889911 -0.10892754654588 9.8061106044109 0.001382831835729 0.0011978781335554 9.807762626156 7.8819844304769e-05 0.00010056968058169 0.00030023064881306 8.3236601046996e-05 0.00010391964887988 0.00029787572479986 0.14648549416239 0.017691806012954 4 5 5 5 0
49.01424064153 8.4169803988636 115.25082397461 -0.011156 0.015119 1.5990813267949 0.053661541327479 -0.0037554219290401 0.053745853299669 -0.0022474588976687 -0.026606612795326 -0.14241588079981 -0.11072125591081 9.8064886385792 0.0064375713180457 -0.00095381932367265 9.8081457506778 0.00072249197848961 -0.0004030613481451 0.00076555844636434 0.0007340572947005 -0.00039447586322941 0.00075901384550415 0.14512063946937 0.019104973174543 4 5 5 5 0
49.014239819562 8.4169805002442 115.38108825684 -0.011259 0.015751 1.5947073267949 0.064904321001114 -0.011070947245206 0.065152403618628 -0.0095030724640161 -0.015275876696159 -0.14419650115325 -0.11141734252303 9.8070531011394 0.010287883127667 -0.00070529145163019 9.8087404263019 0.00048488844289772 -0.00012033997276816 0.0002777176405136 0.00048921251007942 -0.00011716253311704 0.00027138956964458 0.14475496537252 0.017691806012954 4 5 5 5 0
49.014239495659 8.4169806706536 115.33353424072 -0.0111 0.014131 1.6039933267949 -0.016494326632557 0.0063714629122213 -0.016696666713908 0.0058206293161528 -0.0047516964802763 -0.14241718774512 -0.11308382828279 9.8031051045978 -0.0036648753501568 -0.0043088277671579 9.8047903650868 -6.4316535616713e-05 -0.00039990675515241 0.00054095071071791 -5.6608118553868e-05 -0.00039383471973433 0.00054621462460015 0.1510926867853 0.019104973174543 4 5 4 2 0
49.014240564012 8.4169805390634 115.28637695312 -0.011202 0.01554 1.5964743267949 0.066560902676327 -0.0036314676002347 0.066632077115071 -0.0019258163787768 -0.025468504639516 -0.14790332728479 -0.11175235302287 9.8057735753454 0.0046057741471562 -0.0019558655250838 9.8075245870015 -2.2543160342035e-05 -0.00016442188755507 0.00052555816689795 -1.4357055012065e-05 -0.00015852987949886 0.00052764685054491 0.14425324953012 0.017691806012954 4 5 5 5 0
49.014240375136 8.4169802549449 115.27017974854 -0.011213 0.014731 1.6018703267949 0.032966868702236 -0.0047517042062124 0.033098220483815 -0.0037285819056614 -0.02012807281269 -0.14870748758032 -0.10920596763598 9.8100521263268 -0.003515109648919 0.00087542538857555 9.8117859369882 0.00013046221295173 -0.0005556695712238 -0.0003514995067649 0.00012535805731207 -0.00055959696780213 -0.00034712763177661 0.14648549416239 0.017691806012954 4 5 5 5 0
49.014240216467 8.4169805845215 115.33425140381 -0.011174 0.015657 1.5952633267949 0.066652395100509 -0.0056367618120916 0.066769672452432 -0.0040152538437095 -0.020647551347205 -0.14711670497797 -0.10932381907925 9.8062827709235 0.0065585865892554 8.4700813046232e-05 9.8079933074517 -0.00026694749451024 -3.9141450073929e-05 6.0730691974407e-05 -0.00026596837577014 -3.8492732650138e-05 6.5330410158095e-05 0.14475496537252 0.017691806012954 4 5 5 5 0
49.014240548298 8.4169803400436 115.25294494629 -0.011191 0.015021 1.5999473267949 0.048186246070182 -0.004244254925704 0.04828890699111 -0.0028492664898522 -0.025545602191624 -0.14245621524748 -0.10588706786102 9.8063304921881 0.0049964078073165 0.0040367263193476 9.8079347911757 0.00047158191000474 0.00027655424424792 0.0003389314977711 0.00047656977992462 0.00028034159946735 0.00032870487306035 0.14512063946937 0.019104973174543 4 5 5 5 0
49.014240093583 8.4169805772757 115.35096740723 -0.011206 0.015696 1.5948653267949 0.065739208930631 -0.006826872824111 0.065883850867917 -0.0052502670612651 -0.018551851787067 -0.15037584424553 -0.11085617365296 9.8050776385159 0.0033357223580931 -0.0010732628540272 9.8068563123451 -0.0001486673990857 0.00054954350742436 -0.00050140843616208 -0.00015663519432476 0.00054387738010573 -0.00050514333003502 0.14475496537252 0.017691806012954 4 5 5 5 0
49.014239879437 8.4169802941977 115.30756378174 -0.0112 0.014305 1.6037503267949 0.0099741138680862 -0.0026607067998242 0.010055984420742 -0.0023324132649646 -0.011696526381625 -0.1402268015015 -0.10754043903484 9.8049928640982 0.00046050995132871 0.0022216242595213 9.8065850470078 -0.00014606460752435 -0.00040460537587474 0.00071125626044212 -0.00013576834803164 -0.00039661501921804 0.00071776838669508 0.14648549416239 0.017691806012954 4 5 5 5 0
49.014239977511 8.4169805391406 115.36896514893 -0.011207 0.015744 1.5943543267949 0.066265962455555 -0.0091217006652484 0.066462218889553 -0.007560345993453 -0.016554763723476 -0.14556669641191 -0.11424155224535 9.8070758267654 0.0089082562999442 -0.0040312138917033 9.808816066037 0.00041485928918423 5.3265498953463e-05 0.0011697170338541 0.0004332255996031 6.639727431581e-05 0.0011624034982636 0.14475496537252 0.017691806012954 4 5 5 5 0
49.01424068817 8.4169804118115 115.25045776367 -0.011242 0.015245 1.5987353267949 0.055860817618556 -0.0035967032296225 0.055939166938185 -0.0020446414555144 -0.026894907352197 -0.14649911492857 -0.11181730616242 9.8057063725445 0.003008101107048 -0.0019240828897675 9.8074375398737 -0.00050992370705381 0.00042877964140957 -6.1043540174918e-05 -0.00051087909551187 0.00042807048659173 -5.8066865042621e-05 0.14512063946937 0.019104973174543 4 5 5 5 0
49.014239490328 8.4169807583025 115.32971191406 -0.011036 0.014139 1.6040163267949 -0.018264880890252 0.0077325147816337 -0.01851152230133 0.0071218843961596 -0.0047371940232167 -0.14505027030631 -0.10643577410811 9.8084498873718 -0.0061369601419299 0.0019866555227077 9.8100976023791 0.00031988030056059 -0.00046222604969907 0.00051068944741456 0.00032716639873779 -0.00045656061748262 0.00051120109667954 0.1510926867853 0.019104973174543 4 5 3 5 0
49.014239974348 8.4169802833107 115.29794311523 -0.011207 0.014423 1.6031933267949 0.014966339325597 -0.0032694041408748 0.015063914624549 -0.0027858129702926 -0.013636535472427 -0.14294686263862 -0.10644496303686 9.8052011687022 -0.0013697376587298 0.0033400447874353 9.8068204587512 -0.00017321622258744 0.00016807082366153 0.00043773352120684 -0.00016690062534052 0.00017296936437577 0.00043828523876451 0.14648549416239 0.017691806012954 4 5 5 5 0
49.014240513869 8.4169805476595 115.29099273682 -0.011218 0.015583 1.5964133267949 0.066540820984146 -0.0035865933686857 0.066610571112519 -0.0018922365024741 -0.025059824600029 -0.14279054511792 -0.10573477483388 9.8093306714085 0.0099968068315186 0.0040386338457609 9.8109340219309 -0.00036953417681446 0.00039685789311157 -0.00036587062352916 -0.00037529460039834 0.00039269806092947 -0.0003644855817153 0.14425324953012 0.017691806012954 4 5 5 5 0
49.014240493998 8.4169802670253 115.25668334961 -0.011202 0.014933 1.6009033267949 0.042092035410014 -0.005195063259012 0.042228803575257 -0.0039319739657629 -0.023669126404871 -0.15159768826056 -0.10950338061338 9.8101342341512 -0.0049623645080182 0.00060567272537721 9.8119153060728 0.00044805560443204 1.6432825030492e-05 0.00087561549145446 0.00046107970480436 2.6230038875662e-05 0.00086860167052809 0.14512063946937 0.019104973174543 4 5 5 5 0
49.014239934996 8.4169802830653 115.30130004883 -0.011209 0.014359 1.6034583267949 0.012426015848514 -0.0030454179570731 0.012518492362868 -0.0026398817811417 -0.012676570938223 -0.14896482660852 -0.11311970390654 9.8085484850922 -0.0078457066042456 -0.003395017894251 9.8103278091628 -0.00039341636431874 -0.00019766199995645 0.00010681645759663 -0.00039178726055517 -0.00019645936583528 0.00011464262612592 0.14648549416239 0.017691806012954 4 5 5 5 0
49.014240032714 8.41698057516 115.36044311523 -0.011179 0.015721 1.5944483267949 0.065809830251703 -0.0077067877300409 0.065973647064805 -0.00614854457425 -0.017252953955981 -0.15282631422184 -0.11287530305881 9.8085398943661 0.0013967093934199 -0.0030220294883375 9.8103793202086 0.00023891417753608 9.8427520956181e-05 0.00073103633487531 0.00025040052691199 0.00010657582841389 0.00072604559932295 0.14475496537252 0.017691806012954 4 5 5 5 0
49.014240632778 8.4169805159752 115.28235626221 -0.011192 0.015521 1.5968893267949 0.066572119135175 -0.003649049429095 0.066644418245844 -0.0019194316241152 -0.025741626202338 -0.14797692653181 -0.10775862447466 9.8104802995345 0.0044311877664678 0.0020625480856706 9.8121867753796 8.4697276294965e-05 -9.2698669867992e-05 0.0010938374161572 0.00010168740536818 -8.0483108943327e-05 0.001093321788845 0.14425324953012 0.017691806012954 4 5 5 5 0
49.014240696005 8.4169804860425 115.27527618408 -0.011127 0.015415 1.5973013267949 0.063481644042916 -0.0034020670164694 0.063549456196059 -0.001720420781314 -0.024887718358896 -0.14650269554655 -0.11436657349817 9.808097296773 0.0049439546398594 -0.0048758863604576 9.8098557188551 0.00067073581236611 -6.811535211498e-05 0.00016488787224558 0.00067322319183424 -6.6254243976851e-05 0.00015528717655492 0.14512063946937 0.019104973174543 4 5 5 5 0
49.014239504478 8.4169806467088 115.33396911621 -0.011068 0.014195 1.6039723267949 -0.015764459528395 0.0058833773543197 -0.015950981735144 0.0053570998167193 -0.0047415538624818 -0.14586764617212 -0.1105376404999 9.8069437319427 -0.0070020283388958 -0.0017141650679297 9.8086485521052 0.00049482257119276 0.00060064370367419 0.0003548697760572 0.00049967423834235 0.00060458465528886 0.00034113763303348 0.1510926867853 0.019104973174543 4 5 4 2 0
49.014239788565 8.4169803246716 115.31288146973 -0.011148 0.014262 1.6039673267949 0.0048218145062906 -0.0018669339743144 0.0048808910582038 -0.0017066066648337 -0.010223348333071 -0.14451862063063 -0.11071585661124 9.8056235170289 -0.0042816382620658 -0.0011743148501715 9.8073125089967 0.00035397397384178 -0.00041884265954971 0.00068392868272736 0.00036377440087361 -0.00041117921619461 0.00068344326705272 0.14648549416239 0.017691806012954 4 4 5 4 0
49.014240065837 8.4169805781231 115.35581207275 -0.011197 0.015694 1.5946333267949 0.065878962017585 -0.0071827591986002 0.066030781352879 -0.005618203780184 -0.017887608634953 -0.1443535991458 -0.10608973226918 9.8092885577158 0.0097433880085198 0.003702671433612 9.8109190539576 -0.00011235835914362 -9.6235866806465e-05 0.00064049474135751 -0.0001022615684332 -8.9085028470938e-05 0.00064321357389105 0.14475496537252 0.017691806012954 4 5 5 5 0
49.014240709823 8.4169804755025 115.2674331665 -0.011151 0.015339 1.5976403267949 0.06064609646956 -0.003079612903353 0.060706784587379 -0.0014557038738067 -0.025236044111719 -0.14715653394055 -0.10922616037035 9.807293973033 0.003547530842537 0.00033675915689468 9.8090052739718 0.00035805893370002 -7.2220463284034e-05 0.00062755052675633 0.00036768135780113 -6.5203759494495e-05 0.00062274617408588 0.14512063946937 0.019104973174543 4 5 5 5 0
49.014240411528 8.4169805827928 115.30925750732 -0.011171 0.015677 1.5956173267949 0.0684154414067 -0.0044118184670643 0.068503710596875 -0.0027161656617445 -0.023711181479544 -0.15014062168728 -0.11245931950268 9.8094292227759 0.003610162013499 -0.0030099720624385 9.8112215690308 -0.00018794925791973 0.00016546979088903 0.00065237003173255 -0.00017775612349187 0.00017274123852393 0.00065337273965043 0.14475496537252 0.017691806012954 4 5 5 5 0
49.01424071081 8.4169804633544 115.26391601562 -0.011172 0.015305 1.5979343267949 0.059388322109901 -0.0030583548454114 0.059449224022158 -0.001454980833594 -0.025450907521091 -0.14518395628206 -0.10983468204596 9.8106253617176 0.0051828989368596 -0.00017806518732256 9.8123128949382 0.00016612175179261 -6.3887642803607e-05 0.00085772041861947 0.00017927923279251 -5.4298438418223e-05 0.00085573047422798 0.14512063946937 0.019104973174543 4 5 5 5 0
49.014239942631 8.4169805203228 115.3720703125 -0.011211 0.015763 1.5943933267949 0.065898038146705 -0.0097421495440873 0.066109928232023 -0.0081817194367802 -0.016241758875624 -0.1450795575835 -0.10661660590856 9.8071076621669 0.0094563638966444 0.0037353059457974 9.8087550372899 0.00064626770808496 0.0001883207054421 0.00067573650707611 0.00065681310855157 0.00019591316116921 0.00066329359155815 0.14475496537252 0.017691806012954 4 5 5 5 0
49.014239511193 8.4169806203486 115.33432769775 -0.011063 0.01419 1.6039473267949 -0.014985170063475 0.0053993883715943 -0.015156148160738 0.0048989574508384 -0.0049800030596188 -0.14577360598968 -0.11109503513334 9.8034337259462 -0.0069874672992589 -0.0023424307014734 9.8051440316129 0.00051751016527629 0.00055466545797321 -0.00026496852134655 0.00051363857673699 0.00055168692091912 -0.00027838852677674 0.1510926867853 0.019104973174543 4 5 4 4 0
49.014240724006 8.416980475079 115.27019500732 -0.011194 0.015387 1.5974543267949 0.061799024664114 -0.0031900993657142 0.061862015150039 -0.0015449433839452 -0.025208224383199 -0.14942782635843 -0.11313316614325 9.80783570172 0.0016230986291274 -0.0034939917525181 9.8096256912836 -0.00023674777031643 -2.022648145611e-05 0.00071534732877978 -0.00022574311689767 -1.2218233456932e-05 0.00071908021428101 0.14512063946937 0.019104973174543 4 5 5 5 0
49.014240691256 8.4169804905152 115.27851104736 -0.011234 0.015427 1.5972203267949 0.064422484544787 -0.0034746017426509 0.064491740526238 -0.0017733430962471 -0.024845664318035 -0.14323712718027 -0.10659902818792 9.8077534331413 0.0086998295468493 0.0030803653032666 9.8093745738204 -0.00087710723924593 -0.0007815471649754 0.00036361719427594 -0.00087124180995476 -0.00077742401565591 0.00038586976753597 0.14512063946937 0.019104973174543 4 5 5 5 0
49.014240522269 8.4169803157278 115.25315093994 -0.011199 0.015005 1.6002703267949 0.045949692784521 -0.0046058118918656 0.046064872420736 -0.003259180643545 -0.024950420030769 -0.14583896392882 -0.11447043608626 9.8055617750882 0.0013401195704614 -0.0044187550095155 9.8073133099793 0.00053564963769296 0.00033005277265947 0.00080096100981724 0.0005475608905996 0.00033900652711762 0.00078908651108185 0.14512063946937 0.019104973174543 4 5 5 5 0
49.014240579385 8.4169803668787 115.25240325928 -0.011226 0.01508 1.5995913267949 0.050671523659245 -0.0038371132935836 0.050760348943314 -0.0023913192248126 -0.026135009135812 -0.15112939992087 -0.11381367014517 9.8077348434722 -0.0029724645046708 -0.0038754434645834 9.8095578318846 -0.00013522901529201 0.00026795307769999 0.00042083152613891 -0.00012890574545025 0.00027265324237695 0.00041976662809806 0.14512063946937 0.019104973174543 4 5 5 5 0
49.014239840199 8.4169803073903 115.30989837646 -0.011145 0.014341 1.6037703267949 0.0071966991621102 -0.0022080166468269 0.0072654989942118 -0.001969929176454 -0.010729050974765 -0.14544927919763 -0.10729366501376 9.8095090582326 -0.0047430883120706 0.0023060053058968 9.811172628616 0.00046770276676397 0.00021565142687161 -0.00041331127481444 0.00046170547784809 0.00021102630419148 -0.00042235445666298 0.14648549416239 0.017691806012954 4 4 5 5 0
49.014240656692 8.4169805022311 115.28311920166 -0.011202 0.015546 1.5970603267949 0.066466701227587 -0.0037360815371298 0.066541661014077 -0.0019972071655383 -0.025385609947089 -0.14491047203687 -0.11044650106734 9.8063150391751 0.0074576850585611 -0.00058703603577295 9.8080046450364 6.2180871127271e-05 0.00033757253415448 0.00090229664428285 7.6140157425812e-05 0.00034767401182628 0.00089737725308966 0.14425324953012 0.017691806012954 4 5 5 5 0
49.014240132223 8.4169802822676 115.28667449951 -0.011217 0.014588 1.6026653267949 0.022382484503077 -0.0035978550529596 0.022485307113046 -0.002886467183635 -0.01600459183147 -0.14389597282642 -0.10976445878085 9.8087138956674 -0.00067435072407153 8.0777337047378e-05 9.8103832881491 -0.00036672844877106 0.00049839268590268 0.00040649290131632 -0.00036083435978786 0.00050287834377805 0.00040615780255545 0.14648549416239 0.017691806012954 4 5 5 5 0
49.014239620364 8.4169803992197 115.32424926758 -0.011165 0.01416 1.6043463267949 -0.0045487589018273 0.00040228644787251 -0.004559703850919 0.00024950231286816 -0.0077311634864672 -0.14851445916225 -0.11154564219982 9.8090111955939 -0.0095105259010172 -0.0022664090767624 9.8107648159046 -0.00047734663008244 8.2043161608045e-07 1.1856292557874e-05 -0.00047710320271843 9.293823416335e-07 1.8630172027558e-05 0.14835430563351 0.017691806012954 4 5 4 4 0
49.014240451516 8.416980254852 115.26343536377 -0.011205 0.014831 1.6016343267949 0.035807580728921 -0.0048922201602051 0.035941063900015 -0.0037890882417954 -0.021170291956798 -0.14139070285585 -0.10926269520372 9.8070554479256 0.0043834579799367 0.00090661511847535 9.8086823557524 0.00050961730889441 -0.00026477852327903 0.00014037919755543 0.00051174938327915 -0.00026322625401682 0.00013580046001599 0.14512063946937 0.019104973174543 4 5 5 5 0
49.014240680504 8.4169804946781 115.28051757812 -0.01115 0.015535 1.5971543267949 0.065346079107643 -0.0035643083102957 0.065417266365626 -0.0018426395647626 -0.024959530315847 -0.1514002498248 -0.11234806050363 9.8060161251113 0.00091331775229958 -0.0027727910844921 9.8078280472097 0.0004362970300124 0.00045317981887423 0.00062824862942986 0.00044590397368664 0.0004601704726182 0.00061628215399073 0.14425324953012 0.017691806012954 4 5 5 5 0
49.014240255097 8.4169805921947 115.3293762207 -0.011147 0.015659 1.5953833267949 0.066612885115116 -0.0052942070930856 0.066722567350875 -0.0036606970853995 -0.021206536462438 -0.14891177644462 -0.10777518068357 9.8108156823733 0.0047331426685659 0.0016713250371447 9.8125360277069 0.00013708447266491 0.00010469002143823 0.00066902300663246 0.00014758669806964 0.0001121150902267 0.00066558707235883 0.14475496537252 0.017691806012954 4 5 5 5 0
49.01424070818 8.4169804802503 115.2727432251 -0.011162 0.015387 1.5973833267949 0.062644304663706 -0.0033364834045782 0.062710795970849 -0.0016723882991955 -0.025048696295224 -0.13876057483747 -0.1096480236353 9.8036169393384 0.012314264321122 -0.00019602137263636 9.8052045941202 7.1079220951913e-05 -0.00012191702623898 0.00038558151834589 7.7026546920335e-05 -0.00011761334053698 0.00038575790369896 0.14512063946937 0.019104973174543 4 5 5 5 0
49.014240365685 8.4169805913923 115.31555938721 -0.01116 0.01569 1.5955073267949 0.067620226493214 -0.0045196558746014 0.067711124411854 -0.0028504703526305 -0.022898618076028 -0.14319002594906 -0.11033032853597 9.8053936598522 0.01035820114001 -0.00099617989601195 9.8070539677074 -0.00010368091560359 0.0004917853076405 0.00046455052482452 -9.6475772387342e-05 0.00049694731410115 0.00046061988534198 0.14475496537252 0.017691806012954 4 5 5 5 0
49.014240516894 8.4169805741561 115.29628753662 -0.011187 0.015587 1.5957703267949 0.067443375910827 -0.0034279984878987 0.067507926806696 -0.0017434222962091 -0.024758738984391 -0.15000256066481 -0.11334802126728 9.8107049980023 0.0029473871286603 -0.0036348043995612 9.8125053190878 -4.4223201948514e-05 0.0001413836838476 0.0001173265041514 -4.2419083680903e-05 0.00014267931347897 0.00011639821543258 0.14425324953012 0.017691806012954 4 5 5 5 0
49.014240508563 8.4169802832641 115.25561523438 -0.011287 0.01498 1.6006493267949 0.043968645709357 -0.0049880065037877 0.044097299116041 -0.0036818861538413 -0.0244469932502 -0.13987026386812 -0.11202027095457 9.8046521624767 0.0070910345005642 -0.0017431915804968 9.8062870686926 -0.00056987199470591 9.9988772273246e-05 0.00012953806296637 -0.00056787670169122 0.00010138074123941 0.00013693599635525 0.14512063946937 0.019104973174543 4 5 5 5 0
49.0142397527 8.4169803363799 115.31446075439 -0.011137 0.014273 1.6041313267949 0.0024936557373116 -0.0012493840991383 0.0025337566114847 -0.0011659923420983 -0.0096784813667424 -0.15123756119082 -0.11199959454771 9.8109356507943 -0.011269772966992 -0.0023733917810267 9.8127336619543 0.00060980675346988 0.00033008340601833 0.001120270545996 0.00062568084146685 0.00034254966331766 0.0011077065916204 0.14835430563351 0.017691806012954 4 4 5 4 0
49.014240468007 8.4169802598292 115.2611618042 -0.011174 0.014895 1.6014683267949 0.038144395535947 -0.0050649812434532 0.038281147607498 -0.0038991392981387 -0.022151156108342 -0.14379009068335 -0.11301116620721 9.8078264379765 0.0025099771061085 -0.0030009423578716 9.8095304486816 0.00073735592532183 6.1303911932186e-05 0.00075284820948689 0.00074847784041355 6.9720122604594e-05 0.00074104505173871 0.14512063946937 0.019104973174543 4 5 5 5 0
