49.01423829752 8.4169772588322 116.71807098389 -0.006772 0.013965 2.0490983267949 0.0023577126828985 -0.013412248404193 0.0082663811260172 -0.010821935145685 0.016509908165044 -0.13681099456601 -0.063546637207179 9.8126962694872 0.00038214614877767 0.0031235269396608 9.8138552768721 0.00035472602397423 -0.00023825406035514 0.00021581444143373 0.00035772769394464 -0.00023679254489253 0.00021245862885099 0.17846288129468 0.017691806012954 4 4 5 5 0
49.014238131876 8.4169774457844 116.69213867188 -0.006671 0.013933 2.0546053267949 -0.0039610177990332 -0.0040565767975024 -0.0016202563909605 -0.0054333412941184 0.0091933576075859 -0.13602375718561 -0.067556641479672 9.8048091937369 0.00081432969913713 -0.0018969481957348 9.805985426298 0.00036973032515373 -0.00025550822793052 0.00045197816448376 0.00037601524437354 -0.00025248090047006 0.00044848020013495 0.17884630272947 0.017691806012954 4 4 5 5 0
49.014238217987 8.4169773003438 116.70388031006 -0.006763 0.014203 2.0513423267949 -0.00033357796487491 -0.0059673396326492 0.0024619988783537 -0.0054459737033637 0.0074239533193217 -0.13558675465502 -0.060053488155669 9.8072618638167 0.0036769882477937 0.0063110132327403 9.8083801866952 8.0336938873953e-05 -9.2142424082236e-06 0.00022629796908693 8.3490767873413e-05 -7.6052681079468e-06 0.0002252166482928 0.18015548839822 0.019798989873223 4 4 5 5 0
49.014238231162 8.4169773089994 116.68466186523 -0.006779 0.014255 2.0520153267949 0.00053074933736303 -0.0062163365209998 0.0033470194674057 -0.005265109478875 0.0050586516057256 -0.13912521020972 -0.066942161660776 9.804378345487 0.00011965803263488 -0.0004534779815173 9.805593637112 -1.905746466626e-06 0.00096647148679782 -0.00010439687363639 -3.4902625750243e-06 0.00096573649136766 -0.00011092443742955 0.18094197965094 0.020518284528683 4 4 5 5 0
49.014238305089 8.4169772564481 116.7123260498 -0.00681 0.013973 2.0491343267949 0.0029870385866454 -0.014073055661164 0.0091289846507395 -0.011119143393003 0.01597683956243 -0.13946757812554 -0.071557023630908 9.805397724956 -0.0022674350717012 -0.0049048901426347 9.8066493125174 -0.00029444679375468 -0.00019766864849912 0.00072371170894599 -0.00028429374448003 -0.00019274412139916 0.00072906514050552 0.17846288129468 0.017691806012954 4 4 5 5 0
49.014238296777 8.4169772060557 116.729637146 -0.006806 0.014003 2.0489473267949 0.0012614715072459 -0.013004957978234 0.0071042529018826 -0.010965844828873 0.01735872679726 -0.13747839983465 -0.070577602801298 9.8036787118625 -0.00030745545084348 -0.0036677599112276 9.8048959747461 0.00039712877281658 0.0001247105264111 0.00019643591411522 0.00039978400181809 0.00012608623746734 0.0001899997288613 0.17846288129468 0.017691806012954 4 4 5 5 0
49.014238063118 8.4169776107813 116.66860961914 -0.006627 0.013826 2.0565373267949 -0.005768852280022 -0.00022735822115343 -0.0049963795320752 -0.0028933626643934 0.0058125063072779 -0.14140196722276 -0.066848281846231 9.8103512620164 -0.0054425568859757 -0.0016773371955688 9.8115961089113 0.0001894031511644 -0.00045760728876507 -0.00096430286600277 0.00017611296220139 -0.00046400347370549 -0.00096376629726227 0.17884630272947 0.017691806012954 4 4 5 5 0
49.014238221007 8.4169771599924 116.75755310059 -0.006828 0.013975 2.0519263267949 -0.0014875730272947 -0.012566905277055 0.0044932123810271 -0.011830261758235 0.019502635294105 -0.14149950225203 -0.065327792848757 9.8054089584435 -0.0044453324961378 0.0017490457370228 9.8066463660406 0.00021999630484351 -1.3132602687094e-05 0.00031234479638467 0.00022434855274595 -1.095731554406e-05 0.00030933590658945 0.17884630272947 0.017691806012954 4 4 5 5 0
49.01423807759 8.416977531134 116.69007110596 -0.006679 0.013967 2.0528793267949 -0.0059754839097718 0.00066361241677175 -0.0056012031692867 -0.0021851820947363 0.006988853608975 -0.13646348008259 -0.064598663243079 9.8091236739999 0.00042458466725426 0.0011692184349099 9.8102852587414 0.00070576624317816 3.7436694118979e-05 -0.0002667689868354 0.00070198161481813 3.5664733852895e-05 -0.0002768429860624 0.18015548839822 0.019104973174543 4 4 5 5 0
49.014238132727 8.4169773591347 116.7163848877 -0.006773 0.014134 2.0516703267949 -0.0038959583532307 -0.0038912636447125 -0.001653465315938 -0.0052523797365174 0.009272524480623 -0.13205800199359 -0.065789053342264 9.8036881992682 0.0062357421579913 0.00080448195827011 9.8047961998158 0.00030674232301658 0.00028838745014045 0.00061498580046847 0.00031534274522198 0.00029256869821485 0.00060864345909679 0.18015548839822 0.019798989873223 4 4 5 5 0
49.014238077033 8.4169775043263 116.6929397583 -0.006721 0.013994 2.0524223267949 -0.0060973874011142 -0.0001207598820666 -0.0053473228756683 -0.0029327233838212 0.0071670039242808 -0.13921353861558 -0.067295628029565 9.8039939235076 -0.0021966170234169 -0.001445406070266 9.8052128302985 7.1802131215922e-05 0.00020728460569046 0.0011391144324827 8.7717262504925e-05 0.00021492345340019 0.0011365876313287 0.18015548839822 0.019104973174543 4 4 5 5 0
49.014238199603 8.4169773072131 116.72901916504 -0.006715 0.013976 2.0537593267949 -0.0021575340701602 -0.0082537267485507 0.0019203960333495 -0.0083121712002962 0.0152023039013 -0.13848681914589 -0.063592275461274 9.8094282820544 -0.0013671017020992 0.0024959653668709 9.8106114667844 0.00027058610300995 8.8409230250298e-05 0.00046817553704582 0.00027710419641007 9.154109038272e-05 0.0004637499761914 0.17884630272947 0.017691806012954 4 4 5 5 0
49.014238204837 8.4169772332027 116.74872589111 -0.006802 0.013941 2.0529323267949 -0.0020773326680336 -0.010504629906932 0.0030287440849987 -0.010270837483151 0.018070650095977 -0.13088084544474 -0.059764300192881 9.8047230074245 0.0059899221879321 0.0068827889276324 9.8057744258954 -0.00021202806879268 -0.00026119554532827 -0.00053806384199996 -0.00021949068641823 -0.0002648472427888 -0.00053327449757825 0.17884630272947 0.017691806012954 4 4 5 5 0
49.014238189862 8.4169773346996 116.71985626221 -0.006723 0.013976 2.0538603267949 -0.002559213243045 -0.0076591971821413 0.0012906699859196 -0.0079716990836303 0.013823908969689 -0.13621280741274 -0.065268620556923 9.8055167030451 0.00090084269752517 0.00062507147562626 9.8066798636348 -0.00013566126034954 -3.4863260438497e-05 -0.00050560512370503 -0.00014269348330078 -3.8283924451797e-05 -0.0005034097420476 0.17884630272947 0.017691806012954 4 4 5 5 0
49.01423811167 8.4169773655748 116.7161026001 -0.006768 0.01411 2.0519443267949 -0.0047334997271362 -0.0035684574163461 -0.0025436426546531 -0.0053544908368111 0.0090767666797084 -0.13660027991646 -0.070952723929254 9.8071119081072 0.0014933789342542 -0.0043371878820884 9.8083188461195 0.00046424869556486 0.00026984429327031 0.00019161728600127 0.00046688862725694 0.00027116811518296 0.00018323167681461 0.18015548839822 0.019798989873223 4 4 5 5 0
49.014238232333 8.4169771565827 116.75479888916 -0.006852 0.013968 2.0513683267949 -0.00083485347859643 -0.012801045125221 0.0051731080992533 -0.011739178510159 0.019437140807443 -0.13852163461956 -0.06585995293126 9.8105923052871 -0.0012295104022524 0.0012581771195494 9.8117910912179 -0.00015662508061363 -0.00034959843703685 0.00018412236994061 -0.0001540063822509 -0.00034828700913516 0.00018868891561394 0.17846288129468 0.017691806012954 4 4 5 5 0
49.014238181057 8.4169773500886 116.71469116211 -0.006715 0.013915 2.0539823267949 -0.002770168706325 -0.0068326535661123 0.00072104257950043 -0.0073375405148723 0.012688576061448 -0.13612575030749 -0.064947939264018 9.8099319080291 0.00083100661947795 0.00085489728845953 9.8110912941242 -0.00015907089344381 -0.00076926799093307 -2.3975552375144e-06 -0.00015897335165625 -0.00076930008077548 4.9516776140708e-06 0.17884630272947 0.017691806012954 4 4 5 5 0
49.014238213323 8.4169773050325 116.7087097168 -0.006772 0.014225 2.0510443267949 -0.00082527014211012 -0.0054399152623584 0.0017808948112995 -0.0052060006856922 0.0081893658548605 -0.13991990382549 -0.067436543710771 9.8081995781881 -0.00066220178761552 -0.00090151802175256 9.8094292699808 0.00024627135435795 0.00034245092160367 0.00037484841585963 0.00025157882554444 0.00034502073265447 0.0003690051699709 0.18015548839822 0.019798989873223 4 4 5 5 0
49.014238063531 8.4169774758377 116.69338989258 -0.006749 0.013947 2.0517263267949 -0.0062327107100226 -0.00082354676937513 -0.0051444495023472 -0.0036138588153956 0.0073636651401061 -0.14134166431669 -0.069563024791465 9.8098702515926 -0.0042233203541286 -0.0031783983421381 9.8111335721877 0.00039169240730242 -0.000479254603106 0.00029279367299541 0.00039577248437411 -0.00047727250239431 0.00029052677812277 0.18015548839822 0.019104973174543 4 4 5 5 0
49.014238323613 8.416977238383 116.70980834961 -0.006776 0.014008 2.0490073267949 0.0037664853230646 -0.014902738393643 0.01020192900183 -0.011497754708121 0.016193613420367 -0.13575091289886 -0.064013478043919 9.8054968657977 0.0016365515735656 0.0025556336526969 9.8066450318383 0.00018567320184991 4.323877688131e-05 0.00059776533814787 0.00019402558676193 4.7295795701421e-05 0.00059479750269548 0.17846288129468 0.017691806012954 4 4 5 5 0
49.014238158058 8.4169773966042 116.70176696777 -0.006713 0.013986 2.0542533267949 -0.0034977017481235 -0.0051705991915965 -0.00069339759455267 -0.0062039017420177 0.010427092023168 -0.13931684659476 -0.065126503462407 9.8079529286091 -0.0023479050221546 0.00071034878496856 9.8091584584006 -1.6609832111841e-05 0.00039859573897465 -0.00027411991611216 -2.0496059211889e-05 0.0003967306701757 -0.00027652744104619 0.17884630272947 0.017691806012954 4 4 5 5 0
49.014238197638 8.4169773353651 116.71089172363 -0.006796 0.014161 2.0509903267949 -0.0017174509641723 -0.0048205902821972 0.00070402119177905 -0.0050687962796609 0.0086197558642827 -0.13709692882464 -0.068015272335167 9.8096327823475 0.0018113897980558 -0.0014808307515027 9.810826152917 -0.00027315227062883 -0.00015124075760453 0.00070786857161422 -0.000263084796266 -0.00014642478394965 0.00071268309300452 0.18015548839822 0.019798989873223 4 4 5 5 0
49.014238219228 8.4169771725801 116.75598144531 -0.006839 0.013958 2.0521893267949 -0.0017331990148164 -0.012159090672398 0.0040913727994806 -0.011580572706764 0.019383023612267 -0.13695295680709 -0.066994792307947 9.8097918644265 2.310823065891e-05 0.00010221379909578 9.8109766100899 -7.9848065861439e-05 -6.9958352446296e-05 -0.00038131008917996 -8.5144692723346e-05 -7.2562597129658e-05 -0.00037967351358785 0.17884630272947 0.017691806012954 4 4 5 5 0
49.014238058082 8.4169774590604 116.6962890625 -0.006779 0.014008 2.0522343267949 -0.0065594270099803 -0.0012969125205152 -0.0052138170893565 -0.0041861396443613 0.0072243717843951 -0.13927530354995 -0.065047981687923 9.8064120857777 -0.0018873389939564 0.0012794802849006 9.8076165953588 -0.00019878472483618 -0.00014914519896711 0.00046492856949473 -0.00019223712069956 -0.00014597598478983 0.00046866595596964 0.18015548839822 0.019104973174543 4 4 5 5 0
49.014238257415 8.4169771540587 116.75058746338 -0.006826 0.013982 2.0506493267949 -2.5512367645551e-05 -0.013161718848259 0.00604767835046 -0.011690190821287 0.018903046791546 -0.13840175173362 -0.064667856360183 9.8066279433097 -0.0011858179978944 0.0024291704959365 9.8078169753315 0.00035699894426681 -8.2514420923224e-05 0.0011552803124217 0.00037314561660798 -7.4588081920053e-05 0.0011507079538395 0.17846288129468 0.017691806012954 4 4 5 5 0
49.014238202554 8.4169773642023 116.65657043457 -0.006786 0.014141 2.0533993267949 0.00072869673830726 -0.0056906313227037 0.003284776594544 -0.0047036508091447 0.0014446449753619 -0.14072323691625 -0.06618506135648 9.8060595300734 -0.0017687345413735 0.00019493793033125 9.8072923465734 -0.00034828665441436 -0.00041531358674273 0.00038844331573071 -0.0003426973977193 -0.00041268525086085 0.00039612567309071 0.18094197965094 0.020518284528683 4 4 5 5 0
49.014238296479 8.4169772240812 116.72652435303 -0.006841 0.013958 2.0489843267949 0.0014879982493021 -0.013202358250369 0.0073966358319486 -0.011036575099869 0.017194418179676 -0.13438303979592 -0.064636285094431 9.8075769196578 0.0026513226076809 0.0021943696831443 9.8087103902514 -0.00041479921347642 -0.00033223752613612 0.00029716491124185 -0.00041059771607123 -0.00033022140750561 0.00030516783193609 0.17846288129468 0.017691806012954 4 4 5 5 0
49.014238078135 8.4169774718532 116.6960144043 -0.006764 0.013973 2.0518483267949 -0.0061599444217331 -0.00072640795820673 -0.0051237197179038 -0.0034959449560828 0.0074491797100061 -0.13430632157005 -0.064043842410663 9.8092540762006 0.0028451266550138 0.0022828864666039 9.8103817595934 0.00014021577232814 -0.00029639484331057 8.3470746597602e-05 0.00014139861381648 -0.00029584752104783 8.3507245149824e-05 0.18015548839822 0.019104973174543 4 4 5 5 0
49.014238217121 8.4169773380421 116.67320251465 -0.006793 0.014164 2.0523023267949 0.00057784221158718 -0.0057680106481088 0.0031825708669692 -0.0048450945564205 0.0036575444727586 -0.14034153960805 -0.067809701178659 9.8099508201393 -0.0011466935282321 -0.0013423451066118 9.8111889619522 -0.00032612227101849 -0.00033861760775114 2.721013079793e-05 -0.00032565857157543 -0.00033841729152998 3.4116631569841e-05 0.18094197965094 0.020518284528683 4 4 5 5 0
49.014238164714 8.4169773850747 116.70482635498 -0.006706 0.013958 2.0542393267949 -0.0032947825498755 -0.0056143098540301 -0.0003081040648188 -0.0065024168272055 0.010977610894251 -0.14062929297217 -0.064976917541666 9.8048944713864 -0.0037097715094146 0.0007136860805642 9.8061174769366 -0.00015023212891986 -6.9297261871625e-05 0.00096618245008883 -0.00013669624071782 -6.2825579371344e-05 0.00096861636327301 0.17884630272947 0.017691806012954 4 4 5 5 0
49.014238090706 8.416977396418 116.70929718018 -0.00678 0.014049 2.0522283267949 -0.0052976784891793 -0.0027245626183556 -0.0034335988693599 -0.0048682112317922 0.0082335163830347 -0.13821385613677 -0.062320377181281 9.8075074993898 -0.00040061006788514 0.0042073365264264 9.8086784192811 0.00013578413447135 -0.0002306962465089 0.00071284164949653 0.00014581372387824 -0.00022580222485529 0.00071241780434474 0.18015548839822 0.019798989873223 4 4 5 5 0
49.014238211012 8.416977342505 116.66785430908 -0.006787 0.014175 2.0527413267949 0.00067792550125706 -0.0059052674564475 0.0033366026351354 -0.0049192048344675 0.0026301860656474 -0.13257176785315 -0.063635212587812 9.8040999789327 0.0065054427277023 0.0027889547444119 9.8052004677228 -0.00021857068191067 -0.00012666596569488 8.5419144462092e-05 -0.00021731230993643 -0.00012609101748141 8.935921606183e-05 0.18094197965094 0.020518284528683 4 4 5 5 0
49.014238291366 8.4169771633078 116.74143218994 -0.006835 0.013968 2.0490943267949 0.00099182585926623 -0.013263723223364 0.006984820609878 -0.011319122751998 0.01814063866239 -0.1375269203991 -0.062851186938494 9.8097258705097 -0.00021955435323018 0.0039751570231365 9.8108902612628 -0.00025520928813729 -0.0006056661550116 0.00020721737942987 -0.00025224012653656 -0.00060423830440866 0.00021487224328013 0.17846288129468 0.017691806012954 4 4 5 5 0
49.0142381107 8.4169774881333 116.68566894531 -0.006658 0.013911 2.0549813267949 -0.0044677941326745 -0.0030765092863172 -0.0025231956401082 -0.0048021994829693 0.0082761316682385 -0.14006983225046 -0.065121705970175 9.8075079644128 -0.0035702479993461 0.00045445330278231 9.8087236418523 0.00041679524973729 4.8058814851567e-05 -0.00050035587742471 0.00040973860391043 4.4748067369351e-05 -0.0005063882554234 0.17884630272947 0.017691806012954 4 4 5 5 0
49.014238039184 8.4169776919473 116.66307830811 -0.0066 0.013866 2.0570733267949 -0.0065567935225016 0.0024665153609841 -0.0069491948506798 -0.00088551856040979 0.0040064590886126 -0.13894404326586 -0.064395322481535 9.8086534588557 -0.0030571192331373 0.00043301346000293 9.8098484492356 0.00024437520124276 0.00013547264926181 -1.5210779945766e-05 0.00024411279073079 0.00013536449505728 -1.9483833997387e-05 0.17884630272947 0.017691806012954 4 4 5 5 0
49.014238191334 8.4169774181283 116.63032531738 -0.006775 0.014192 2.0545813267949 0.00086323710215665 -0.004759783501372 0.0029767387587866 -0.0038130446651511 -0.002023920111585 -0.14024059702811 -0.067073055696316 9.806145128503 -0.0010870745742958 -0.00066043966536381 9.8073771830311 -0.00011526449491846 0.00010570075122714 0.0009108123784378 -0.00010233826469429 0.0001118728046621 0.0009115986184409 0.18094197965094 0.020518284528683 4 4 5 5 0
49.014238285202 8.4169771618425 116.74338531494 -0.006813 0.014015 2.0498353267949 0.00050768166750321 -0.013345736199942 0.0065980200456641 -0.011611824107796 0.018599925471966 -0.13979396809978 -0.064517422888799 9.8103039143431 -0.002461667047983 0.0024783615768173 9.8115111124323 0.00029822391919391 0.00026820693774503 0.0011435545093217 0.0003142104412811 0.000275989148036 0.0011374073737912 0.17846288129468 0.017691806012954 4 4 5 5 0
49.014238071029 8.416977602477 116.68209075928 -0.006693 0.013922 2.0544833267949 -0.006265543836591 0.0017080244814201 -0.0063405570441282 -0.0014048492840017 0.0059679955223295 -0.13460053198234 -0.066229309174138 9.8028206301159 0.0017537286007931 -0.00076819136443638 9.8039680804232 -6.8410454655483e-05 -1.9172117579698e-05 0.00042715301107369 -6.2451309267217e-05 -1.6337285503301e-05 0.00042819152492104 0.18015548839822 0.019104973174543 4 4 5 5 0
49.014238219208 8.4169772624513 116.73820495605 -0.006735 0.01398 2.0533003267949 -0.0020066177975353 -0.0091511797513125 0.0024676321980466 -0.009037768134987 0.016347270242686 -0.13867734494786 -0.067444940259971 9.8094129836782 -0.0015084032221932 -0.0010834942310769 9.8106246357944 0.00042603064647124 -0.00019505556154006 0.00062589798931044 0.0004347692732066 -0.00019085639897557 0.00062116102514152 0.17884630272947 0.017691806012954 4 4 5 5 0
49.014238074464 8.4169775706044 116.68608093262 -0.006722 0.013922 2.0537543267949 -0.0060565739197886 0.001154040221752 -0.0058992616799359 -0.0017928820712836 0.0064044343903869 -0.13735827768177 -0.069554026466079 9.8097158995363 -0.00072924381433961 -0.0038270106831013 9.8109232975669 -0.00020128899781109 -0.00027136872560022 0.00076992134263857 -0.00019053517402896 -0.00026617669362693 0.00077446961321077 0.18015548839822 0.019104973174543 4 4 5 5 0
49.014238296009 8.4169772431534 116.7232131958 -0.006775 0.013942 2.0490263267949 0.0017395024180283 -0.013147471494724 0.0075951820740808 -0.010871745929923 0.016892690088108 -0.14503647522648 -0.063836029697672 9.8080437978948 -0.0079223709710369 0.0026725046671789 9.8093204034647 0.00014050345708062 -0.00074839409326609 0.00030707589420326 0.00014482969452683 -0.00074631293941914 0.00031015273281906 0.17846288129468 0.017691806012954 4 4 5 5 0
49.014238055879 8.416977646538 116.67502593994 -0.006631 0.013921 2.0555063267949 -0.0064712707242497 0.0023515989242909 -0.006821281537026 -0.0009371578174562 0.0051960882876616 -0.14079943992938 -0.063598821182097 9.8044422906413 -0.0046144131141863 0.0015382762864329 9.8056582036746 0.00035553388145947 0.00038279589036245 0.00012253851014527 0.00035719298232046 0.00038360232370138 0.00011505031838261 0.18015548839822 0.019104973174543 4 4 5 5 0
49.014238041178 8.4169776887984 116.6598815918 -0.00659 0.013831 2.0574913267949 -0.0063534405457794 0.0019199541600966 -0.0065140307183172 -0.0012734942048567 0.0039901950580969 -0.1344350032897 -0.067757533713246 9.8062238313749 0.0013687291748484 -0.0028203679193884 9.8073785972692 0.00051389802075857 -0.00026779390058465 -0.00064196909686304 0.00050496615254819 -0.00027200273420436 -0.00064720471857566 0.17884630272947 0.017691806012954 4 4 5 5 0
49.01423806422 8.416977446246 116.69857788086 -0.006761 0.013999 2.0522973267949 -0.0061326390773037 -0.0016736396986658 -0.0046604764797764 -0.0043231902722659 0.0073664950729139 -0.13718777193996 -0.068007818959587 9.8081528401422 0.00030810593209964 -0.0015376950612165 9.8093478790488 0.00033382106551162 -0.00046872619499999 -0.0003259552404828 0.0003293263959085 -0.00047088272448845 -0.00032742688621726 0.18015548839822 0.019798989873223 4 4 5 5 0
49.014238058009 8.4169774708385 116.69407653809 -0.006795 0.013996 2.0520813267949 -0.0065449151726274 -0.00087094787354702 -0.005398904045639 -0.0038008114383811 0.0071386376355061 -0.13866058408194 -0.063381970705513 9.8089144399947 -0.0014344471724939 0.0030449759282907 9.8100988969289 -0.00034817604898363 -2.418417386457e-06 0.0012885613253334 -0.00033012726341992 6.3347550913435e-06 0.0012932860992798 0.18015548839822 0.019104973174543 4 4 5 5 0
49.014238196565 8.4169773903461 116.64353942871 -0.006783 0.014221 2.0539843267949 0.00077146675299562 -0.0053072062495815 0.0031472876203091 -0.0043423236181585 -8.4495782576701e-05 -0.1358901866954 -0.065200692997909 9.8071125801678 0.0032439436061128 0.0013611088096626 9.8082697475783 -2.0585942620864e-05 0.00069324367285102 0.00038200769091727 -1.5230484972234e-05 0.00069579470922084 0.00037757109890043 0.18094197965094 0.020518284528683 4 4 5 5 0
49.014238079766 8.4169775646149 116.676902771 -0.006631 0.013865 2.0560423267949 -0.0051436320525868 -0.0017400101646577 -0.0037405150400658 -0.0039366591625467 0.0071562894773603 -0.13780562471847 -0.064890522310355 9.8112408892048 -0.0014655660281151 0.00036471400356396 9.8124230806052 0.00014758106764294 -0.00028620121825571 0.00027479025631656 0.00015139708212292 -0.0002843886897117 0.00027462687403248 0.17884630272947 0.017691806012954 4 4 5 5 0
49.014238227871 8.4169773000428 116.69443511963 -0.006777 0.014174 2.0517013267949 6.4704448694921e-05 -0.0062934751641783 0.0029674992412173 -0.0055502646583441 0.006583697549036 -0.14290162665042 -0.066726556701972 9.8112189246172 -0.0035947975374992 -0.0001888721074624 9.8124855128931 5.5871051380041e-05 -0.00051472267692024 -0.00031791760316727 5.1454963238282e-05 -0.00051680730202428 -0.00031517226560045 0.18094197965094 0.020518284528683 4 4 5 5 0
49.014238175845 8.4169773432647 116.71709442139 -0.006832 0.014143 2.0511473267949 -0.002498215733033 -0.0046545227405691 -6.4034091868688e-05 -0.0052822650422343 0.0091924530603068 -0.13684376093609 -0.063167852787834 9.8060076294102 0.001768672280013 0.003447830393294 9.8071651161756 -0.00071511288335985 -4.5621216698488e-06 3.8775569273542e-05 -0.0007144907377213 -4.2861125693507e-06 4.892561680746e-05 0.18015548839822 0.019798989873223 4 4 5 5 0
49.014238050941 8.4169776583875 116.66132354736 -0.006603 0.013806 2.0572413267949 -0.0060363962498766 0.00097290641778862 -0.0057919244589467 -0.0019599055820245 0.0047835850465194 -0.13369519609538 -0.063192897084266 9.8070645063059 0.0020849888310177 0.0018333002181957 9.8081790891054 0.00035794623740275 -0.00062943209711331 0.0010819819111483 0.0003729332894866 -0.00062226524400428 0.0010810826701411 0.17884630272947 0.017691806012954 4 4 5 5 0
49.014238213113 8.4169772075605 116.75273895264 -0.006797 0.013982 2.0527553267949 -0.001774935452304 -0.011254339819562 0.0036407267401726 -0.010796127081173 0.018967872689948 -0.13617181223501 -0.070834912506989 9.8076012760245 0.00083397894103137 -0.00385565269882 9.8088015564754 0.00038827398415219 0.00027369519745964 0.00079771827754268 0.00039936820612048 0.00027911148569397 0.00079034632808845 0.17884630272947 0.017691806012954 4 4 5 5 0
49.014238048349 8.4169776678233 116.66940307617 -0.006655 0.013925 2.0563133267949 -0.0065699446109299 0.0026077278266918 -0.007027301003044 -0.00076241620714379 0.0045238967940275 -0.14107090854655 -0.066391865402047 9.810987386683 -0.0048217782430033 -0.0012799449305931 9.81222490485 -0.00018779776160565 0.00047356097926435 0.00094390958733308 -0.00017470847928978 0.00047983711109626 0.00094330865554659 0.18015548839822 0.017691806012954 4 4 5 5 0
49.014238197166 8.4169772555073 116.7453994751 -0.006778 0.01399 2.0531303267949 -0.002380649333139 -0.0098508788973057 0.0024594181029851 -0.0098315481882146 0.017408090434601 -0.1385861449899 -0.067392722906148 9.8097424635 -0.0015448600781501 -0.00085930350283592 9.8109525535951 -8.4024965871894e-07 0.00041957473147599 -0.00064571901427358 -9.9103453242401e-06 0.0004151418575062 -0.00064847920960406 0.17884630272947 0.017691806012954 4 4 5 5 0
49.014238171789 8.41697737229 116.70845794678 -0.006665 0.013963 2.0540833267949 -0.0029562696963716 -0.0060899033761935 0.00021189838793735 -0.0067662300046015 0.011857291177801 -0.14107547664417 -0.066210351349991 9.8075723862772 -0.004050390499478 -0.00044598628801263 9.8088094168206 0.00066648280706499 -9.2858248761624e-05 -8.9224032514635e-05 0.00066518501657222 -9.3438696381715e-05 -9.7894462505442e-05 0.17884630272947 0.017691806012954 4 4 5 5 0
49.014238076385 8.4169774297464 116.7013168335 -0.006771 0.01403 2.0524663267949 -0.0057332265985094 -0.0019249895276985 -0.0041894433557812 -0.004361627790137 0.0076893999817007 -0.1430391956215 -0.06427895363433 9.8125177321674 -0.0053334616045025 0.002184613121555 9.8137693174516 7.1640638039849e-05 -0.00021502965986381 0.00028783477237793 7.5669104039951e-05 -0.00021304409353818 0.00028828965472735 0.18015548839822 0.019798989873223 4 4 5 5 0
49.014238182652 8.4169774567736 116.61410522461 -0.006789 0.01416 2.0551593267949 0.00083077968059272 -0.0043235741290172 0.0027474171675176 -0.0034402079550748 -0.0038445618231731 -0.1377767671477 -0.064172344528817 9.8067931732608 0.001156900624869 0.0022361961413079 9.8079707441962 -0.00040179730596809 -1.9846094311427e-05 -0.00013753280257914 -0.00040369696446511 -2.0798330196221e-05 -0.00013170674727771 0.18094197965094 0.020518284528683 4 4 5 5 0
49.014238158792 8.4169773511743 116.7166595459 -0.006787 0.014128 2.0513083267949 -0.0030594059150992 -0.0042130829589376 -0.00076459399925264 -0.0051503763492544 0.0093102229855867 -0.1360305734184 -0.065908439064267 9.8115680293919 0.0025789259010073 0.00066522816275541 9.8127318962142 -9.0517141138872e-05 -0.00017898756191167 -0.00010289231667824 -9.1945908532354e-05 -0.00017966503587292 -0.00010037981881617 0.18015548839822 0.019798989873223 4 4 5 5 0
