49.014220188243 8.417046131179 113.63363647461 -0.007543 0.014617 2.1399933267949 0.013032150136878 -0.0052696347782738 0.013817719508147 0.0025839405944224 -0.009977218467993 -0.14414347527851 -0.071772387996914 9.8060054245465 -0.0010063651550713 0.001673042108703 9.8073274699175 -0.00090849553712404 0.00037297319733462 0.00079049571205349 -0.00089690061158055 0.00037893005529142 0.00080088240099861 1.5991513374287 0.094752308678997 4 9 4 0 0
49.014220945344 8.417045063271 113.5973739624 -0.007506 0.014859 2.1417083267949 0.011162847423224 -0.0075168581914541 0.013454604150611 -0.00029285285488856 -0.0099456364209764 -0.14340601010978 -0.072612605057455 9.8090437857486 0.0023689053257492 0.0012321542918404 9.8103605117557 0.00042966347484129 -2.4714010012002e-05 0.00017583381727525 0.0004322460351112 -2.3391630484226e-05 0.00016959680179793 1.601165200721 0.094752308678997 4 9 4 0 0
49.014221838488 8.4170436148578 113.54907989502 -0.007481 0.014875 2.1443153267949 0.0080320562190892 -0.010792899887997 0.012602690589673 -0.0047088204792681 -0.010015850843524 -0.14330503904066 -0.068756002598443 9.8083609212687 0.0025497382515512 0.0046232431131175 9.8096471505446 2.616481642217e-05 0.00010724461022858 0.0006358629756874 3.5625748531096e-05 0.0001119813729345 0.00063455824719449 1.6025679392775 0.094752308678997 4 9 4 0 0
49.014221886921 8.4170435278975 113.54620361328 -0.007525 0.014882 2.1445393267949 0.007928351764384 -0.01104404596369 0.012652948657925 -0.0049732106300367 -0.0099847756810167 -0.14236450137995 -0.07106978047839 9.8055496351527 0.0037032672380055 0.0024785927601916 9.8068396096576 -0.00040541427750212 -0.0002352399966086 0.00068586352570149 -0.0003951174126013 -0.00023005486808644 0.00069357067452299 1.6025679392775 0.094752308678997 4 9 4 0 0
49.014220154842 8.4170461794476 113.63541412354 -0.007519 0.014563 2.1398723267949 0.013113402472226 -0.005182118541653 0.013839218864055 0.0027003286757516 -0.0098815809522996 -0.14442864862332 -0.075361245085012 9.8075782500546 -0.0013311746706858 -0.0019884472167451 9.8089310519911 -0.00062217125738245 -0.00046771961410825 0.00020859924729549 -0.00061903334534092 -0.00046610799992695 0.00022114088323838 1.5991513374287 0.094752308678997 4 9 4 0 0
49.014220306662 8.4170459681922 113.62757110596 -0.007482 0.014526 2.1402273267949 0.012846507511822 -0.0057191117596043 0.013903054417919 0.0021085821813412 -0.010037777563132 -0.14030918626399 -0.075282718922894 9.8101886352986 0.0024421818918378 -0.001697258365807 9.8114803576206 0.0003621970817541 -0.00042419193585997 0.00079157274861462 0.00037371050916116 -0.00041828182031654 0.0007893589357969 1.5991513374287 0.094752308678997 4 9 4 0 0
49.014221057323 8.417044888508 113.59212493896 -0.007512 0.014872 2.1419873267949 0.010605605258614 -0.0080196981787962 0.013257715405684 -0.0010135803458497 -0.0099279388049518 -0.14913697023018 -0.078759137998866 9.809066828249 -0.0033874442457457 -0.0047091030310976 9.810514971638 0.00068440587744072 0.00027517199721621 0.00032654214362148 0.00068920041248421 0.00027760726842008 0.00031426863255983 1.601165200721 0.094752308678997 4 9 4 0 0
49.014220493465 8.4170457095516 113.61828613281 -0.007518 0.01455 2.1406793267949 0.012350980243088 -0.006398647808629 0.013851449184181 0.0012754929212963 -0.009965741320649 -0.145506160333 -0.07414579000492 9.8094180251265 -0.0027859091960004 -0.00055664178285324 9.810776975955 -0.00025884908451243 3.7465746551763e-05 0.00059412512247225 -0.00025016964436462 4.1970015748728e-05 0.00059752769477786 1.5997624823704 0.094752308678997 4 9 4 0 0
49.014221344225 8.4170444402414 113.57774353027 -0.007477 0.014842 2.1428063267949 0.0097257781750324 -0.0092224864541961 0.013169754721305 -0.0024905835154427 -0.010091166750511 -0.14594938815643 -0.069455840950261 9.8080148910091 -0.00011530471616779 0.0037480483625294 9.8093458216182 -0.00020225955231128 -0.0004611648455266 0.0007093639130604 -0.00019165439877532 -0.00045586704552456 0.00071570499303685 1.601165200721 0.094752308678997 4 9 4 0 0
49.014221678699 8.4170438924496 113.55848693848 -0.007484 0.014912 2.1437333267949 0.0086448598817574 -0.010270012291957 0.012831788444377 -0.0039436077930744 -0.0099434818204312 -0.1424416831526 -0.065304675396687 9.8066792584704 0.0035124853481685 0.0078948025908524 9.8079273907416 -0.00030247870173679 0.0005357427853137 -0.00048014451118947 -0.00030970297028363 0.00053214039065788 -0.0004795276839033 1.6025679392775 0.094752308678997 4 9 4 0 0
49.014221380303 8.4170443823091 113.57580566406 -0.007478 0.014851 2.1430123267949 0.0095417296167316 -0.0093117662810949 0.013063801750772 -0.0026628796238009 -0.010097193588206 -0.15057418223877 -0.074106133379888 9.8094544993407 -0.0045747729954422 -0.00075164309672277 9.8108887225825 1.5399427103546e-05 -0.00054477555828391 0.0010553725100777 3.1176879137171e-05 -0.0005368755304425 0.001059061129931 1.601165200721 0.094752308678997 4 9 4 0 0
49.014220713511 8.4170454054527 113.60817718506 -0.00755 0.014832 2.1411873267949 0.011862486852667 -0.0079843077493171 0.014295755453709 -0.00031595881451553 -0.0089646435434013 -0.14245609513414 -0.073861868549954 9.8013074757048 0.0022448412870412 -0.00026854612593157 9.8026212285102 -0.00069183004182052 0.0012365744065896 0.00060321549460424 -0.00068293805804756 0.0012410981583734 0.00060404019214127 1.5997624823704 0.094752308678997 4 9 4 0 0
49.014220612669 8.4170455452788 113.61256408691 -0.007618 0.014586 2.1409533267949 0.012123346827332 -0.0060954671602923 0.013495832173141 0.0014111622282876 -0.0085238062124097 -0.14234249400991 -0.087031888168228 9.8146960606854 0.00083988530256492 -0.012335199545954 9.8161066332383 -0.00011457357255853 -2.4366628330257e-05 0.0012541367050426 -9.6222146096398e-05 -1.4775995122036e-05 0.0012558182167825 1.5997624823704 0.094752308678997 4 9 4 0 0
49.014220761354 8.417045337489 113.60594940186 -0.00757 0.014842 2.1412863267949 0.012188610016454 -0.0074563641246096 0.014285157159566 0.00030559423977935 -0.0093146864981963 -0.14070047183699 -0.083628366864641 9.8071322830796 0.0044079722384049 -0.0095194271925076 9.8084924318549 -0.0002099441749134 0.00083127307677605 0.0010215880018546 -0.00019483404547526 0.00083898139776084 0.0010182657629884 1.5997624823704 0.094752308678997 4 9 4 0 0
49.014221648589 8.4170439437748 113.56034088135 -0.007495 0.014882 2.1437253267949 0.0086408109098284 -0.009999559397494 0.012681412247083 -0.0037197561462302 -0.0099531354621333 -0.14515764554606 -0.075314306991476 9.8085036771971 0.00072777231090886 -0.0019450506028303 9.8098666557066 -0.00024053302184897 0.0001743725076099 0.00093703453266429 -0.00022658467960811 0.00018137383066225 0.00093917458570735 1.6025679392775 0.094752308678997 4 9 4 0 0
49.014220464219 8.4170457500725 113.61978149414 -0.007465 0.01455 2.1405833267949 0.012482803663912 -0.0062837657393609 0.013900580573251 0.0014422521609716 -0.0098946480430413 -0.13895741432143 -0.071066781827432 9.8055211651176 0.0037243907525551 0.0023951572723987 9.8067623836463 0.00051986161998345 -2.9466284625974e-06 0.00018602833493194 0.00052249110783188 -1.5332309954311e-06 0.00017846250990853 1.5991513374287 0.094752308678997 4 9 4 0 0
49.014220811918 8.4170452653136 113.60372161865 -0.007466 0.014795 2.1413823267949 0.012280230123502 -0.0068197231644521 0.014018394428199 0.00089269190810459 -0.0092281709170882 -0.1486350948497 -0.06759918301359 9.8096312200535 -0.0033789613223781 0.0061647434913205 9.810988272824 0.0009777409604163 -0.0001991102179541 0.00034026284804641 0.00098271914655676 -0.00019655014858164 0.0003271539944003 1.5997624823704 0.094752308678997 4 9 4 0 0
49.014221802704 8.4170436771122 113.55104827881 -0.007453 0.014859 2.1441873267949 0.0081678863667131 -0.010712762002893 0.01267279060704 -0.0045692660387898 -0.0099710171325086 -0.14706069388031 -0.070203070067162 9.8089935865167 -0.0010564351205968 0.0029107895094616 9.8103465343416 4.5762717804418e-05 -0.00043918720508664 0.00060306551482197 5.4778320883017e-05 -0.00043465702717934 0.00060556570836195 1.6025679392775 0.094752308678997 4 9 4 0 0
49.014221424288 8.4170443099941 113.57319641113 -0.007455 0.014886 2.1431133267949 0.009290416412419 -0.0093448688577036 0.012870864851634 -0.0028247751074223 -0.010154028762608 -0.14709605189599 -0.073338862892264 9.8069730202948 -0.0011509325950382 -0.00010152713891797 9.8083501688039 0.00025874916643162 9.740834361765e-05 0.00032565573338981 0.00026356851071258 9.9813688318321e-05 0.00032103902868775 1.601165200721 0.094752308678997 4 9 4 0 0
49.014220131314 8.4170462126562 113.63680267334 -0.007486 0.014618 2.1398203267949 0.013291487321511 -0.0051723882806661 0.013984228571181 0.0028033609848701 -0.010121435927138 -0.14159243563746 -0.072120715398204 9.807074769645 0.0017217431547374 0.001328264717932 9.8083616610545 9.3810157954322e-05 0.00010585073963275 0.00061131012374035 0.00010272311345077 0.00011040779141754 0.00060907472645605 1.5991513374287 0.094752308678997 4 9 4 0 0
49.014220899164 8.4170451311224 113.59951782227 -0.007574 0.014891 2.1416613267949 0.010973039872933 -0.0076384575505487 0.013360554626853 -0.00049886852425378 -0.0097554318068356 -0.14807932714509 -0.08137379682394 9.8056424560865 -0.0021855724528609 -0.0073939008144805 9.8070953683322 -0.00049420736897409 0.00024055723312251 0.00084397701485032 -0.00048158249398441 0.00024691609537342 0.00084939092712891 1.601165200721 0.094752308678997 4 9 4 0 0
49.014221767294 8.4170437387241 113.55323028564 -0.007493 0.014858 2.1440903267949 0.0083178498398381 -0.010444278264452 0.012652738884146 -0.0042635439086176 -0.01003410401163 -0.14167423837615 -0.073427934096732 9.8102311327228 0.0043645459209245 8.0490725666429e-05 9.811528126202 2.2924570282178e-05 -0.00047679891407614 0.00034775220705386 2.8163234844734e-05 -0.0004741729413457 0.00035093791924416 1.6025679392775 0.094752308678997 4 9 4 0 0
49.014220518814 8.4170456736011 113.61697387695 -0.007442 0.014535 2.1406673267949 0.012147479957862 -0.0068048284971121 0.013899192549164 0.00082435804439382 -0.0098000541033002 -0.13878250228108 -0.06547028947664 9.8111058312775 0.0038718973737694 0.0081187441591993 9.8123019563576 0.0010821836556312 -6.9872023964988e-05 -0.00034379400607088 0.0010771016044074 -7.2434401216481e-05 -0.00035897680836765 1.5997624823704 0.094752308678997 4 9 4 0 0
49.014221510014 8.417044174165 113.56838989258 -0.007444 0.014835 2.1432873267949 0.0091431542077445 -0.0097157341960445 0.012948467654693 -0.003214046473322 -0.010119476516549 -0.14369021974944 -0.070449784765981 9.8067769536251 0.0019792028741604 0.0026694184255455 9.8080817504538 0.00023839037572406 -0.0003110229783342 0.0002630430832651 0.00024229002361274 -0.00030901536907328 0.00026182533852951 1.601165200721 0.094752308678997 4 9 4 0 0
49.014220418941 8.4170458129862 113.62196350098 -0.007523 0.014522 2.1405103267949 0.012552652797994 -0.006144510197172 0.013884452873437 0.0015956766510499 -0.009963564060329 -0.14283258129849 -0.071595457901067 9.8075876378975 -0.00014365561391201 0.0018894754942864 9.8088887993023 -0.0005025339160445 -0.0004601459438982 0.00088636966976058 -0.00048955683515026 -0.00045344567709591 0.00089701001743451 1.5991513374287 0.094752308678997 4 9 4 0 0
49.014220268133 8.4170460226732 113.62951660156 -0.007497 0.014535 2.1401333267949 0.012982707165216 -0.0057779461441268 0.01404962467376 0.002131540524638 -0.0098286844500789 -0.13934324237276 -0.073764419170857 9.8067583154672 0.0036302912458055 -0.00021439339195931 9.8080250467857 8.5899718474922e-05 -0.00075346643102665 0.0003230849634194 9.0690848469214e-05 -0.00075101095902113 0.00032742757333437 1.5991513374287 0.094752308678997 4 9 4 0 0
49.014221403999 8.4170443438044 113.57442474365 -0.00748 0.014907 2.1430393267949 0.0094015663290752 -0.0092995207254824 0.012939591628404 -0.0027272187660819 -0.010097543418337 -0.14523517191151 -0.071655299812677 9.8086751981502 0.00071395194593096 0.001753657659677 9.8100118155453 0.00010847387524062 0.00051253531836234 -5.1724646705103e-05 0.00010768153667581 0.00051209675673662 -5.7183010574515e-05 1.601165200721 0.094752308678997 4 9 4 0 0
49.014220871173 8.4170451748978 113.60083770752 -0.007492 0.014839 2.1415823267949 0.010725517416479 -0.0082867798965473 0.013502504053513 -0.0011791598738208 -0.0097599122114805 -0.14912309004244 -0.07629509472123 9.8054325423536 -0.0036010258229085 -0.0028798591459759 9.8068624311548 -6.307592448312e-05 -1.2798512242551e-05 0.00083412042679975 -5.0673306883845e-05 -6.5327558740666e-06 0.00083503664551675 1.601165200721 0.094752308678997 4 9 4 0 0
49.014221613774 8.4170440023117 113.56244659424 -0.007479 0.014823 2.1435943267949 0.0086806388701109 -0.010031865284223 0.012732041825122 -0.0037265334097889 -0.010094305302722 -0.13983950146829 -0.071600461473426 9.8071463238644 0.0060126394614649 0.0016726715297853 9.8084026597039 -0.00011203440906674 -0.00084589007264725 0.00020793328576854 -0.00010885325734464 -0.00084431293617819 0.00021588218373711 1.6025679392775 0.094752308678997 4 9 4 0 0
49.014220331899 8.4170459327287 113.62623596191 -0.007504 0.014553 2.1403013267949 0.012649295164072 -0.005874248157119 0.013820415725261 0.001872890453537 -0.0098844216614488 -0.1437286365975 -0.07152685002216 9.8073288182014 -0.00096938509655298 0.001955410136841 9.8086427082096 -0.00016254786851668 -4.8311190439106e-05 0.00053566609915846 -0.00015471560739494 -4.4285312417433e-05 0.00053832268793782 1.5991513374287 0.094752308678997 4 9 4 0 0
49.014220993556 8.4170449897689 113.59524536133 -0.007504 0.014901 2.1418053267949 0.010974498634174 -0.0081482570371834 0.013637422758466 -0.00092465148526045 -0.0098883355522442 -0.14343225595317 -0.066671058729203 9.8054700450083 0.0024859992824769 0.0069540483871345 9.8067429019519 0.00012366371195989 0.00036840315777573 9.5368565177392e-05 0.00012502518685577 0.00036909643147167 9.0751329841318e-05 1.601165200721 0.094752308678997 4 9 4 0 0
49.014221173139 8.4170447113357 113.58654785156 -0.007456 0.014867 2.1422813267949 0.010838796104246 -0.0083426473948495 0.013628873660508 -0.0011546045622189 -0.0098399838600004 -0.14188773212191 -0.067995114925944 9.8071767059476 0.0039045895819644 0.0055212885945038 9.8084363914654 0.00075307874708679 4.0072188295536e-05 -0.00042730183456554 0.00074665791560252 3.6820076508879e-05 -0.00043873872969235 1.601165200721 0.094752308678997 4 9 4 0 0
49.014220375989 8.4170458705233 113.62411499023 -0.007508 0.014575 2.1403983267949 0.012486609142324 -0.006074773719169 0.013791394165822 0.0016173790486338 -0.0099248603667063 -0.13954928654139 -0.073129450044318 9.8109807596497 0.0033294512317489 0.00040487568466372 9.8122450821303 -0.00019660824067126 0.0002283334743633 0.00062938115702743 -0.00018743631938443 0.00023308716512461 0.00063045313761278 1.5991513374287 0.094752308678997 4 9 4 0 0
49.014221257267 8.4170445758416 113.58236694336 -0.007464 0.01488 2.1424943267949 0.009954094625374 -0.0088691831707805 0.013169977579561 -0.0020732057442926 -0.010105947868455 -0.14366674602607 -0.074239519659764 9.8044827028579 0.002223495345665 -0.0011863113553575 9.8058156730579 -0.00018344751547439 2.3838835250232e-05 -0.00024992811868876 -0.00018713617825072 2.1964625190437e-05 -0.00024732038627796 1.601165200721 0.094752308678997 4 9 4 0 0
49.014220686061 8.4170454477346 113.60935211182 -0.007463 0.014727 2.1411353267949 0.012159685152576 -0.0070685070932726 0.014051546265163 0.00061451037287929 -0.0082090959488457 -0.13502917386283 -0.055365989437924 9.8039859018064 0.0090302532772711 0.018006274967161 9.8050514108152 0.0003986193404007 0.00058992629296243 0.00093574124440296 0.00041227072220889 0.00059689704560985 0.0009253429988962 1.5997624823704 0.094752308678997 4 9 4 0 0
49.014221309997 8.4170444943265 113.57965087891 -0.007433 0.014854 2.1426703267949 0.0099737114592184 -0.0089395727880362 0.013224791813516 -0.0021203299860035 -0.010032870562687 -0.14203786012129 -0.073339092538122 9.807765896297 0.0037913215841816 -0.00024824140877915 9.8090676801839 0.00037314177240556 -0.00024176882560552 0.00064735782789832 0.00038275097105213 -0.00023695884638265 0.00064352568167393 1.601165200721 0.094752308678997 4 9 4 0 0
49.014220231044 8.4170460730341 113.63143157959 -0.007534 0.014548 2.1400493267949 0.012857062166991 -0.00567738357064 0.013889794179077 0.0021472450775866 -0.010001305426777 -0.14177285191214 -0.071596939403406 9.8115605763291 0.0013922436487114 0.0019825732796506 9.8128456600137 -0.00057670481525947 -0.00074925116881865 0.00035693001657835 -0.00057136877370746 -0.00074653767485599 0.00037090245697263 1.5991513374287 0.094752308678997 4 9 4 0 0
49.014221235515 8.41704461145 113.58358001709 -0.007452 0.01489 2.1424903267949 0.010156035634033 -0.0090390498071319 0.013431544160951 -0.0021079716810394 -0.0099194913491731 -0.14547920585315 -0.066262089716197 9.8046585547953 0.00039117308117017 0.006797782443076 9.8059591443481 1.5910296062576e-05 0.00023737005248099 0.0010205934770212 3.1061725996524e-05 0.00024494830702052 0.0010184438495225 1.601165200721 0.094752308678997 4 9 4 0 0
49.014221124786 8.4170447859762 113.58877563477 -0.007527 0.014858 2.1422813267949 0.010750894506151 -0.0080281696229915 0.013384779251929 -0.00093865767119972 -0.0098523132584737 -0.14408451908663 -0.074454625230531 9.8067669785883 0.0016289707342787 -0.00082168131444277 9.8081077747351 -0.00030862092492263 6.6848385394696e-06 0.0010195324456177 -0.00029341884361035 1.4352928917165e-05 0.0010239337371594 1.601165200721 0.094752308678997 4 9 4 0 0
49.014221544475 8.417044117949 113.56653594971 -0.007478 0.014869 2.1434003267949 0.0091039842444724 -0.009848685288419 0.012987885730618 -0.0033457534460235 -0.010051349964509 -0.14175324219308 -0.070507499162854 9.8102591354293 0.0041208801225041 0.0027020723655388 9.8115350100162 -0.00024899443852882 1.2014288958933e-05 0.00035036849490186 -0.00024374921156188 1.4625706601623e-05 0.00035393590781154 1.6025679392775 0.094752308678997 4 9 4 0 0
49.014221476643 8.4170442277066 113.57032775879 -0.007444 0.014844 2.1432003267949 0.0091862653200077 -0.009514377352665 0.012875398406178 -0.0030224287385913 -0.0100896148629 -0.13912271039384 -0.069539310095841 9.8117232513682 0.0066168176275843 0.0035525227838387 9.8129532268235 0.0001252956431547 -0.0001398223249538 -1.340270367298e-05 0.00012510854163361 -0.00013991107103581 -1.4210980699604e-05 1.601165200721 0.094752308678997 4 9 4 0 0
49.01422102475 8.4170449408764 113.59370422363 -0.007565 0.014826 2.1418683267949 0.01070671132867 -0.0082064973236775 0.013443662943302 -0.0011173080136026 -0.0099581579891086 -0.14474435244997 -0.077484623061106 9.8097565819952 0.0010543581814331 -0.0034621327173495 9.8111300739873 -0.00029206031750698 -0.00061382153103425 -0.00010729528445045 -0.00029353460571354 -0.00061463328424482 -9.8256303496634e-05 1.601165200721 0.094752308678997 4 9 4 0 0
49.014221862177 8.4170435726239 113.54763031006 -0.007505 0.014899 2.1443863267949 0.0080398179066475 -0.010852590036116 0.012642121659059 -0.0047533450101513 -0.0099431196778811 -0.14525936031594 -0.071615205193006 9.8084678351827 0.00074873135687958 0.0017619545375535 9.8098047271671 -0.00039564644164427 0.00025598698544594 5.3174752564061e-05 -0.00039482989530461 0.00025634847976738 5.7153331589484e-05 1.6025679392775 0.094752308678997 4 9 4 0 0
49.014221731281 8.4170438006415 113.55525970459 -0.007495 0.014873 2.1439883267949 0.0084203193588722 -0.010490951329973 0.012763729518914 -0.004248431492062 -0.0099901129155008 -0.14274385088519 -0.074215995467175 9.8051487767123 0.0031949040393497 -0.00071118619214446 9.8064681416809 5.1426645148476e-05 -0.0001821851413338 0.00051098736972248 5.9053411316961e-05 -0.00017833986621668 0.00051153022514241 1.6025679392775 0.094752308678997 4 9 4 0 0
49.014221079072 8.4170448546176 113.590965271 -0.007518 0.014807 2.1421593267949 0.010798329384434 -0.0076878612024183 0.013240544640292 -0.00062824606915805 -0.0098791435138808 -0.14041879205808 -0.068928845592594 9.810545402424 0.0052634449996434 0.0049312700370388 9.8117901259179 0.00020883448819695 -0.00073076230878979 0.0008265499332814 0.00022118534378493 -0.00072450135607139 0.00082879628036117 1.601165200721 0.094752308678997 4 9 4 0 0
49.014220571847 8.4170455996727 113.61445617676 -0.007607 0.014525 2.1407683267949 0.011791601175943 -0.0071387300892331 0.013779673558582 0.00035207108410651 -0.009301163412476 -0.14485040113183 -0.080812986055425 9.8148389835971 -0.0020350596111917 -0.0064596095444669 9.816238889691 -0.00051508282365132 -0.00043553374283172 0.00018413267719485 -0.00051222292597726 -0.00043409801620609 0.00019493746415315 1.5997624823704 0.094752308678997 4 9 4 0 0
49.01422120432 8.4170446624396 113.58499908447 -0.007461 0.014904 2.1423693267949 0.010570552853501 -0.0086714734868228 0.013581197721568 -0.0015755317439293 -0.0098074850046207 -0.14898297887707 -0.070331857648893 9.8106812715783 -0.0031311026848748 0.0030198743510726 9.8120636182369 0.0003075726550507 0.00067780401808559 0.00029464116209498 0.00031192794340388 0.00067994508499244 0.00028497476083295 1.601165200721 0.094752308678997 4 9 4 0 0
49.014220655817 8.4170454880959 113.61074829102 -0.007523 0.014649 2.1409713267949 0.012561993450402 -0.0054945880182763 0.013540680751838 0.002154883627042 -0.0079343597846541 -0.13801561489971 -0.072580046384106 9.8114978200692 0.0055025399112493 0.001567472819574 9.812735616873 0.00065351362778852 0.00040323532365372 -7.3223797612264e-06 0.00065330952083505 0.00040321555012343 -1.9929955805158e-05 1.5997624823704 0.094752308678997 4 9 4 0 0
49.014220843787 8.4170452177015 113.60223388672 -0.007438 0.014853 2.1414303267949 0.011360131501932 -0.0077810888002341 0.013763321164462 -0.00041214604331467 -0.009383414372579 -0.1447324488442 -0.060381608228642 9.8027018567979 0.00054819711032421 0.012766333888027 9.803948038161 0.00047722794941408 0.00060504615190808 -0.00021772024448365 0.00047387176098743 0.00060343149464494 -0.00022928047638908 1.5997624823704 0.094752308678997 4 9 4 0 0
49.014221568242 8.4170440781595 113.56503295898 -0.007443 0.014867 2.1434823267949 0.0088324636405925 -0.0099841530717246 0.012833407035911 -0.0036054971217023 -0.010081923452418 -0.14331841483195 -0.072291502304306 9.8084539091942 0.0026385179977129 0.00095284339020554 9.8097666526093 0.0004712333642171 -0.00022969905645812 0.00033859486207871 0.00047627529100145 -0.00022719035961925 0.00033319161835701 1.6025679392775 0.094752308678997 4 9 4 0 0
49.014221710607 8.4170438372942 113.55658721924 -0.007498 0.014893 2.1439423267949 0.0085250747132429 -0.010400212868493 0.012802196012243 -0.0041164563176992 -0.0099556203621214 -0.14751153792526 -0.074344516926145 9.8080590844302 -0.0014543870166912 -0.0010520123559076 9.8094500070541 -0.00043571205543037 4.1789093070821e-05 0.0010770472253545 -0.00041961905042895 4.9843884982899e-05 0.0010831006200766 1.6025679392775 0.094752308678997 4 9 4 0 0
