49.014211642848 8.4170380642982 116.72039794922 -0.006686 0.013902 2.0955653267949 -0.016883625563413 -0.0010605369447947 -0.014080343361252 -0.0093768586225533 -0.023411575132535 -0.14186653095645 -0.063605736485655 9.8082739480496 -0.0056094058378284 0.0020189880636845 9.8095042905864 9.8937456495105e-05 0.00014795591454025 0.00044738923493493 0.00010515617905975 0.00015095284257177 0.00044501083783251 1.398868471301 0.094047860156412 4 4 4 0 0
49.014215304933 8.4170302286767 116.98460388184 -0.006692 0.013923 2.0983863267949 -0.013795248161279 0.0078228261658398 -0.015857832369465 -0.00018697997690151 -0.023462378086105 -0.13721064667955 -0.060577679515026 9.8073335768346 -0.00036939037018931 0.0052513627147462 9.8084793794286 0.00040612133472749 -0.00056280841796305 -0.00018266178411424 0.00040356916477958 -0.00056400450946672 -0.00018455240076769 1.3666901623997 0.094047860156412 4 4 4 0 0
49.014211343473 8.4170388444758 116.69456481934 -0.006665 0.013837 2.0954543267949 -0.017176740608448 -0.0017500552084871 -0.013989716519341 -0.010118854792681 -0.02313882894139 -0.14791059658955 -0.048272072431821 9.8105589599248 -0.01195021417579 0.016969248209635 9.811770910061 -0.00024914857630051 -0.00042793082296146 0.00072045408049533 -0.00023909817170865 -0.0004231250617286 0.00072667317119764 1.4052715040162 0.094752308678997 4 4 4 0 0
49.01421046257 8.4170409776154 116.62240600586 -0.006642 0.013936 2.0945903267949 -0.016439791571633 -0.0014691236756321 -0.013500765126602 -0.0094949656829059 -0.022956092910884 -0.1365702037383 -0.061999059617472 9.8090600342215 3.5528830984639e-05 0.0032097802389961 9.810206493528 0.00011009131138813 0.00012902488239889 0.00061868000027341 0.00011869276035547 0.00013315436061573 0.00061622544427836 1.4146480127579 0.094047860156412 4 4 4 0 0
49.014211443228 8.4170385835499 116.70305633545 -0.006745 0.013876 2.0955353267949 -0.016838759588843 -0.00084619972781704 -0.014149471364328 -0.0091680190935761 -0.023013872716951 -0.13012594893701 -0.086302492510155 9.8059274688003 0.005953766876078 -0.020553231497938 9.8071475115742 -0.00068884682513695 -4.9643878028948e-05 0.0011168813269657 -0.00067332870203663 -4.209733210071e-05 0.001126630683932 1.4052715040162 0.094752308678997 4 4 4 0 0
49.014214027274 8.417032906214 116.89499664307 -0.006811 0.013924 2.0974653267949 -0.014307331322067 0.0022915200631504 -0.013520300604534 -0.0052108043527625 -0.023578589523537 -0.13304974846254 -0.064292234556787 9.8000523268706 0.0035084058975832 0.0022140537008486 9.8011652703862 -0.0004022272628487 -0.00022079598126356 0.00067076247379961 -0.0003928436146557 -0.00021625946178288 0.00067775645402708 1.3780914338316 0.094047860156412 4 4 4 0 0
49.014210853098 8.4170400802404 116.65264892578 -0.006629 0.013898 2.0948403267949 -0.016668320935924 -0.0012057949067441 -0.013827562624364 -0.0093853532561783 -0.022961031020906 -0.13606467055841 -0.074277807971312 9.8048371226 0.00023778957776568 -0.0091671256095113 9.8060581588967 0.00023776667076232 -8.8400693250662e-05 -0.0001811644996288 0.00023521944118891 -8.9624239216772e-05 -0.0001838592404487 1.4096496018515 0.094752308678997 4 4 4 0 0
49.014210509728 8.4170408642653 116.62570953369 -0.006677 0.013895 2.0946053267949 -0.016682886480073 -0.0018825244738023 -0.013504251446218 -0.0099748603276074 -0.023257684918343 -0.13651140698268 -0.072258144123962 9.8081375795959 -7.0409993009228e-05 -0.0069591668926852 9.8093515913577 -0.0003141848903032 -0.00031027318292879 0.00028392583657142 -0.0003101496652082 -0.00030836146828882 0.00029033051237589 1.4146480127579 0.094047860156412 4 4 4 0 0
49.014212434739 8.4170363011685 116.78031158447 -0.006704 0.013862 2.0960543267949 -0.016068966731401 -0.00074648874851701 -0.013528023369339 -0.0087041284750825 -0.023302950989372 -0.13914331212611 -0.053071489486253 9.8042917907913 -0.0030800186059619 0.012793291991055 9.8054139732849 0.00027964607385779 -0.00030630229644751 -0.00034744197249578 0.00027483723969547 -0.00030861350699869 -0.00034922097296195 1.3938701517717 0.094047860156412 4 4 4 0 0
49.014211393759 8.4170387079962 116.69853973389 -0.006636 0.013872 2.0954463267949 -0.015782540293322 -0.0005541512903746 -0.01338186074976 -0.0083858086168311 -0.023283176553348 -0.13366021419983 -0.049446457105576 9.8056364877064 0.0024094622151632 0.015961351666412 9.806659619387 0.00064841665134477 -0.00011627902983539 -0.00012617654171616 0.00064661863483426 -0.00011711409870368 -0.00013435914915038 1.4052715040162 0.094752308678997 4 4 4 0 0
49.014212295998 8.4170366029436 116.77012634277 -0.00668 0.013853 2.0960093267949 -0.015784419719367 -0.0004652220602831 -0.013423512327328 -0.0083170655246705 -0.023369628665047 -0.13472774771152 -0.068587905430905 9.8079414973393 0.0010679839999956 -0.0027207928464776 9.8091061236796 0.00066214033034121 0.00010999821893596 0.00029529715686146 0.00066616414560406 0.00011199950097818 0.00028536101000963 1.3938701517717 0.094047860156412 4 4 4 0 0
49.01421537881 8.4170300724798 116.99007415771 -0.006725 0.013993 2.0984823267949 -0.013562118328787 0.0082712211940055 -0.015882186682711 0.00031681745588381 -0.023581933323829 -0.13580532640266 -0.065247959056454 9.8057273958667 0.0010624279098649 0.00063969543372669 9.8068851072891 -5.4206240750911e-05 0.00057111560141941 0.00054717104513578 -4.6566659772965e-05 0.00057479193949102 0.00054402360065981 1.3666901623997 0.094047860156412 4 4 4 0 0
49.01421156251 8.4170382820175 116.7133102417 -0.006626 0.013911 2.0954973267949 -0.015708922344996 -0.0010789703334077 -0.013054899319114 -0.0088036364821115 -0.02331165754128 -0.13289615299039 -0.059635518563424 9.7970682086027 0.0030503869855954 0.0053740926842467 9.798149230246 0.00018948010331303 0.00057863620890928 0.00015751859195944 0.00019157342114948 0.00057964751050368 0.00015104089258193 1.4052715040162 0.094752308678997 4 4 4 0 0
49.014211520458 8.4170383855416 116.70960998535 -0.006687 0.013864 2.0954753267949 -0.017069641234095 -0.0017866592170186 -0.013878482554623 -0.010097167114919 -0.023289008285372 -0.14485237152274 -0.054577383062863 9.8128811700931 -0.0087988753835276 0.010813367816514 9.8140921299048 -0.00039153163833417 -4.5043361245255e-05 0.00048696536527645 -0.00038474033993693 -4.180149511404e-05 0.00049262036922355 1.4052715040162 0.094752308678997 4 4 4 0 0
49.014211116098 8.4170394160211 116.67504119873 -0.006719 0.013927 2.0951393267949 -0.016782924021271 -0.0021458499616642 -0.013453518828187 -0.01026033573605 -0.023367431734173 -0.13479773922118 -0.063446457049131 9.8038596389008 0.0013875037636535 0.0020271185406617 9.8049912910041 -0.00069806274884087 0.00059948441526312 0.00015795790992191 -0.00069586455575127 0.00060054347979835 0.0001636168920955 1.4052715040162 0.094752308678997 4 4 4 0 0
49.014211800073 8.417037676792 116.73404693604 -0.006698 0.013879 2.0956563267949 -0.016678116067627 -0.0011962015594074 -0.013833653630571 -0.0093925815408342 -0.023280032386774 -0.13367362261182 -0.061205550710932 9.8048866954069 0.0022521798150595 0.0042760995288935 9.8059875430494 -0.0003269092974294 0.00024456337644021 0.00052072828562553 -0.00031967336702839 0.00024803297110911 0.00052356170777719 1.398868471301 0.094047860156412 4 4 4 0 0
49.014211595204 8.4170381985526 116.71643066406 -0.006664 0.013835 2.0955493267949 -0.016477300076408 -0.00093246032693155 -0.013793074988155 -0.0090621143681739 -0.02288643570968 -0.1254442526999 -0.06868888125706 9.8112829632322 0.010477822753394 -0.0031996960936466 9.812319388346 0.00021113512951151 -0.00036982199859537 0.00076628278762506 0.0002217816522759 -0.00036471538172303 0.00076573730753687 1.4052715040162 0.094752308678997 4 4 4 0 0
49.014215120148 8.4170306222253 116.97180175781 -0.00678 0.013982 2.0982723267949 -0.014479857830964 0.0072256668389355 -0.016148816455895 -0.0010452033131442 -0.023672999174923 -0.13858845137294 -0.066885541920239 9.8050218646911 -0.0016095743551996 -0.00047552606978516 9.8062292862628 -8.4110115924495e-05 0.00015518309026411 0.00061318100475777 -7.5554837118116e-05 0.00015931761876221 0.00061319880249188 1.3730932233465 0.094752308678997 4 4 4 0 0
49.014210811116 8.4170401776583 116.64883422852 -0.006579 0.013929 2.0949003267949 -0.016452177509073 -0.001119885298744 -0.013683551260933 -0.0092026352648692 -0.023071084912961 -0.13197737618456 -0.052401212172468 9.8089253514876 0.0045752623466415 0.012385961526315 9.8099446837097 0.00047814420881479 0.00010046815443299 0.00085083065291066 0.0004899463879657 0.00010609435437531 0.00084338045214263 1.4096496018515 0.094752308678997 4 4 4 0 0
49.014213859112 8.4170332565114 116.88301849365 -0.0068 0.013957 2.0973463267949 -0.01471959830068 0.0017347882605969 -0.013597402869885 -0.0058980251744623 -0.023640855018719 -0.13793310810876 -0.064458016160637 9.8096946306148 -0.00091637067086672 0.0020830476857664 9.8108758426442 -0.0002677255949393 -0.00020679993535336 7.9704871463118e-05 -0.00026656080845107 -0.00020626050915193 8.4845346818045e-05 1.3838735491366 0.094752308678997 4 4 4 0 0
49.014214798276 8.4170313011713 116.94890594482 -0.00678 0.013938 2.0980433267949 -0.014146351448204 0.0061468776459397 -0.015318019729619 -0.0018059900563138 -0.023894787364401 -0.13223688605212 -0.064547332593255 9.8069051138426 0.0047118828912264 0.0018953135992308 9.8080075615068 -5.6223599008255e-05 -0.00051479629962052 0.00043445678306916 -5.0050335161451e-05 -0.00051183928597394 0.00043865754885524 1.3730932233465 0.094752308678997 4 4 4 0 0
49.014213338583 8.4170343570053 116.84590148926 -0.006729 0.013949 2.0967793267949 -0.014868941138302 0.00075101711190547 -0.01323581793761 -0.0068163448488755 -0.023265817635016 -0.13419490570312 -0.072055699853003 9.8038539139556 0.0022643381951458 -0.0062372190642117 9.8050348511662 -0.00024032156387155 0.00049948754136669 -0.00020218162826574 -0.00024317804372216 0.00049816197423442 -0.00020217945727874 1.3888718443399 0.094752308678997 4 4 4 0 0
49.014212732302 8.4170356560445 116.80191802979 -0.00667 0.013881 2.0963463267949 -0.015833578597285 0.00048525636688858 -0.013940211729995 -0.0075238113281768 -0.023421335016575 -0.14650432089949 -0.070863818137696 9.8148380915036 -0.010152063174626 -0.0048994561974922 9.8161809571245 0.00091547501923069 -0.00023665034555577 0.00050918439388519 0.0009224040267496 -0.00023319470146367 0.00049802172697831 1.3938701517717 0.094047860156412 4 4 4 0 0
49.014210912038 8.4170399240799 116.65741729736 -0.006689 0.013854 2.0949093267949 -0.0169509465826 -0.0019712965548904 -0.013688295175419 -0.010190741664218 -0.023068621828055 -0.13715877504739 -0.060760549962512 9.8104203141039 -0.00077560983354288 0.0042908131945001 9.8115666569526 -0.00098962024252652 -0.00086283403607981 -0.00070340629893791 -0.00099921494654234 -0.00086752709959941 -0.00068387547843117 1.4096496018515 0.094752308678997 4 4 4 0 0
49.014210379337 8.4170411500155 116.61614227295 -0.006686 0.013938 2.0945483267949 -0.016705726724034 -0.0018394899012379 -0.013546320890572 -0.0099479772529513 -0.023127458454568 -0.13639455975226 -0.056527362273999 9.8026247006638 0.00015655469925137 0.00871433179736 9.8037325393213 -0.00051719816628347 0.00011677260995119 0.00072041391614853 -0.00050712018546663 0.00012160669683701 0.00072673467511407 1.4146480127579 0.094047860156412 4 4 4 0 0
49.014213296246 8.4170344446917 116.84278106689 -0.006706 0.013888 2.0967473267949 -0.014991182731547 0.00064219908964044 -0.013287459791645 -0.0069707524609688 -0.02350536531747 -0.13391162496159 -0.057503582579909 9.8061200152001 0.0024779516799913 0.0082788679372311 9.8071993616741 6.1941548245683e-05 -0.00038789595546648 0.00052518221453007 6.9248528575802e-05 -0.00038441272521213 0.00052685224471509 1.3888718443399 0.094752308678997 4 4 4 0 0
49.014214426715 8.4170320751898 116.92275238037 -0.006823 0.013985 2.0977083267949 -0.014010617056689 0.0037745135894629 -0.014008292832247 -0.0037831384500424 -0.023496063713486 -0.13013943345267 -0.071492646645325 9.807389916953 0.0070128453758531 -0.0045795257548183 9.8085102602012 1.8244785178564e-05 -2.4388352614978e-05 0.00046652739943316 2.4825019613587e-05 -2.1214697994285e-05 0.00046638275958207 1.3780914338316 0.094047860156412 4 4 4 0 0
49.014211854321 8.4170375573227 116.73782348633 -0.006663 0.013829 2.0956863267949 -0.016591765621863 -0.000956617081473 -0.013878569486543 -0.0091426007968862 -0.023260644370853 -0.13609652325359 -0.060328288193507 9.8123295164291 -0.00038189730805076 0.0051487517692939 9.8134574439022 0.00020728192069616 -5.8514832386383e-05 0.00018066350233176 0.00020975827516895 -5.7304015523394e-05 0.00017816503992577 1.398868471301 0.094047860156412 4 4 4 0 0
49.014214591019 8.4170317353393 116.93419647217 -0.006771 0.013989 2.0978633267949 -0.014468512601791 0.0050260490370171 -0.015032908882378 -0.0029343923886522 -0.023835923761448 -0.14602101414826 -0.067381840196715 9.8098300063919 -0.0089830485471029 -0.00073281275723202 9.8111441485217 0.00044599688749804 0.00031931438865827 5.5031065914583e-06 0.00044597821592831 0.00031935070899343 -2.9127045479747e-06 1.3730932233465 0.094752308678997 4 4 4 0 0
49.01421055642 8.4170407636981 116.62933349609 -0.006628 0.013876 2.0946143267949 -0.016586233398775 -0.001930215097496 -0.013396042484506 -0.0099687239578364 -0.022979092300368 -0.13636475451684 -0.054931069597616 9.8016522302065 -0.00021499360861246 0.01012034700251 9.8027495413032 0.000195558895393 -0.00028219881735761 -0.00061361189690322 0.00018706689363632 -0.00028623868867683 -0.00061438643453967 1.4096496018515 0.094752308678997 4 4 4 0 0
49.014214337953 8.41703226376 116.91669464111 -0.006761 0.014009 2.0976653267949 -0.013729496194582 0.0035372691333232 -0.013646122305262 -0.003846405205429 -0.023598944388123 -0.13861523171454 -0.057324856881194 9.8056881111842 -0.0014755342363855 0.0093396569886515 9.8068310537485 0.00070341030505362 0.00037597516616745 0.0003778697630078 0.00070858080059367 0.00037854147219677 0.00036544487322515 1.3780914338316 0.094047860156412 4 4 4 0 0
49.014211076899 8.4170395129959 116.67162322998 -0.006685 0.013896 2.0951473267949 -0.016281545812329 -0.0014920630220797 -0.013347109897608 -0.009442964106288 -0.022865342565103 -0.14034501823447 -0.074408393150705 9.8134246393018 -0.0039382420527489 -0.0087248970146864 9.8147055962114 0.00016506119115241 -0.00010346021304386 0.0007256136336509 0.00017513826467304 -9.8608693288648e-05 0.00072392244457907 1.4096496018515 0.094752308678997 4 4 4 0 0
49.01421278054 8.4170355555596 116.80557250977 -0.006743 0.013898 2.0963393267949 -0.01509917805496 -0.00070722233640799 -0.012706392840325 -0.0081873572157843 -0.023663278604706 -0.14649450622189 -0.070132682964153 9.8020808385351 -0.010237304455076 -0.0040029817448417 9.8034203473783 8.9624201573911e-05 -7.1047871924633e-05 -6.4963667922112e-05 8.8757244090455e-05 -7.1483514405874e-05 -6.5747944543203e-05 1.3888718443399 0.094752308678997 4 4 4 0 0
49.014214848718 8.4170311933651 116.95231628418 -0.006799 0.013927 2.0980963267949 -0.014474011417532 0.0061173680299845 -0.015586210128646 -0.0019973495708364 -0.023639365833358 -0.14246461418146 -0.065830169233942 9.8063269389489 -0.005568103207991 0.00086793914968477 9.8075808750359 9.0624010998996e-05 -0.00061346076806211 0.00018744751558799 9.327293931105e-05 -0.00061219952878014 0.00019028405579213 1.3730932233465 0.094752308678997 4 4 4 0 0
49.014210626415 8.4170406016211 116.63442230225 -0.00664 0.013887 2.0947743267949 -0.016360740991904 -0.0010762759271827 -0.013627317448568 -0.009117463243957 -0.023044692804504 -0.13721635907219 -0.063475585264995 9.809138817671 -0.00082700922686424 0.0017411584320648 9.8103036485481 0.00016635344775198 -0.00033431525145271 0.0008483750542811 0.00017816652018305 -0.00032865221996327 0.00084818326937002 1.4096496018515 0.094752308678997 4 4 4 0 0
49.014214280326 8.4170323811764 116.91255950928 -0.00679 0.013978 2.0976423267949 -0.014462847837635 0.0032778182194274 -0.014149753517397 -0.0044387699128147 -0.023853897868345 -0.14683950788961 -0.064170758511283 9.8125252892122 -0.0095982656368868 0.0023483254942535 9.8138287890264 -0.00016136216416781 -0.00018025836517145 0.00064972926150625 -0.00015226869546569 -0.00017583033393307 0.00065311512497987 1.3780914338316 0.094047860156412 4 4 4 0 0
49.01421169247 8.4170379442398 116.72506713867 -0.006707 0.013875 2.0955923267949 -0.01665317730312 -0.0011893914169449 -0.013815887216023 -0.0093735946635226 -0.023105096796665 -0.13345627028904 -0.063348563877334 9.8071764209468 0.0027624681244267 0.0021099421772419 9.8082880647427 -0.00055815754948873 -0.00030244843639684 0.00027142201248267 -0.00055429429443836 -0.00030063618358794 0.00028117927227513 1.398868471301 0.094047860156412 4 4 4 0 0
49.014212482764 8.4170362018962 116.78397369385 -0.006744 0.013895 2.0961813267949 -0.015354398324163 -1.3502394820607e-05 -0.013276918407925 -0.0077123814940329 -0.023115202544516 -0.13614226281302 -0.060303317370932 9.8147565528261 0.00010235845618403 0.0059042521751066 9.815884247163 4.2812682214464e-05 0.00019703906149644 0.0010596490599938 5.7511889245352e-05 0.0002041591274126 0.0010576096252517 1.3938701517717 0.094047860156412 4 4 4 0 0
49.01421315296 8.417034749977 116.83238220215 -0.006744 0.013937 2.0966833267949 -0.015331988151637 0.00015499289950902 -0.013338031313136 -0.007562464673654 -0.023349258856049 -0.135273990405 -0.062100889821924 9.8034330328297 0.0010667531355671 0.0039031956896874 9.8045621915297 -0.00018012313800138 0.00050165144477236 0.00044186115459896 -0.00017404595380438 0.00050461789005047 0.00044093649746391 1.3888718443399 0.094752308678997 4 4 4 0 0
49.014215458503 8.4170298985177 116.99559020996 -0.006731 0.013938 2.0985243267949 -0.013870820076882 0.008328585652638 -0.016177795059501 0.00020970018052535 -0.023454217104689 -0.13511540994517 -0.070881023352599 9.8056178693214 0.0017207937274916 -0.0049973238288308 9.8068036800958 -0.00015394614759679 -0.00032358468153644 -0.00022546360003979 -0.00015706704578508 -0.00032506642759162 -0.00022106252024951 1.3666901623997 0.094047860156412 4 4 4 0 0
49.014211177116 8.417039260893 116.68020629883 -0.006658 0.013876 2.0951263267949 -0.01669274412252 -0.0013611346703319 -0.013767784702841 -0.0095367360624413 -0.022853151019135 -0.13613937854342 -0.044643473326174 9.8045530340945 -0.0001283355240791 0.020553681616685 9.8055785277411 -9.7880535827697e-05 4.1762088951779e-05 -0.0012013027884964 -0.00011458262291682 3.377705281312e-05 -0.001200115776976 1.4052715040162 0.094752308678997 4 4 4 0 0
49.014214092183 8.4170327718508 116.89978027344 -0.006773 0.013888 2.0974993267949 -0.014721866772259 0.002658498115663 -0.01406279232238 -0.0051028352385411 -0.023342581246896 -0.13082050157648 -0.064799770132141 9.8124087538498 0.0060129353280997 0.0017539953655418 9.8134927837832 0.00020987506903283 -0.001040587881956 0.00026887691669198 0.00021369784667595 -0.001038749128985 0.00027297879617893 1.3780914338316 0.094047860156412 4 4 4 0 0
49.014212536656 8.4170360849418 116.78800201416 -0.006788 0.013895 2.0961613267949 -0.015516018619948 -0.00093179912358849 -0.012955875620418 -0.0085883793210496 -0.023608117465968 -0.14031384140142 -0.078583570612838 9.8064243504155 -0.0040580845973637 -0.012241801826126 9.8077345708119 -0.00037922116118157 -3.0501509802994e-05 0.00017468234812038 -0.00037673100069033 -2.9342007202451e-05 0.00018016519645336 1.3938701517717 0.094047860156412 4 4 4 0 0
49.014214733759 8.4170314347743 116.94417572021 -0.006749 0.013942 2.0980033267949 -0.014296791878153 0.0052768448650313 -0.015010358454184 -0.0026330286537374 -0.02359355893025 -0.13941695073224 -0.057236578067694 9.808902487601 -0.0023532379278842 0.0090452818824615 9.8100557270765 0.00017757033299106 -0.00058540434327723 0.00031094511698155 0.00018191369329508 -0.00058331402353383 0.0003123913023524 1.3730932233465 0.094752308678997 4 4 4 0 0
49.014213033237 8.4170350097858 116.82395172119 -0.006744 0.013883 2.0965953267949 -0.015528314285761 -1.8698121342334e-05 -0.01342129830249 -0.0078101019067233 -0.023137856378732 -0.13632674465499 -0.065043626460303 9.8087002961203 -4.6265313163802e-05 0.0010648056553352 9.8098634138386 -5.1897656289491e-05 -0.00022472475755836 0.00046228009380966 -4.5437557394359e-05 -0.00022163400908616 0.00046445608461491 1.3888718443399 0.094752308678997 4 4 4 0 0
49.014214896912 8.4170310941868 116.95582580566 -0.006791 0.013954 2.0982103267949 -0.01426845465067 0.0062766065689734 -0.015488563607428 -0.0017575655778258 -0.023668651495546 -0.13849276211605 -0.06540811514446 9.8084998752896 -0.0015872348028236 0.0012812273746487 9.8096953933749 0.00017459409252758 -0.00010128579018378 0.00089719279612499 0.00018710161827035 -9.518816620324e-05 0.00089534990823967 1.3730932233465 0.094752308678997 4 4 4 0 0
49.014212110322 8.4170370114582 116.75688934326 -0.006702 0.013839 2.0957893267949 -0.016346448068896 -0.00092014824750625 -0.013683530040677 -0.0089896538867421 -0.023230973117915 -0.13689664208303 -0.067986131799105 9.803794899126 -0.0011423228719892 -0.0023373365227174 9.8049861599786 -7.7947906640146e-05 -0.00017268023288423 0.00018649017034269 -7.5336291767979e-05 -0.00017140968780228 0.00018869602512889 1.398868471301 0.094047860156412 4 4 4 0 0
49.014215173182 8.4170305071938 116.97518157959 -0.006768 0.013993 2.0983363267949 -0.014296878050607 0.0075426876998606 -0.016150249459852 -0.00067999426637519 -0.023578904271319 -0.13720915785338 -0.06147112198455 9.8070485788475 -0.00019729382420694 0.0047296668280697 9.8081996792612 -0.00027238764387156 0.00035445913903097 0.00060153766207271 -0.0002640057884314 0.00035850960810082 0.0006028665222074 1.3730932233465 0.094752308678997 4 4 4 0 0
49.014213223028 8.4170346053827 116.8377456665 -0.006745 0.013919 2.0966323267949 -0.015306864534424 0.0002240061384595 -0.013350973495335 -0.0074901276101736 -0.023236568809116 -0.13909768309425 -0.06249644061851 9.8094188834924 -0.0026862440585886 0.0034201744387992 9.8106031378094 -0.0004133411201592 0.00018845594755168 -0.00020490921977142 -0.00041622623261809 0.0001870357413378 -0.0002004009235297 1.3888718443399 0.094752308678997 4 4 4 0 0
49.014211043006 8.4170395966292 116.66863250732 -0.006627 0.013876 2.0950293267949 -0.016020010824467 -0.0009950937720367 -0.013370183252686 -0.0088808149294098 -0.022883668640127 -0.1361544471424 -0.063473061641013 9.8036700814299 1.9577865465587e-05 0.0017376665232162 9.8048210029288 0.00046056705825266 -0.00026859427115022 -0.0001699353201263 0.00045818111807297 -0.00026972912562674 -0.00017456244150119 1.4096496018515 0.094752308678997 4 4 4 0 0
49.014212217859 8.4170367795297 116.76460266113 -0.006641 0.013847 2.0959103267949 -0.015909548045185 -0.00094942878135602 -0.013289694313975 -0.008797696318803 -0.02353740313473 -0.13300547771277 -0.055929573623841 9.8034521713689 0.002765591749624 0.009526126787533 9.8045088000874 0.0006509681216314 -7.3357703473408e-05 0.00013946311553033 0.00065290542595496 -7.2395901147196e-05 0.00013092484343161 1.3938701517717 0.094047860156412 4 4 4 0 0
49.014210771345 8.4170402850216 116.64572143555 -0.006648 0.013894 2.0948413267949 -0.016889165660275 -0.001994892793472 -0.01362430149836 -0.010178512820537 -0.023038369476011 -0.13690437866888 -0.058905942481814 9.8077650564112 -0.00045932548523231 0.0060373495073946 9.8088955911376 -0.00045197330717305 -0.00035963727885076 0.00048718415041791 -0.0004451041690415 -0.00035638395447111 0.00049577396422446 1.4096496018515 0.094752308678997 4 4 4 0 0
49.014210969129 8.4170397852357 116.66234588623 -0.006598 0.013937 2.0950173267949 -0.016355115371363 -0.0016250609492865 -0.013345438456274 -0.0095932289250387 -0.023090201313078 -0.13974408646356 -0.054004519263157 9.8051060433983 -0.0032198181801087 0.010747839761836 9.8062442269671 0.00013044936018799 0.00020121379854054 0.00067600023235622 0.00013984338723449 0.00020565650710242 0.00067276227725681 1.4096496018515 0.094752308678997 4 4 4 0 0
49.014214176586 8.4170325912198 116.90550231934 -0.006833 0.013937 2.0975323267949 -0.015099915293662 0.0029675719457942 -0.0145448428058 -0.0050260879383084 -0.023761747622868 -0.13639436304059 -0.064203786712677 9.8075827670354 0.00051874397406849 0.0025062018206891 9.808740946843 -0.00051854093750554 -0.00043077996985552 7.6829908125791e-05 -0.00051733834210726 -0.00043024650012936 8.6987569817632e-05 1.3780914338316 0.094047860156412 4 4 4 0 0
49.014212852285 8.41703539675 116.8106918335 -0.006698 0.013868 2.0964123267949 -0.014918226833545 -0.00080301943878324 -0.012501153249704 -0.0081804549706052 -0.022903688402519 -0.13344977669117 -0.063901233451421 9.8022834385613 0.002514813058333 0.0018635724140059 9.8033998264122 0.00022516617161841 -7.4504071819725e-05 -0.0002695151927956 0.00022143158075197 -7.6347276145278e-05 -0.00027212600671585 1.3888718443399 0.094752308678997 4 4 4 0 0
49.014212163499 8.4170368890216 116.76036834717 -0.006678 0.013851 2.0959183267949 -0.016299010333725 -0.0011770553506417 -0.013512918228947 -0.0091893610333682 -0.023320320204494 -0.1396988977926 -0.064273303074977 9.8129104360064 -0.0037813387117807 0.0014171177636408 9.8141145783076 0.00030567287524997 -3.566293685789e-05 0.00074061196754254 0.00031590866864245 -3.0708602638563e-05 0.00073654727666061 1.398868471301 0.094047860156412 4 4 4 0 0
49.014215039469 8.4170307921952 116.96588134766 -0.006762 0.013996 2.0982743267949 -0.014336055714155 0.0070960296689265 -0.015959333542126 -0.0010843646283851 -0.023646181654898 -0.1372939352199 -0.063679230606382 9.8086027986952 -0.00028599131817113 0.0027335933304155 9.8097697630618 0.00018009778225036 0.00045265416932178 0.0011248357844454 0.0001957574455764 0.00046024314273112 0.0011191206878597 1.3730932233465 0.094752308678997 4 4 4 0 0
49.014213958291 8.4170330538318 116.89022827148 -0.006767 0.013949 2.0973773267949 -0.014172758459318 0.0018670062248005 -0.013190873487932 -0.0055094294243874 -0.023545673583801 -0.13326398850422 -0.064941484019002 9.8135702721248 0.0036024033659824 0.0016386076210078 9.8146890732594 0.00034611605673918 -3.3759321222568e-06 0.00016434324546208 0.00034835937333248 -2.2647359347193e-06 0.00015949744254994 1.3838735491366 0.094752308678997 4 4 4 0 0
49.014213638427 8.417033725554 116.86754608154 -0.00673 0.013922 2.0971213267949 -0.015148458165752 0.001304239223145 -0.013753171692603 -0.0064828509802481 -0.023458533648945 -0.13694283695123 -0.060692689965319 9.817065695571 -5.3304734927649e-05 0.0052957399349257 9.818206847837 -0.00010924503273686 -0.00042926102132675 7.5646662238293e-05 -0.00010813111320011 -0.00042874633677542 8.0030444383316e-05 1.3838735491366 0.094752308678997 4 4 4 0 0
49.01421123377 8.4170391204916 116.68509674072 -0.00667 0.013897 2.0952473267949 -0.01603697596387 -0.0005183339928955 -0.01362139560109 -0.0084799675632916 -0.022956151845506 -0.13700808658251 -0.06878192905599 9.8137768392344 -0.00070635159692892 -0.0030640355146137 9.8149738455828 0.00050426219735251 0.00012143536918579 -0.00043463303704329 0.00049815684201479 0.00011849224204765 -0.00044240985310011 1.4052715040162 0.094752308678997 4 4 4 0 0
49.01421196542 8.4170373230329 116.74615478516 -0.006678 0.013873 2.0957293267949 -0.016549331204354 -0.0012223726349903 -0.013708165265151 -0.0093520517682461 -0.023105546473969 -0.1396770787438 -0.065037734668267 9.8059296627538 -0.0039723234925365 0.0004843921531513 9.8071393271338 9.1761718363112e-05 0.00056837169645545 0.0002633735860223 9.5364146052081e-05 0.00057011783360414 0.00025829328923893 1.398868471301 0.094047860156412 4 4 4 0 0
49.014214953249 8.4170309774105 116.95998382568 -0.006843 0.013979 2.0981803267949 -0.014341866601267 0.0065139295914554 -0.01567137380272 -0.0015901396648255 -0.023645381702912 -0.13973912686937 -0.063041976617217 9.8055013735288 -0.0027832042694836 0.0035648332708061 9.8066984081652 -0.00083863924204548 0.00016168405817434 -0.00023097334086674 -0.00084183101561425 0.00016004816269082 -0.00022030339114654 1.3730932233465 0.094752308678997 4 4 4 0 0
49.014213464675 8.4170340892259 116.85501861572 -0.006742 0.0139 2.0969653267949 -0.015068910873484 0.00079083872353138 -0.013427659942812 -0.0068844376918091 -0.023474875569657 -0.14177090421314 -0.065413115672015 9.8042212535037 -0.0053817154021499 0.00045783327697314 9.8054631167898 -0.00038169177956343 -0.00022418049059017 0.00031003470974153 -0.00037731170497731 -0.00022207584579534 0.00031683991666009 1.3838735491366 0.094752308678997 4 4 4 0 0
49.014214492264 8.4170319406782 116.92747497559 -0.006834 0.01401 2.0978113267949 -0.014708718990941 0.0040546936489777 -0.014752359299952 -0.0038929991064053 -0.023700067348045 -0.12958178444812 -0.065840672512542 9.8073256172311 0.0074349070388329 0.00087345711698465 9.8084001519005 -0.00053024210689145 0.00064429580310929 0.001158387931064 -0.00051400827832645 0.00065221966481819 0.001161226014844 1.3780914338316 0.094047860156412 4 4 4 0 0
49.014213403492 8.4170342162139 116.85041809082 -0.006735 0.013898 2.0969183267949 -0.015153193249914 0.00066345753257863 -0.013437023203062 -0.0070360453655734 -0.023439068986545 -0.13549486077962 -0.062843533998344 9.8114288198112 0.001039048199866 0.00309949932341 9.8125651598822 -0.00022447489966725 -0.00033836839756023 0.00052629280629183 -0.00021708872984651 -0.00033484829528916 0.00053162575102985 1.3838735491366 0.094752308678997 4 4 4 0 0
49.014215227216 8.4170303974593 116.97940063477 -0.006694 0.013947 2.0983733267949 -0.014080796756044 0.0075056438515883 -0.015944875825687 -0.0006039360863711 -0.023678810030076 -0.13664358012565 -0.065016956747161 9.8090118394201 0.00039971165120722 0.00091390318852013 9.8101789694362 0.00051439977210575 -0.00046372132481262 0.00076437250349853 0.00052502351542701 -0.00045861914590529 0.00076022204657259 1.3666901623997 0.094047860156412 4 4 4 0 0
49.014211306222 8.4170389287734 116.6912689209 -0.00672 0.013865 2.0953603267949 -0.017109208996152 -0.0015377278441289 -0.014037930770905 -0.0099008067681502 -0.023180190460716 -0.13218421142082 -0.080470648614403 9.8054021918531 0.0037633271324232 -0.014764310876545 9.8066118131948 -0.00029717182002476 -7.3850975472687e-06 -0.00060689458091577 -0.00030554738700551 -1.1509152194939e-05 -0.00060263706977171 1.4052715040162 0.094752308678997 4 4 4 0 0
49.014213536434 8.4170339401783 116.86042785645 -0.006694 0.013876 2.0969783267949 -0.014955826411518 0.0007711079640035 -0.013319478774739 -0.0068456624961751 -0.023265316553437 -0.13471706916739 -0.060641074656785 9.8122099678817 0.0016999808581748 0.0051381605040818 9.8133207180791 0.00022055115575322 -0.00050547965855941 -0.00063657141599216 0.00021176396787945 -0.00050973899677018 -0.00063617251870087 1.3838735491366 0.094752308678997 4 4 4 0 0
49.014213702721 8.4170335863047 116.87181854248 -0.006731 0.013926 2.0972063267949 -0.015019720039306 0.0017487133517882 -0.013864790773689 -0.0060347012273139 -0.023593821728149 -0.13825009360784 -0.059086793634438 9.8052989230163 -0.0014766375496426 0.0070221638092665 9.8064488761303 0.00022608261259013 -0.00043145946149048 0.00031867007634241 0.00023052318383038 -0.00042929651136231 0.00031838016512741 1.3838735491366 0.094752308678997 4 4 4 0 0
49.014212982574 8.4170351207085 116.82044219971 -0.006699 0.013856 2.0965793267949 -0.01534030818868 0.0001958536000982 -0.013366595900908 -0.0075297719967357 -0.023318637141363 -0.13837367779642 -0.063025810970606 9.807719362222 -0.0022471742173921 0.0028221212274565 9.8088973527578 0.00028655526222053 -0.00046111547570323 0.00073918418386483 0.00029681774831456 -0.00045613458711571 0.00073821665364248 1.3888718443399 0.094752308678997 4 4 4 0 0
49.014213080826 8.4170349103059 116.82739257812 -0.006757 0.013914 2.0966673267949 -0.015337540337838 0.00014211447523472 -0.013336726871767 -0.0075757582082823 -0.023441961830254 -0.13672299512112 -0.064653832535948 9.8083017436174 -0.00044376682894598 0.0012861300894898 9.8094676211176 -0.00058918363353898 0.00030065554126656 0.0011778378320908 -0.00057277297837453 0.000308593692378 0.0011838496465028 1.3888718443399 0.094752308678997 4 4 4 0 0
49.014212057638 8.417037121107 116.75285339355 -0.006688 0.013833 2.0957693267949 -0.016309907444615 -0.00091131564620584 -0.01365648503777 -0.0089634799994559 -0.023428293671856 -0.13842996211954 -0.061674433762945 9.8104953074446 -0.0026505109412125 0.0039157748271342 9.8116647433819 -1.6609842089463e-05 -0.00015966360296406 2.4157368254527e-05 -1.6257843538353e-05 -0.00015951104865185 2.5458126304087e-05 1.398868471301 0.094047860156412 4 4 4 0 0
49.014213913439 8.4170331452055 116.88703155518 -0.006733 0.014012 2.0974743267949 -0.014398506104952 0.0016653979356293 -0.013284501596792 -0.0057976345955808 -0.023298171634636 -0.13980025943035 -0.064419627739225 9.8039017284367 -0.0027935032488688 0.001953024720077 9.8051094621866 0.00067377097047303 0.00062027698649436 0.0011290806039003 0.00068950904579792 0.00062785415413808 0.0011153420114994 1.3838735491366 0.094752308678997 4 4 4 0 0
49.014210693415 8.4170404550432 116.63968658447 -0.006665 0.013924 2.0947493267949 -0.016641699745894 -0.00176219037363 -0.013527139705934 -0.0098522923014009 -0.022963296601333 -0.13380681970094 -0.070966949308021 9.8066463786043 0.0026644823405874 -0.0057488641283441 9.8078138710378 -0.00023697826060273 0.00011427742948411 6.7661211018793e-05 -0.00023601041581617 0.00011473974879183 7.0176227026228e-05 1.4096496018515 0.094752308678997 4 4 4 0 0
49.014212370496 8.4170364437053 116.7758026123 -0.006704 0.013887 2.0959993267949 -0.01599127844368 -0.00093138505434287 -0.013368574630253 -0.0088243779006636 -0.023277513202129 -0.13198605011853 -0.068341443181978 9.8046067739316 0.0039730939420713 -0.0023241497613009 9.8057321453361 0.00054208878606644 0.00033042315746131 -0.00015871069541659 0.00053978983090087 0.00032933843756486 -0.00016846239688974 1.3938701517717 0.094047860156412 4 4 4 0 0
49.014211764161 8.4170377513517 116.73137664795 -0.006649 0.013881 2.0956683267949 -0.016565808967651 -0.0011221267441574 -0.013773644232093 -0.0092721099431524 -0.023340355950537 -0.13717781233634 -0.066566514121583 9.8110862539968 -0.0010446498681678 -0.001082859893471 9.8122706695744 0.00046082016916865 6.6584181973282e-05 0.00074399500339033 0.00047109879464613 7.1538832663483e-05 0.00073707615670025 1.398868471301 0.094047860156412 4 4 4 0 0
49.014212621232 8.4170358992553 116.79418945312 -0.006789 0.013884 2.0962033267949 -0.015841924544699 -0.0012373735554979 -0.013083947846089 -0.0090171524188231 -0.023315425221161 -0.12969623611429 -0.055090908137298 9.8068423174858 0.006413433090332 0.010949939557347 9.8078464850376 -0.00093559408513453 5.1257246579439e-05 -0.0004652538203533 -0.00094196599901215 4.8079208662036e-05 -0.00045251662150776 1.3938701517717 0.094047860156412 4 4 4 0 0
49.014213764372 8.4170334594025 116.87638092041 -0.006777 0.01399 2.0972923267949 -0.014988348260246 0.0017819058579206 -0.013853736415228 -0.0059916451855711 -0.023267855532446 -0.13589954948522 -0.064946236800318 9.8103248255801 0.0011690053448011 0.0014034790349352 9.8114809403503 -0.0002082749866714 0.00028539476893474 0.00018361944260373 -0.00020574520174761 0.00028662790994988 0.00018457755820118 1.3838735491366 0.094752308678997 4 4 4 0 0
49.014214648066 8.4170316185519 116.93841552734 -0.006793 0.013993 2.0978783267949 -0.014392105919628 0.0047549244364846 -0.014830392177423 -0.0031307959159115 -0.023702060418156 -0.1314189445379 -0.065013602271425 9.808190031299 0.0055059087621083 0.0015199090871642 9.8092844055677 -0.00012869151894155 0.00053581726471425 -0.00013722446172947 -0.00013064940598036 0.00053488763801073 -0.00013908457566269 1.3730932233465 0.094752308678997 4 4 4 0 0
49.014213595951 8.4170338121711 116.86446380615 -0.006657 0.013968 2.0970843267949 -0.014804546090303 0.001220829235148 -0.013414198613522 -0.0063815641115718 -0.023498706814522 -0.13733903374833 -0.063877298984901 9.8035162068448 -0.00070255447476927 0.0017461706622737 9.8046861299841 0.00068903453528591 0.00049945804909841 0.0001087295027988 0.00069045191974134 0.00050016444880222 9.5785357753767e-05 1.3838735491366 0.094752308678997 4 4 4 0 0
49.014214531044 8.4170318625465 116.93018341064 -0.006753 0.013976 2.0978313267949 -0.014692833739928 0.0048764534342558 -0.01515167350211 -0.0031758732668243 -0.023527972193617 -0.13437839351729 -0.058531646317141 9.8062378617123 0.0025392212363911 0.0079504246978506 9.8073296945041 0.00050054047770709 0.00019098618498911 0.0003211779274863 0.00050495517351822 0.00019316773271462 0.00031285829061392 1.3780914338316 0.094047860156412 4 4 4 0 0
49.014214218809 8.4170325106325 116.90859985352 -0.006769 0.013962 2.0975223267949 -0.014871298559413 0.0034018511739077 -0.014565446881423 -0.0045360727160423 -0.023329764852397 -0.14009035922876 -0.063502451139927 9.8040928661599 -0.0032102795848818 0.0029518130530151 9.8052983931479 0.00020599069559641 -3.0740808877995e-05 -0.00025925341970265 0.00020237768992334 -3.2507744386006e-05 -0.00026189482913029 1.3780914338316 0.094047860156412 4 4 4 0 0
49.01421291915 8.4170352540466 116.81563568115 -0.006741 0.01388 2.0964933267949 -0.015194952249926 -0.0002377627476756 -0.013023699356395 -0.0078311281446554 -0.023176459466744 -0.13598502068972 -0.05907820755861 9.8140890913365 0.00026076006236507 0.0068176853654928 9.8152066664127 -0.00043611489962756 -8.3106418097855e-05 0.00018870199724672 -0.00043342389679848 -8.1856001353486e-05 0.00019529370891971 1.3888718443399 0.094752308678997 4 4 4 0 0
49.014211906318 8.41703744921 116.7417678833 -0.006649 0.013861 2.0956553267949 -0.016550237734417 -0.00093488763226904 -0.013853312208093 -0.0091033021236545 -0.023447588860876 -0.1334493972545 -0.065434982805059 9.8061790411174 0.0022769654296793 4.4101536504776e-06 9.8073051208377 0.00046309994957635 0.00033445840850432 -0.00062332431925762 0.00045436764482238 0.00033028088153693 -0.00063185038769302 1.398868471301 0.094047860156412 4 4 4 0 0
49.014212684124 8.4170357674635 116.79891204834 -0.006712 0.013893 2.0963143267949 -0.016076981088088 0.00029243958376975 -0.014054199146063 -0.0078124439855355 -0.023112770694958 -0.12991380133701 -0.051800756272093 9.8054080481199 0.006147464281509 0.013825289763541 9.8063939216755 -0.00031513925841464 0.00025664224279227 0.0005116611152775 -0.00030805622158325 0.00026002245437559 0.0005142593480553 1.3938701517717 0.094047860156412 4 4 4 0 0
