49.014213810949 8.4170619165502 114.89019012451 -0.006275 0.013833 2.1186943267949 -0.0080362985045087 0.001580781277619 -0.0076835422210958 -0.002836184969758 -0.011380674726631 -0.14089605384387 -0.054240718241973 9.8079956752828 -0.0047386596119234 0.0073788156793671 9.8091539535439 0.00015600038178689 -0.00088463558743291 0.00091005754067008 0.00016866241717263 -0.0008789167894279 0.00091335283524956 1.5552237781104 0.094047860156412 4 9 4 0 0
49.014210278917 8.4170668359687 114.92064666748 -0.006056 0.013789 2.1150993267949 -0.009033621755232 -0.0032002918044093 -0.0060712639536311 -0.0074153898698484 -0.011909770737449 -0.13618929057704 -0.064090800487878 9.8054935101811 -0.0010817578197606 -0.0046858271582219 9.8066473576954 6.0964478736328e-05 0.00016779706399012 0.00025024501135048 6.4411128735598e-05 0.00016929504937589 0.0002483510051805 1.5592360308818 0.094752308678997 4 9 4 0 0
49.014211551552 8.4170651710308 114.91123962402 -0.006097 0.0138 2.1164213267949 -0.0087054831085783 -0.0001656326411901 -0.0073554900081378 -0.0046593638748562 -0.01162350895222 -0.14060669334438 -0.061030546145306 9.8067559634955 -0.0054092804038502 -0.0011102647029287 9.8079523253477 0.00026275098949185 0.00023873672170602 -0.00029400274188115 0.00025866612749735 0.00023698608070334 -0.00029904058330378 1.5572295912935 0.094752308678997 4 9 4 0 0
49.014213055682 8.4170630360705 114.89526367188 -0.006515 0.013802 2.1179253267949 -0.007985290888688 0.0013921560818504 -0.0075438938511256 -0.0029652473256363 -0.011012577685236 -0.13512995929775 -0.06347240391205 9.8024135228776 5.3230057143578e-05 0.00041974377697213 9.8035504796797 7.7419683025447e-05 0.00018323504015107 -8.7422930399254e-05 7.6195552090017e-05 0.00018265884634976 -8.9665174670481e-05 1.5552237781104 0.094752308678997 4 9 4 0 0
49.014213159435 8.4170628830575 114.89451599121 -0.006517 0.013833 2.1180253267949 -0.0079096669734121 0.0014802264430504 -0.0075249263068901 -0.002851228985264 -0.01106093445901 -0.13923619946691 -0.070597148364599 9.8099742783586 -0.0037833294908172 -0.0066574702740191 9.8112135311666 3.484877951403e-05 0.00042488044545297 0.00039742955512012 4.0276478440321e-05 0.00042745005383245 0.00039411441339662 1.5552237781104 0.094752308678997 4 9 4 0 0
49.014210191008 8.4170669505071 114.92067718506 -0.00603 0.013753 2.1150293267949 -0.0091463288236113 -0.0035223139141169 -0.0060011997346262 -0.0077490453348148 -0.011896144875767 -0.13457082570202 -0.05520643998672 9.8062917032324 0.00053149178561015 0.0040805440017478 9.8073697352868 0.00031014467707647 -0.0004335108210888 -0.00025020140047573 0.00030672803993057 -0.00043499719844903 -0.00025183897700954 1.5592360308818 0.094752308678997 4 9 4 0 0
49.014213646506 8.4170621627987 114.89154052734 -0.006385 0.013889 2.1185213267949 -0.0078932769876145 0.0019152501478423 -0.007736102728572 -0.0024748472183028 -0.010949727394106 -0.14207299496947 -0.0726354927826 9.8077680509359 -0.0058897640263362 -0.0098715436404051 9.8090593397259 0.0002797008799404 4.7602645342546e-05 0.00089527644497165 0.00029210093080058 5.3292318233844e-05 0.00089099082584994 1.5552237781104 0.094047860156412 4 9 4 0 0
49.014213884975 8.417061805302 114.88981628418 -0.00636 0.013853 2.1187093267949 -0.0083372891780398 0.001780353985195 -0.0080442968565832 -0.0028230060215412 -0.011136634335453 -0.14435647180133 -0.069487917187152 9.8067264621449 -0.0083829177596753 -0.0074819025078402 9.8080287148245 -0.00063793530652159 -0.00022845807119881 0.00020812418911376 -0.0006349813653579 -0.00022714400790955 0.00021838048746051 1.5552237781104 0.094047860156412 4 9 4 0 0
49.014210498271 8.4170665476976 114.92031860352 -0.006089 0.013783 2.1153313267949 -0.0088230512461237 -0.0027711914050289 -0.0061113917602628 -0.0069409413258925 -0.011839469856334 -0.1335259365411 -0.056613230917038 9.8101790386817 0.0016886218640471 0.0029986003506084 9.8112504563164 -0.00019401600708515 -1.2779733353058e-05 -0.000445382208624 -0.00020016476167988 -1.5527263637801e-05 -0.00044257643026057 1.5578347152378 0.094752308678997 4 9 4 0 0
49.014211714504 8.4170649572885 114.90888214111 -0.006109 0.013808 2.1166353267949 -0.0088571329573661 0.00020157336742796 -0.0076750302153691 -0.0044253156021769 -0.011604074866045 -0.13539243097747 -0.059289951339867 9.808531833719 -0.00032851373920427 0.00066731298569394 9.8096452872906 7.4813864753222e-05 0.00065301355236689 0.00086406547916563 8.6656677039847e-05 0.0006582888286538 0.00085892999807778 1.5572295912935 0.094752308678997 4 9 4 0 0
49.014210862322 8.417066067767 114.91947937012 -0.006063 0.013771 2.1156263267949 -0.0085351842862494 -0.001771475362994 -0.0063812886355674 -0.0059385777215753 -0.011835359559945 -0.13451391002365 -0.061650894762616 9.8081436943968 0.00023305565051409 -0.002303965489467 9.8092592010291 -0.00018118968069455 0.00056410019331656 -0.00033554446658357 -0.00018586196878483 0.00056207360942244 -0.00033646855482475 1.5578347152378 0.094752308678997 4 9 4 0 0
49.014212149443 8.4170643607143 114.90203857422 -0.0061 0.013789 2.1169363267949 -0.0085680977437414 0.00079275195524405 -0.0077335300995704 -0.0037727029556099 -0.011302116398814 -0.13516103633145 -0.056101500904434 9.805839273493 -0.00010319111388614 0.0039108535131868 9.8069304534536 0.00038374337172208 0.00025741097473774 -5.7788825397277e-05 0.00038288331403853 0.00025706469199475 -6.4637126088682e-05 1.5572295912935 0.094752308678997 4 9 4 0 0
49.014212752594 8.4170634806334 114.89712524414 -0.006451 0.013778 2.1176253267949 -0.0091663739340974 0.0010321461555392 -0.008366523352726 -0.0038844691444995 -0.011081477081951 -0.13904828007946 -0.066191783270504 9.8029380960029 -0.0037233341675253 -0.003285090679926 9.8041463899563 -0.00057659942811273 -0.00049236385752739 0.00031673815606275 -0.00057214064836608 -0.00049029294003405 0.00032785685194475 1.555828396707 0.094752308678997 4 9 4 0 0
49.014212209626 8.4170642768215 114.90157318115 -0.006124 0.013763 2.1170543267949 -0.0087224647087493 0.00044957713058629 -0.0076868640961941 -0.0041467476686715 -0.011330531785703 -0.13538912584499 -0.055127003056776 9.8065402037418 -0.00021360370278354 0.0048136925717173 9.8076287307547 -0.00017801598662848 -0.00040450643984527 0.00060271016233593 -0.00016964936612736 -0.00040079295142049 0.00060751485187911 1.555828396707 0.094752308678997 4 9 4 0 0
49.014211230684 8.4170655915323 114.91609954834 -0.006042 0.013731 2.1160393267949 -0.0086370584423925 -0.00077335999417244 -0.0069834298891326 -0.0051408811741126 -0.011618447526406 -0.1373163131 -0.054476228671841 9.8072811861558 -0.0023879719730588 0.0051180715615209 9.8083920040481 0.00065240005531672 -0.00047778756182669 -0.00091648054476246 0.00063977876629875 -0.00048333613681442 -0.00092244786573587 1.5572295912935 0.094752308678997 4 9 4 0 0
49.014213600211 8.4170622323705 114.89192199707 -0.006384 0.013883 2.1184723267949 -0.0079058987517583 0.0015889273488981 -0.0075769939952503 -0.0027598668666696 -0.010802804953119 -0.13779663143869 -0.052797495160835 9.8056893003297 -0.0016961892617727 0.0099595456362653 9.8067946047572 0.00030566026394202 4.0933157267238e-05 0.00028370350453019 0.00030956471404177 4.2739446621424e-05 0.00027918124949444 1.5552237781104 0.094047860156412 4 9 4 0 0
49.014211061228 8.4170658079979 114.9176940918 -0.006074 0.013785 2.1159373267949 -0.0085872880829767 -0.0011851889398791 -0.006728397590338 -0.0054657972190192 -0.01169638270508 -0.13988703182073 -0.061018294660906 9.8057454995498 -0.0049339017733581 -0.001583592899811 9.8069318380454 -0.00021054352329861 0.00037222389260135 0.00093901712802422 -0.00019762586964985 0.0003779072763255 0.00093956152426967 1.5578347152378 0.094752308678997 4 9 4 0 0
49.014211294027 8.4170655078538 114.91506958008 -0.006084 0.013738 2.1162173267949 -0.0086888197107727 -0.00059120501612202 -0.0071218994969994 -0.0050123632798556 -0.011765864669123 -0.14159273218771 -0.061860132653101 9.8098792930215 -0.0067760273993729 -0.0020657319019298 9.8110934854589 0.0002043846535635 -0.00010922920661334 0.0013140803732646 0.00022241962034801 -0.00010125440458486 0.0013118143281209 1.5572295912935 0.094752308678997 4 9 4 0 0
49.014212702812 8.4170635556306 114.89756774902 -0.006397 0.013823 2.1176063267949 -0.0092494489493548 0.0008527618155014 -0.0083444443799692 -0.0040804152120233 -0.011132155953726 -0.13745255653599 -0.062764064610707 9.8077226464571 -0.0020373114319078 -0.00043155707471961 9.8088864228845 -0.00072079255778037 0.00026312627624272 0.00093210482739734 -0.00070785748731934 0.00026907311690641 0.00094027014595641 1.555828396707 0.094752308678997 4 9 4 0 0
49.014210812766 8.4170661332029 114.91967010498 -0.006079 0.013752 2.1156433267949 -0.0086262315405335 -0.0019793453957773 -0.0063516812485345 -0.0061632701411581 -0.01185989775954 -0.14019852893352 -0.061462694149371 9.8044644441154 -0.005446352021471 -0.0019529621309571 9.8056576979031 -0.00015322572527738 0.00012382281571395 0.00060486812997917 -0.00014491758312387 0.00012750063860523 0.00060616150197042 1.5578347152378 0.094752308678997 4 9 4 0 0
49.014211366135 8.4170654151227 114.91421508789 -0.006097 0.01378 2.1161973267949 -0.0085881660576854 -0.00053332746491204 -0.007065643659876 -0.004910982357055 -0.0115983227019 -0.13861790112803 -0.060257586483044 9.8080678574527 -0.0036262296989331 -0.00054520447508596 9.8092317241757 -0.00012872404893609 0.00027958376076728 0.00015386688903379 -0.00012662589800655 0.00028050354775248 0.00015392375137211 1.5572295912935 0.094752308678997 4 9 4 0 0
49.014213745856 8.4170620162814 114.89086914062 -0.006256 0.013888 2.1186013267949 -0.0076042704681619 0.0020146027379142 -0.0075408737964304 -0.0022402571368828 -0.011201969217511 -0.14434662942092 -0.0586764542426 9.8054417369096 -0.0080220233988356 0.0030251525165027 9.8066759020582 0.00066474052458731 -0.00028715763604117 0.00062418772926678 0.00067338854742584 -0.00028325054546499 0.00061664762672157 1.5552237781104 0.094047860156412 4 9 4 0 0
49.014212986283 8.4170631353372 114.89544677734 -0.006539 0.013781 2.1179393267949 -0.0082538518119554 0.0012681850098207 -0.0077088640020779 -0.0032105814299581 -0.011125737519148 -0.14025836313915 -0.065926355004583 9.8134839993059 -0.0048949990383278 -0.0018287205629868 9.8147067026106 -0.00010940311666314 -0.00024391142432423 0.00078951207202184 -9.8509884888973e-05 -0.00023876370217548 0.00079256413130724 1.5552237781104 0.094752308678997 4 9 4 0 0
49.014212319638 8.4170641164755 114.90032196045 -0.006175 0.013807 2.1172073267949 -0.0087053840511311 0.00062202096630752 -0.0077612469706255 -0.0039917044873983 -0.01107292153066 -0.13919173381229 -0.055870184710558 9.8088165191319 -0.0038515935283896 0.0045687692549075 9.8099610570778 -0.00021780176431324 0.00014491866759692 0.00063220948244728 -0.00020908901411612 0.00014882888276401 0.00063424884904297 1.555828396707 0.094752308678997 4 9 4 0 0
49.014210144091 8.4170670137548 114.92081451416 -0.006057 0.013805 2.1150143267949 -0.009126501017676 -0.0036450222839456 -0.0059211475843986 -0.0078434222443425 -0.011963150157469 -0.14033662871002 -0.061427087429343 9.8092952071695 -0.0051010223252838 -0.0018974403541731 9.8104896930294 0.00021450162615672 0.00030539383990109 0.00037698191199985 0.00021965866076007 0.000307683122369 0.00037212375879097 1.5592360308818 0.094752308678997 4 9 4 0 0
49.014211489491 8.4170652545099 114.91239929199 -0.006115 0.013716 2.1164443267949 -0.0087165342600684 -0.00024225150780243 -0.0073254382767465 -0.0047301867502075 -0.01147539642816 -0.13707882106192 -0.057280489241531 9.8067668285614 -0.0021322341805693 0.0026946128854667 9.8078916416622 2.9717755656585e-05 -0.00080507589103949 0.0011217604095048 4.5187143694606e-05 -0.00079817888700486 0.0011261877601633 1.5572295912935 0.094752308678997 4 9 4 0 0
49.014212927303 8.4170632245758 114.89612579346 -0.006495 0.013756 2.1178803267949 -0.0082979733917697 0.0010679230924767 -0.0076425344823556 -0.0034041805681432 -0.011121908523829 -0.13137380830027 -0.059921865328269 9.8066765307373 0.0036347600191421 0.0039941197181756 9.807738194675 0.00042505126833156 -0.00021681366985615 0.00052221212533846 0.00043215119569376 -0.00021336498270612 0.00051777383517841 1.5552237781104 0.094752308678997 4 9 4 0 0
49.014210904274 8.4170660122642 114.91928863525 -0.006047 0.01375 2.1156973267949 -0.0086668316610526 -0.0015733224778108 -0.0065961980612513 -0.0058377716208801 -0.011721078658625 -0.14205497894867 -0.058311985501812 9.8064508592426 -0.0072171538381875 0.0010815788578086 9.8076501403126 0.00019185849872382 -3.3643260129434e-06 -0.00014732762549944 0.00018979771822571 -4.2824524560904e-06 -0.00014992203664583 1.5578347152378 0.094752308678997 4 9 4 0 0
49.014212454219 8.4170639205366 114.89920043945 -0.006217 0.013754 2.1172733267949 -0.0087877723569393 0.00052224472703361 -0.0077794312277957 -0.0041204519668406 -0.011157563550341 -0.13407229943671 -0.057657940739531 9.8089997690216 0.0013167902435006 0.0032544636452741 9.8100848772087 -0.00010601917828304 -0.00087989550425186 0.00025901602905591 -0.00010233225396293 -0.00087826233374785 0.00026594821181768 1.555828396707 0.094752308678997 4 9 4 0 0
49.014210731482 8.4170662382194 114.91970062256 -0.006101 0.013738 2.1155903267949 -0.0087073026818392 -0.002170998085937 -0.0063220687526182 -0.0063688190095486 -0.011757666274602 -0.14006709206106 -0.057971667012168 9.8086722230663 -0.005198139437013 0.0015930221049079 9.8098420836042 -0.00048957187009418 -0.00023702389373387 0.00071860593761421 -0.00047961528904979 -0.0002326545213292 0.00072670387068281 1.5578347152378 0.094752308678997 4 9 4 0 0
49.014213353796 8.4170625947188 114.8932723999 -0.006483 0.01384 2.1182733267949 -0.0080676017053741 0.0010813459995617 -0.0074515249412306 -0.0032756962256935 -0.010569355442917 -0.13753306938973 -0.060915934647925 9.8053542103064 -0.0019113413125848 0.0026771883794697 9.8065073090219 6.6927183785945e-05 0.00013259934272728 0.00091660947039773 7.9602300230553e-05 0.00013851857813738 0.00091474362423265 1.5552237781104 0.094047860156412 4 9 4 0 0
49.014210422258 8.4170666440694 114.92017364502 -0.006071 0.013766 2.1153173267949 -0.0089413271177666 -0.0028508795930605 -0.0061718898941078 -0.0070698520148188 -0.011955861014276 -0.14019430790579 -0.059926594922278 9.8083337188519 -0.0050413670802528 -0.00046346104059323 9.8095174295949 -0.00013657033341024 -0.00025290904698222 0.00087521253924444 -0.00012445466467812 -0.00024763951649741 0.00087854020084684 1.5592360308818 0.094752308678997 4 9 4 0 0
49.014212245668 8.4170642246762 114.90106964111 -0.006147 0.013787 2.1171303267949 -0.0086915232002398 0.00049595274831753 -0.0076842882860784 -0.004091491125962 -0.011112445242294 -0.14209299773663 -0.063056486230782 9.8109104526577 -0.0070173340574737 -0.0028330600557306 9.8121392958835 -0.00013655941862392 0.00031552740798567 0.0010090253514329 -0.00012265529601715 0.00032173330600789 0.0010088176953443 1.555828396707 0.094752308678997 4 9 4 0 0
49.014213228248 8.4170627809918 114.89401245117 -0.006474 0.013833 2.1181073267949 -0.007687811131313 0.0017055144558597 -0.0074525083369913 -0.0025438963545759 -0.01070677985192 -0.13844670758657 -0.062339106173331 9.8097788925698 -0.0029808504229636 0.0013699405077048 9.8109533378787 0.00038509861729418 0.00039758243500989 0.00068590506594768 0.0003945220307551 0.00040201168469457 0.00067792318597839 1.5552237781104 0.094752308678997 4 9 4 0 0
49.01421144681 8.4170653084854 114.91283416748 -0.006107 0.013728 2.1163703267949 -0.0086403953101509 -0.00032937935872859 -0.0072155781874178 -0.0047644920768069 -0.011691324732189 -0.1353638690131 -0.058396330962261 9.8068373253716 -0.00046454581078532 0.0014603151311898 9.8079454389303 -4.9264624429077e-05 -0.00050816525207238 0.0014399048176578 -2.9451268079931e-05 -0.00049936162489893 0.0014435018269668 1.5572295912935 0.094752308678997 4 9 4 0 0
49.014212644237 8.4170636436843 114.89804840088 -0.006271 0.013796 2.1175153267949 -0.0092130725018319 0.00072998070323085 -0.0082497365193947 -0.0041659785861916 -0.011259694175463 -0.14390668417457 -0.061197568989969 9.809796084233 -0.0084491571283334 0.00042785210484146 9.8110390480001 0.00021656257170149 -0.00024106384852713 0.00013587503671382 0.00021847462965596 -0.00024027061838693 0.0001344484347449 1.555828396707 0.094752308678997 4 9 4 0 0
49.014213286987 8.4170626932155 114.89353942871 -0.00649 0.01381 2.1182173267949 -0.007802523910222 0.0013415476710327 -0.007360794223695 -0.0029150702094637 -0.010631749783834 -0.13715593248474 -0.060222257302133 9.8063479834419 -0.0016862248705652 0.0034339431531557 9.8074911705162 4.8711228425283e-05 -0.00010213464616579 0.0010657924392574 6.344561400239e-05 -9.5221929013999e-05 0.0010656836085869 1.5552237781104 0.094752308678997 4 9 4 0 0
49.01421054316 8.4170664868709 114.92005157471 -0.00603 0.013786 2.1154303267949 -0.0087849093268828 -0.0025326324047512 -0.0062019457855756 -0.0067174987323735 -0.011833900438518 -0.13556949794484 -0.058163918682002 9.8076187417312 -0.00040679301647886 0.0014037069536556 9.8087282219545 0.00079401322817754 6.95059799967e-05 0.00038745339804838 0.00079926679222928 7.1841803893483e-05 0.00037605122158124 1.5578347152378 0.094752308678997 4 9 4 0 0
49.014211623004 8.4170650785132 114.91034698486 -0.006118 0.013774 2.1165673267949 -0.0086845775871956 -1.6411719534014e-05 -0.0074148374013745 -0.0045213273192723 -0.01148839339666 -0.13789177424378 -0.060140890335572 9.810748059256 -0.0025915997595401 -0.00017205357082795 9.8119012014855 -8.2698774214458e-05 -0.00033102125544673 0.0013313522511618 -6.4315451116878e-05 -0.0003228906874693 0.0013343816677686 1.5572295912935 0.094752308678997 4 9 4 0 0
49.014211881294 8.4170647327454 114.90585327148 -0.006095 0.013799 2.1166563267949 -0.0087860294821444 0.00040879641627619 -0.0077215693847646 -0.0042117479763563 -0.011515234857659 -0.13839909363445 -0.060815151400057 9.810383241338 -0.0030992947678347 -0.00093071958384408 9.8115475422485 0.00018316329574314 0.00012421729990735 0.00016843920485886 0.00018551309847748 0.00012528275298358 0.00016511564899363 1.5572295912935 0.094752308678997 4 9 4 0 0
49.014213456708 8.417062445123 114.89283752441 -0.006497 0.013858 2.1182983267949 -0.007807025573703 0.0019495412952275 -0.007680784415597 -0.0023991723467052 -0.010744673305912 -0.13933591804898 -0.06246727119471 9.8078974566154 -0.0033889805646458 0.001290815323355 9.8090853035928 8.3395100200116e-05 -6.5969330719353e-05 0.00031904606406418 8.7809641061072e-05 -6.3907352806009e-05 0.00031827998083937 1.5552237781104 0.094047860156412 4 9 4 0 0
49.014210660203 8.4170663338177 114.91998291016 -0.006065 0.013755 2.1154413267949 -0.0087554752059829 -0.00243496942291 -0.0062270380870973 -0.006619021961036 -0.011936638887081 -0.1375037652941 -0.060165811879186 9.8070576653475 -0.0026138841629642 -0.00071940494268635 9.8082059403533 -3.2772737139574e-05 -3.8984601880097e-07 -0.0005169362979304 -3.9883280246856e-05 -3.531939460614e-06 -0.00051639441158431 1.5578347152378 0.094752308678997 4 9 4 0 0
49.014212010051 8.4170645562735 114.90352630615 -0.006082 0.013782 2.1168303267949 -0.0089593395478654 0.00050017342707823 -0.00791643106278 -0.0042249337517988 -0.011463667688025 -0.13800473476089 -0.059692714847079 9.8041074313342 -0.0028356163385719 0.00020528922864595 9.8052600133172 0.00051417001299517 -0.00010970078571891 0.00035683335458306 0.00051906259520776 -0.00010753006105234 0.00035039945857937 1.5572295912935 0.094752308678997 4 9 4 0 0
49.014211169759 8.4170656675426 114.91649627686 -0.00612 0.013787 2.1160973267949 -0.0085860367794607 -0.00083239783882091 -0.0069093771272427 -0.0051646424221539 -0.011709570791186 -0.13851022647623 -0.061348624881497 9.810751178296 -0.0036099987376628 -0.0017061764779573 9.811919799415 -0.00070140822422623 0.00062732915753171 0.00086492756966962 -0.00068948983892963 0.00063258241664707 0.00087066724813415 1.5572295912935 0.094752308678997 4 9 4 0 0
49.014212096745 8.4170644356627 114.90273284912 -0.006131 0.013767 2.1169413267949 -0.0087903867993251 0.00074375369457432 -0.0078982073371821 -0.0039296967259805 -0.011482236949786 -0.13470522631294 -0.066289865041333 9.8080332768624 0.00042934713079815 -0.0062554713131595 9.8091802966242 -0.00015656983858874 -0.00021958865206908 0.00068467619537549 -0.00014708859247933 -0.00021537565686082 0.00068810075371753 1.5572295912935 0.094752308678997 4 9 4 0 0
49.014210356033 8.4170667320322 114.92036437988 -0.006109 0.013743 2.1150913267949 -0.0090120432745006 -0.0030671133324856 -0.0061213448760696 -0.0072906336831251 -0.01185614232227 -0.13502045940742 -0.056339185909347 9.8047910963144 -1.9025213516592e-05 0.0032610868856331 9.8058821357257 -0.0004937727847212 -0.0004679170270621 -0.00084941684248076 -0.00050533403865621 -0.00047310270781773 -0.00083969724269283 1.5592360308818 0.094752308678997 4 9 4 0 0
49.014211968176 8.4170646164939 114.90435791016 -0.006106 0.013742 2.1167783267949 -0.0089003104300808 0.00055331904356169 -0.0078937747257997 -0.0041484985629495 -0.011545169897546 -0.13999584495022 -0.059116158858339 9.8104213128007 -0.0047218713829519 0.00092245376948517 9.8115969301166 0.00027772535545021 -0.00084152083325198 0.00022610339203764 0.00028088795544542 -0.0008401264741055 0.00022746449313719 1.5572295912935 0.094752308678997 4 9 4 0 0
49.01421181478 8.4170648212769 114.90692901611 -0.006154 0.013798 2.1166373267949 -0.0088301872559394 0.00028446788926926 -0.0076947782964307 -0.0043409136399687 -0.011630120697249 -0.13408582498496 -0.058054761191735 9.8090406379332 0.0011766513474724 0.0019833747172574 9.8101285284347 -0.0005591316670635 0.00013782561402058 -0.00010212951117929 -0.00056048649180624 0.00013718686025678 -9.5291275797919e-05 1.5572295912935 0.094752308678997 4 9 4 0 0
49.01421251353 8.4170638369866 114.89904022217 -0.006232 0.013802 2.1174203267949 -0.0086380322898856 0.00078823453680039 -0.0077894031590797 -0.0038160529895125 -0.011174198849039 -0.14060371981954 -0.064694410278471 9.8086883581588 -0.0052153261087549 -0.0036598112960055 9.8099072932427 -0.00015265500053928 -4.1247562965157e-05 0.0012980348000355 -0.00013472241622476 -3.3189971941422e-05 0.0013002814576953 1.555828396707 0.094752308678997 4 9 4 0 0
49.014212403446 8.4170639959053 114.89978027344 -0.006213 0.013782 2.1171943267949 -0.0087575813320509 0.00051625002523514 -0.0077507873288774 -0.00410938069945 -0.011130850560836 -0.14136234875655 -0.061872501160144 9.8105978213771 -0.00598165967513 -0.0011693062168519 9.8118094255646 -0.00042749735828778 -0.00032885412530914 -5.2853288274796e-05 -0.00042810725588235 -0.00032920951936058 -4.4882670151659e-05 1.555828396707 0.094752308678997 4 9 4 0 0
49.014213394555 8.4170625341861 114.89295959473 -0.006545 0.013812 2.1182413267949 -0.0078764342781531 0.0015349585334288 -0.0075243764645124 -0.0027889248755223 -0.01060483601151 -0.14000576235395 -0.072847082607343 9.8089357560426 -0.0043485767208279 -0.0088384572096903 9.8102003331529 -0.0003152965714654 -0.000332401708422 0.00028362947083253 -0.00031133465655966 -0.00033053408515345 0.00029011772758713 1.5552237781104 0.094047860156412 4 9 4 0 0
49.014211664949 8.4170650209565 114.9094543457 -0.006135 0.013745 2.1165483267949 -0.0087580857608246 1.9335474849688e-05 -0.0074959765040457 -0.0045293309531665 -0.011540829604181 -0.14181232733276 -0.061083571529889 9.8034053328808 -0.0067586041314291 -0.0011605114577813 9.8046187112763 -0.00037483184729999 -0.00056187207421417 0.00013798744582588 -0.00037283840703344 -0.00056102343935243 0.00014656584105726 1.5572295912935 0.094752308678997 4 9 4 0 0
49.014213097004 8.4170629741508 114.89482879639 -0.00652 0.013796 2.1179773267949 -0.0080318448600825 0.0011759691650935 -0.0074711647309653 -0.0031741485206406 -0.011218543505198 -0.13806976516554 -0.064468356327093 9.8084218732197 -0.0028484731907522 -0.0005415933475084 9.8096052096537 -2.4481357612575e-05 0.0001562902408218 0.00077812667532566 -1.3754770736176e-05 0.00016140187852375 0.00077736566064474 1.5552237781104 0.094752308678997 4 9 4 0 0
49.014213686287 8.4170621039056 114.89117431641 -0.006319 0.013891 2.1185303267949 -0.0075294405601213 0.0022585381458549 -0.0076041368650711 -0.0019926462614494 -0.010924554055309 -0.13741194309183 -0.059760591878926 9.8095037988145 -0.0010626415562811 0.0025804859641457 9.8106483090752 0.00066261757679176 -0.00017169520926269 0.00034969387806435 0.00066747207359537 -0.0001694722112401 0.00034154503459494 1.5552237781104 0.094047860156412 4 9 4 0 0
49.014212844222 8.4170633453127 114.89646148682 -0.006516 0.013735 2.1178043267949 -0.0085012907649218 0.0011895045519967 -0.0078796181748943 -0.003405664012281 -0.01116700642695 -0.13661355474337 -0.066941802498016 9.808749725606 -0.0015647145130482 -0.0031547345163633 9.8099285262166 -0.00019603388403833 -0.00060478774484415 0.00032633792990524 -0.00019147734103847 -0.00060266196619839 0.000332920427874 1.5552237781104 0.094752308678997 4 9 4 0 0
49.01421175612 8.4170649010086 114.90808105469 -0.006123 0.013752 2.1166263267949 -0.00885346948602 0.00030100951278654 -0.0077233847929433 -0.0043386525261018 -0.011465676642736 -0.14130041464235 -0.060467427087865 9.8070640499899 -0.0062694659840878 -0.00059707912984473 9.8082661670867 -0.0002882310701571 -0.00031522536115416 0.00017323152373684 -0.00028583329442756 -0.00031416280733248 0.00017908927851767 1.5572295912935 0.094752308678997 4 9 4 0 0
49.014211001511 8.4170658862376 114.91837310791 -0.006089 0.013744 2.1158243267949 -0.0086738135967097 -0.0012934227707509 -0.006746742127743 -0.005602643616908 -0.011846707598902 -0.1366238867334 -0.059213669323388 9.8095712071064 -0.0015823990163816 0.00021356299182883 9.8107010502215 -0.00052049834295709 -0.00040716003786554 0.00034759592845293 -0.00051564880509695 -0.00040508014825304 0.00035719326232201 1.5578347152378 0.094752308678997 4 9 4 0 0
49.01421192139 8.4170646775961 114.90496826172 -0.006123 0.013764 2.1167043267949 -0.0087621950924793 0.00048735831180952 -0.0077418646960569 -0.0041324448899739 -0.011523034098 -0.13634272192971 -0.058277316177093 9.8061528923258 -0.0010286839871454 0.0017278594876385 9.8072737631341 -4.5362259290265e-05 -0.00063174113744013 0.00056791591418304 -3.7510412348466e-05 -0.00062827632246191 0.00057230251655295 1.5572295912935 0.094752308678997 4 9 4 0 0
49.014211129719 8.4170657214389 114.91718292236 -0.006031 0.013756 2.1160423267949 -0.0084396060281394 -0.0010475040449881 -0.0066729207434959 -0.005272232671478 -0.011780656833155 -0.13383284496117 -0.058101755363976 9.8089379440944 0.0010819611424663 0.0013944849981749 9.8100230218481 0.00062223985713055 1.4115658485815e-05 0.00078441876950201 0.00063299492492696 1.8875564468925e-05 0.00077567287100215 1.5578347152378 0.094752308678997 4 9 4 0 0
49.014211409781 8.4170653575053 114.91348266602 -0.006158 0.013769 2.1162593267949 -0.008563036672769 -0.0003929443564113 -0.0071167757256504 -0.0047782404091953 -0.011606595290392 -0.13610093475182 -0.062658477265483 9.8089435795304 -0.0010566534201146 -0.0026457479121166 9.8100876538639 -0.00067739450997604 1.5774550271729e-05 0.00055247739462374 -0.00066973544741023 1.9159898990756e-05 0.00056164778254512 1.5572295912935 0.094752308678997 4 9 4 0 0
49.014212547626 8.417063785152 114.89854431152 -0.006236 0.013819 2.1174443267949 -0.0088787813651846 0.0007892517284768 -0.0079952724784705 -0.0039409791916493 -0.011337659873162 -0.13843736043394 -0.057217064738886 9.8050400757519 -0.0030016897567159 0.0038654299192208 9.8061829539596 -8.5736120623434e-05 9.1226534910718e-05 0.00036815474673589 -8.0646569290279e-05 9.3493447606774e-05 0.00036873220015656 1.555828396707 0.094752308678997 4 9 4 0 0
49.014213523346 8.4170623452731 114.89218139648 -0.006423 0.013879 2.1183553267949 -0.0075933140646401 0.0020616129244665 -0.0075564520397035 -0.0021928880114572 -0.010707477598706 -0.13815142756491 -0.061471554708521 9.8096769915191 -0.002187594421665 0.0019000050911717 9.8108419430334 0.00068371211048089 0.00032586227122678 -0.00015931915117791 0.00068139359601005 0.00032486646709386 -0.00017085663784133 1.5552237781104 0.094047860156412 4 9 4 0 0
49.01421280969 8.4170633970009 114.89681243896 -0.006538 0.013816 2.1177633267949 -0.0088740085742221 0.0010989677353261 -0.0081511383906254 -0.0036762484181628 -0.011224106867125 -0.13264497496047 -0.068539569269516 9.8049128032236 0.0026120923386592 -0.00492990840325 9.806048009759 -0.00086936815042427 0.00034421327712502 0.00084796383407153 -0.00085759571600508 0.0003497088600662 0.0008576054246615 1.5552237781104 0.094752308678997 4 9 4 0 0
