49.014230525636 8.4170268607503 112.90037536621 -0.006882 0.014887 2.1847833267949 0.018178776706398 0.0088758673285575 0.0097457021538098 0.017727666532596 -0.010044305920756 -0.14656720682864 -0.07421146683597 9.8102835254799 -0.00042820757287048 -0.0065851309115538 9.8116568599541 0.00025554414034755 -0.0001621305819884 0.00068030124579421 0.00026569669015978 -0.00015743085814089 0.00067752867982224 1.56213603761 0.094752308678997 4 9 4 0 0
49.014230667067 8.4170264108502 112.8757019043 -0.00694 0.014899 2.1862433267949 0.018052724265956 0.0098044485264753 0.009081173515167 0.018427164895459 -0.0099778528754888 -0.14057711102767 -0.06730129202484 9.8054809748529 0.0053992615875117 0.00045024490081251 9.8067180216127 -0.00047696910249952 0.00021647216927515 0.00089952441076796 -0.00046352459128876 0.00022267478776194 0.00090503825058277 1.5613487758986 0.094752308678997 4 9 4 0 0
49.014231112005 8.4170251259648 112.87648010254 -0.006832 0.014633 2.1881433267949 0.015494262439179 0.011051172102652 0.0062376668993606 0.017980317003772 -0.0096776900323249 -0.14167343314541 -0.071710470813566 9.8095017928765 0.002179937105 -0.0044422746793093 9.8107859421929 0.0005066324573562 -0.00054612559214804 0.00039949003294253 0.00051251347372197 -0.0005433758449229 0.00039575670345882 1.5583709442877 0.094752308678997 4 9 4 0 0
49.014231174347 8.4170249704037 112.87909698486 -0.006933 0.014619 2.1882983267949 0.015203404367611 0.011402957299673 0.0057940056195565 0.018099729965708 -0.0096747360454812 -0.14403900509319 -0.067650029402175 9.8064021369579 -0.00061302122395319 8.8195253324936e-05 9.8076932510476 -0.00039671381903787 -0.00011790728255766 0.00027975185781476 -0.00039258742819702 -0.00011596623542955 0.00028633740036201 1.5583709442877 0.094752308678997 4 9 4 0 0
49.014230518774 8.4170268760225 112.90208435059 -0.006862 0.014879 2.1847283267949 0.018208965259376 0.0087646202620837 0.0098355601624783 0.017653516914365 -0.010012502131749 -0.14242666414662 -0.070020688714262 9.8079529457262 0.0035914226072546 -0.0024966567566936 9.8092362953635 0.00044934060769752 -0.00014705075618248 0.00078364450655184 0.00046099771730171 -0.00014164481006384 0.00077783982459886 1.56213603761 0.094752308678997 4 9 4 0 0
49.014230536919 8.417026817127 112.89631652832 -0.006871 0.014873 2.1849173267949 0.018213314957 0.0089907999151228 0.0097045085669607 0.01784325508167 -0.010070219102155 -0.14016408050327 -0.069283068785003 9.8071873024937 0.0058474774274864 -0.0018020419633827 9.8084318610535 0.00023897502889968 -0.00024641065582132 -0.00019669850009363 0.00023607095648015 -0.00024776366460657 -0.00019853837216442 1.56213603761 0.094752308678997 4 9 4 0 0
49.014230690623 8.4170263391491 112.87349700928 -0.006964 0.014875 2.1863883267949 0.017992719330638 0.0099471722538961 0.0089456291319499 0.018511073104659 -0.0099282859614648 -0.14893190224898 -0.069286352949037 9.8056138925028 -0.0032089946825049 -0.0011499057199061 9.806989025818 -0.0001988741004117 0.0002661064162901 -0.00041862660195801 -0.00020510366306518 0.00026315848992953 -0.00041747214360166 1.5613487758986 0.094752308678997 4 9 4 0 0
49.014230566672 8.4170267290166 112.88965606689 -0.006869 0.014895 2.1852633267949 0.01837821974015 0.0095408724343632 0.0095165899974721 0.018390804276841 -0.0099942017699033 -0.14926584018508 -0.070449489608667 9.8089212101018 -0.0031770228569519 -0.0028710971757715 9.8103089444569 0.00043356259643161 3.8403433823705e-05 0.00040611434776943 0.00043954617991211 4.1194498081102e-05 0.00039934045087735 1.5607321999626 0.094752308678997 4 9 4 0 0
49.014230768803 8.4170260419488 112.86650848389 -0.007009 0.014845 2.1870873267949 0.01705682645047 0.0097584737592011 0.0082794316086867 0.017821732053778 -0.0098816579551663 -0.14253635720371 -0.068181023835421 9.8094544542753 0.0027113900954135 0.0002359684230909 9.8107262384059 -0.00055093105745282 0.00067973140687003 0.00087746543757803 -0.00053792824358778 0.00068586368584482 0.00088076414200397 1.5605617578295 0.094752308678997 4 9 4 0 0
49.014230979405 8.4170254679065 112.87117767334 -0.006923 0.01471 2.1878673267949 0.016087495086074 0.010399322346281 0.007104844866038 0.017789731238769 -0.0097657195725933 -0.14258464082799 -0.069491699155788 9.8054403184751 0.0015418241519367 -0.0018627305665902 9.806723073105 -0.00041855525582104 0.00019901185133335 0.0015817620631625 -0.00039526537322111 0.00020994488194382 0.0015863465946053 1.5591577854727 0.094752308678997 4 9 4 0 0
49.014230775223 8.4170260215659 112.86590576172 -0.006945 0.014832 2.1870943267949 0.016909773450902 0.009825547415698 0.0081199881614841 0.017791784900484 -0.0098002469322552 -0.14586411121743 -0.073195917263312 9.8055440797146 -0.00069779736351234 -0.0048840327557046 9.8069010028443 0.00044301667393078 0.00050203004433882 0.00039507330601953 0.00044872039707488 0.00050473206416218 0.00038497675428363 1.5605617578295 0.094752308678997 4 9 4 0 0
49.014230610591 8.4170266098408 112.88195037842 -0.006862 0.014895 2.1856813267949 0.018225112821919 0.0095923574433656 0.0093533129361193 0.018348935389677 -0.010041336963726 -0.14224358480685 -0.070902954026289 9.8108752811246 0.0038086089413927 -0.0033287203088153 9.8121613360391 0.00052027894135311 0.00015562965052927 -0.00035464722568172 0.00051491454389254 0.00015319882459622 -0.00036340250158132 1.5607321999626 0.094752308678997 4 9 4 0 0
49.014230590113 8.4170266656236 112.88524627686 -0.006891 0.014851 2.1855483267949 0.018230022340501 0.0096313407316955 0.0093390300138139 0.018381482524783 -0.010063048600952 -0.1425446861603 -0.073217391640782 9.8057345578295 0.0033466587126362 -0.0055408169129422 9.8070417312334 0.00023769090926904 -0.00046706195847112 0.0013049338777846 0.00025710618787184 -0.00045804080678515 0.0013044523358785 1.5607321999626 0.094752308678997 4 9 4 0 0
49.014230620752 8.4170265690366 112.88063812256 -0.006897 0.014879 2.1857813267949 0.018278973493315 0.009791398236417 0.0092812721706421 0.018543199121401 -0.010037763222111 -0.14576280338493 -0.074392773796487 9.8093670538587 0.00021694013931411 -0.0068964287156541 9.8107296220449 -0.00022173654980298 -3.9145142936034e-05 0.00019998054757941 -0.00021874244502613 -3.7758391298722e-05 0.00020351079505543 1.5607321999626 0.094752308678997 4 9 4 0 0
49.014230957351 8.4170255134843 112.87075042725 -0.006871 0.014715 2.1877143267949 0.016289466326098 0.010424278116868 0.0072570409014291 0.017926162865459 -0.0098089092833808 -0.14403083578491 -0.072959617736896 9.8049782341293 0.00027593592211318 -0.0053514204610319 9.8063059835898 0.00049081118999946 -4.099839056986e-05 0.00061866491200814 0.00049986350232043 -3.6721097581393e-05 0.00061165482299637 1.5591577854727 0.094752308678997 4 9 4 0 0
49.014230565724 8.4170267468252 112.89052581787 -0.006926 0.01487 2.1851753267949 0.018354342394864 0.0093785597899871 0.0095917370326049 0.018243843243335 -0.010166147698309 -0.14335356106171 -0.075581720899077 9.807106871555 0.0028179921771279 -0.0080172167217357 9.8084423045388 -0.00058944276001295 -0.00060540164476511 -3.1078460593223e-05 -0.00058977657186731 -0.00060559232209441 -1.812394465061e-05 1.5607321999626 0.094752308678997 4 9 4 0 0
49.014230630146 8.4170265459479 112.87962341309 -0.006913 0.014864 2.1859293267949 0.018250445701681 0.0097077376787682 0.0093049006733368 0.018459089591222 -0.0099751260381677 -0.1400051711382 -0.066789264324357 9.8074780062287 0.005991729068733 0.00072001046388802 9.8087029475612 -0.00047610947478522 -0.00038862589287574 0.0015837086754202 -0.00045247252308192 -0.00037768603909873 0.0015932342175995 1.5613487758986 0.094752308678997 4 9 4 0 0
49.014231091829 8.4170251746623 112.87573242188 -0.006874 0.014654 2.1881033267949 0.015549065726957 0.010823469165303 0.0064152400155115 0.017825977144445 -0.0098404984695813 -0.14778313679867 -0.070265006005838 9.8069437329443 -0.0038276552870571 -0.0030395651804514 9.8083076763251 -0.00028036206726762 -0.0004404239203142 0.00068458301339225 -0.00027021798811223 -0.00043568153257192 0.00069164096115153 1.5591577854727 0.094752308678997 4 9 4 0 0
49.014230824382 8.4170258850232 112.8666229248 -0.006957 0.014757 2.1872673267949 0.016743704782746 0.0098548143692479 0.0079649223478637 0.017720861734749 -0.0097347806669059 -0.1493220586676 -0.072448325056192 9.8118890875261 -0.0042923089262374 -0.0044233775045901 9.8132908123293 -0.00037347041237852 -0.00041692807355067 0.00072665175561503 -0.00036264378698376 -0.00041187680919548 0.00073496032776641 1.5605617578295 0.094752308678997 4 9 4 0 0
49.014230515586 8.4170268915607 112.90394592285 -0.006874 0.014898 2.1846213267949 0.01829899812922 0.008744437802 0.0099220602827065 0.017688164482736 -0.010124786184186 -0.14175152265583 -0.069435952886514 9.8028049164209 0.0039578759069041 -0.0018962354506375 9.8040747280787 0.00034617210850682 0.000615617451132 0.00022312281962628 0.00034939290555087 0.00061716136673226 0.00021373934910524 1.56213603761 0.094752308678997 4 9 4 0 0
49.014230656324 8.4170264403418 112.8766708374 -0.006892 0.014891 2.1861053267949 0.018236909204834 0.0099508884324585 0.0091490998171575 0.01865204460047 -0.010011397923352 -0.14615207680331 -0.072808070973938 9.8071343070762 -0.00024288670152531 -0.0051700589651496 9.8084923169235 0.0001516739413291 0.00023879560634747 0.00037222646846057 0.00015719508978423 0.00024135239753233 0.00036831928016987 1.5613487758986 0.094752308678997 4 9 4 0 0
49.014231067352 8.4170252315506 112.87493133545 -0.006907 0.01469 2.1880603267949 0.015711570623702 0.010874819031237 0.0065196383805956 0.017961326034562 -0.00973856738593 -0.14397184751987 -0.068788012527973 9.8093012605638 6.6357792156124e-05 -0.0014155614358074 9.8105984850089 -0.00063764338551303 0.00010714024555277 0.0014040002693807 -0.00061696182043215 0.00011683171286587 0.0014124311760604 1.5591577854727 0.094752308678997 4 9 4 0 0
49.01423057716 8.4170267124954 112.88809967041 -0.006933 0.014874 2.1853373267949 0.018328580829291 0.0094674601336932 0.0095166758254363 0.018303076743541 -0.010074993391413 -0.14442788114474 -0.071112343471143 9.8055309212726 0.0016322202451259 -0.0033353708868967 9.8068515121263 -0.00031638152591309 -0.00037369474403651 0.00014314228131358 -0.00031418645413022 -0.00037274929452732 0.00015039087826662 1.5607321999626 0.094752308678997 4 9 4 0 0
49.014230861621 8.4170257750179 112.86747741699 -0.00694 0.014731 2.1874123267949 0.016663324911358 0.010098843514153 0.0077558169989936 0.017874565502593 -0.0097491255400424 -0.14611468578107 -0.075411239624641 9.8094137228931 -0.0013894448947778 -0.0074654344887255 9.8107887822032 -0.00018310972191537 -0.00038689521385212 0.00089193979803611 -0.00016990485654169 -0.00038071635752982 0.00089721101449337 1.5591577854727 0.094752308678997 4 9 4 0 0
49.014230559246 8.4170267589352 112.89167022705 -0.006879 0.01494 2.1851723267949 0.018220794485731 0.0092712708244354 0.0095452376661468 0.018078775269142 -0.0100890065234 -0.14784070027736 -0.070544009588946 9.8039744764017 -0.0016057838980647 -0.003055765013088 9.8053421047724 0.00013642229631131 0.00043896539187518 0.00065012369541666 0.00014602919888903 0.00044344315422444 0.0006450053793665 1.56213603761 0.094752308678997 4 9 4 0 0
49.014231255232 8.4170247543573 112.88302612305 -0.006943 0.014658 2.1885603267949 0.014777493715079 0.011767240698074 0.0052317839955466 0.018151321120721 -0.0095871713877776 -0.14602953334946 -0.071032632612964 9.8049977979103 -0.0025920055530141 -0.0028474175561513 9.8063416870253 0.0002500767595945 0.00052692550472151 0.00096793867842993 0.00026420240454989 0.00053358402225342 0.00096048282648104 1.5583709442877 0.094752308678997 4 9 4 0 0
49.014230535912 8.4170268318709 112.89739990234 -0.006906 0.014848 2.1848813267949 0.018218476064795 0.0089744007538465 0.0097190894445702 0.017832333263621 -0.01003762679545 -0.1441241948964 -0.074608395555157 9.8046948681292 0.0017907578296417 -0.0071589297495787 9.8060352464673 -0.00041328968963516 -0.00058718694898046 0.0001297831127903 -0.00041121462836367 -0.00058630209153992 0.00013994423038131 1.56213603761 0.094752308678997 4 9 4 0 0
49.014230799444 8.4170259423883 112.86640930176 -0.006952 0.014757 2.1871773267949 0.016869918885217 0.0099723770154217 0.0080011737994484 0.017889202705973 -0.0098069131730743 -0.14373190971275 -0.069212485645615 9.8093435647969 0.0012660032501236 -0.00097964283928147 9.8106407312493 0.00013424753342166 -0.0004135821050261 0.00022408225503504 0.00013757586305774 -0.00041203144279563 0.00022493863944402 1.5605617578295 0.094752308678997 4 9 4 0 0
49.014231207814 8.4170248747183 112.88091278076 -0.006918 0.014644 2.1883893267949 0.014951475125043 0.011395797360272 0.0055914433723993 0.017948435016097 -0.0096841707532216 -0.14848727405965 -0.073762953404823 9.8105510452821 -0.004906290030591 -0.005739187738479 9.8119491709494 0.0003469508517945 0.00016974314957851 0.00053136149631942 0.00035468176895997 0.00017346300293576 0.00052503029340802 1.5583709442877 0.094752308678997 4 9 4 0 0
49.014230645206 8.4170264923036 112.87784576416 -0.006894 0.014934 2.1860543267949 0.018289688347614 0.0097361669593078 0.0093177556295398 0.018506351880464 -0.0099564917791942 -0.14256485503964 -0.072479278558371 9.8038909342986 0.0034673814808456 -0.0048419405481257 9.8051937053233 0.00013229735038806 0.00069341758664865 0.0011328168349862 0.00014911478207667 0.00070121860756658 0.0011259203027085 1.5613487758986 0.094752308678997 4 9 4 0 0
49.014230930827 8.4170255953021 112.86943817139 -0.006913 0.014729 2.1876143267949 0.016260135490038 0.010232803923769 0.0073457618233499 0.017752237877413 -0.009736197429091 -0.1427652458959 -0.073439244251776 9.8076256301719 0.0017021794012495 -0.0056708944036755 9.8089377712874 -8.9665112845528e-06 -1.0140906606022e-05 0.00080373401756561 2.8957925264233e-06 -4.6347138375959e-06 0.00080383322440462 1.5591577854727 0.094752308678997 4 9 4 0 0
49.014231233167 8.4170248207105 112.88171386719 -0.006987 0.01465 2.1884593267949 0.014962950714883 0.011658077836052 0.0054476860762105 0.018169294348239 -0.0097102066609422 -0.14823463701336 -0.074937062376135 9.8042413775185 -0.004691448821984 -0.0068765695828286 9.8056448328217 -0.00073956079093488 0.00017512161321595 0.0007047712090563 -0.00072915954664207 0.00018001601736667 0.00071427911113563 1.5583709442877 0.094752308678997 4 9 4 0 0
49.014230544829 8.4170268006585 112.8948135376 -0.006829 0.014869 2.1850483267949 0.01831286613827 0.0092069598411925 0.0096598639059616 0.018078051911012 -0.010044896673706 -0.14756374972671 -0.073149999130028 9.8091195994137 -0.0014609706967455 -0.0057542662819412 9.8105004766291 0.00078691679768925 -0.00044390674647993 0.0007278716110256 0.00079769428555981 -0.00043886398077957 0.00071912111745326 1.56213603761 0.094752308678997 4 9 4 0 0
49.014230676936 8.4170263863206 112.87481689453 -0.006934 0.014881 2.1862773267949 0.018125446735692 0.0097780853650475 0.0091543526844776 0.018448323769785 -0.010037402450346 -0.14502448253388 -0.075283749850513 9.8067732025345 0.00086528862439421 -0.007422590160666 9.8081315794392 -0.00018988118622292 9.2478605505094e-05 0.00020749899696326 -0.00018678929910848 9.3922295370733e-05 0.00020966012323232 1.5613487758986 0.094752308678997 4 9 4 0 0
49.014230723036 8.4170262156289 112.87069702148 -0.006986 0.014791 2.1867123267949 0.017936332650776 0.010039557244761 0.0088413078232508 0.018556293640444 -0.009965784678508 -0.14111464809693 -0.069585743893383 9.8086012631275 0.0040924463509606 -0.0011143791908122 9.8098622407328 -2.6585810165837e-05 -0.00022046226269917 0.00048781096184157 -1.9356406705455e-05 -0.00021704077984244 0.00048969468594559 1.5605617578295 0.094752308678997 4 9 4 0 0
49.014230553339 8.4170267819745 112.89323425293 -0.006888 0.01489 2.1850943267949 0.018351352278958 0.0092447580893129 0.0096679693791828 0.018131961409968 -0.01004388321839 -0.14374290518752 -0.064845548645196 9.8108024370498 0.0023958093061445 0.0026115057969438 9.8120690586472 -0.0001540567123026 -9.0133909664416e-05 4.1441991682798e-05 -0.00015342676510584 -8.982569553784e-05 4.4362271369047e-05 1.56213603761 0.094752308678997 4 9 4 0 0
49.014230753112 8.4170261083813 112.868019104 -0.006975 0.014823 2.1868943267949 0.01736243058697 0.0099583234359757 0.0084157647960351 0.018160313491867 -0.0098952866393072 -0.14202968662345 -0.074640125102314 9.8071184520264 0.0030524488085465 -0.0061149411336499 9.8084282718185 0.00029111186716344 0.00053734697010769 -0.0001661299344111 0.00028854537581439 0.00053617420184351 -0.00017414257150369 1.5605617578295 0.094752308678997 4 9 4 0 0
49.014230600612 8.4170266352573 112.88314056396 -0.006887 0.014909 2.1856893267949 0.018193813470631 0.0094979985814023 0.0093832389777701 0.018253268523517 -0.009976974435536 -0.14754084824071 -0.068604370571376 9.8077908272126 -0.0015686975291677 -0.001087782778902 9.8091402779302 8.5415693165022e-06 0.00046701338356919 0.00079553120526262 2.0329423306713e-05 0.00047246490373934 0.00079210936250993 1.5607321999626 0.094752308678997 4 9 4 0 0
49.014230762212 8.417026078491 112.86721038818 -0.006978 0.014822 2.1870093267949 0.017281013080969 0.0098917561484049 0.0083863687374604 0.01805959533139 -0.0098895358894066 -0.14108950960722 -0.069944322228262 9.8035748216372 0.0040244387349954 -0.001384696238487 9.8048384369622 0.00032021637962633 0.00035727311950403 0.00053829397388235 0.00032814204551042 0.00036101582494813 0.00053097402421084 1.5605617578295 0.094752308678997 4 9 4 0 0
49.014230529009 8.4170268406736 112.89873504639 -0.006872 0.014919 2.1848823267949 0.018218205496628 0.0090316677795859 0.0096868745415925 0.017878433425477 -0.0099536895019873 -0.14328383494714 -0.068583137766281 9.8079231694335 0.0028925852103843 -0.0010178067219718 9.8092091179466 0.00036072029731893 0.00027333062093959 0.0010830719214356 0.00037681727167567 0.00028077802623886 0.0010756789671127 1.56213603761 0.094752308678997 4 9 4 0 0
49.014230742241 8.417026143565 112.86898040771 -0.007043 0.014774 2.1869043267949 0.017358557430347 0.0098326667003689 0.0084863158007433 0.018055003497456 -0.0099350942287036 -0.14681128988349 -0.071515787776893 9.8044720788469 -0.0018493756794729 -0.0028708869928492 9.8058315672147 -0.00068189245937903 -0.00019375963076261 0.001014773442089 -0.00066681888870936 -0.00018662330200817 0.0010261109326654 1.5605617578295 0.094752308678997 4 9 4 0 0
49.01423071576 8.4170262545444 112.87139129639 -0.007016 0.014792 2.1866543267949 0.017895930759968 0.0099751755284715 0.0088472108174354 0.018479589706709 -0.0099564108161266 -0.14303090847933 -0.074960214197417 9.8078428911992 0.0022822282180159 -0.0064489861171109 9.8091699909804 -0.00049415462373484 -0.000423828411094 0.0011484889627344 -0.00047703783868507 -0.00041577568407825 0.0011586521333562 1.5613487758986 0.094752308678997 4 9 4 0 0
49.014230876131 8.4170257272802 112.86790466309 -0.006906 0.014691 2.1874753267949 0.016513425334886 0.010114502833002 0.0076227470680478 0.017801404696147 -0.0098046055231373 -0.14164480227343 -0.070854904634002 9.8040467502598 0.0028753498696283 -0.0030624572117258 9.8053251005227 0.00022476722653422 -0.00086980806991904 0.00026138459190951 0.00022872327970208 -0.00086799462341539 0.00026405185168169 1.5591577854727 0.094752308678997 4 9 4 0 0
49.014230844962 8.4170258148818 112.86730194092 -0.006937 0.014763 2.1873633267949 0.016632346272665 0.0098154768201437 0.0078953312019605 0.017625042715424 -0.0097983581857526 -0.14167961331625 -0.068669761034345 9.8076525775686 0.0032681142765808 -0.00072134874923033 9.8089159741889 -9.0797467292221e-05 -0.00027062162103084 0.00085818765523791 -7.8028664579886e-05 -0.00026464678968556 0.00086128923605649 1.5605617578295 0.094752308678997 4 9 4 0 0
49.014230683694 8.4170263556953 112.87410736084 -0.006919 0.014875 2.1863963267949 0.018179085796236 0.0099370037163127 0.0091046637471836 0.018609895002121 -0.0099736593083601 -0.14169442021999 -0.071589137908252 9.8073575074482 0.0041163274826767 -0.003580647014135 9.8086410339092 0.0003371229483853 0.0001479889929749 0.00063285066363544 0.00034647407216668 0.00015236285961338 0.00062674864786056 1.5613487758986 0.094752308678997 4 9 4 0 0
49.014231139283 8.4170250517256 112.877784729 -0.006872 0.01465 2.1882723267949 0.015433869192382 0.011408746117583 0.0059798846487377 0.018237444096641 -0.0097961820595756 -0.14726061094494 -0.074725942302844 9.8076502631713 -0.0035479234886585 -0.0072474713344723 9.8090369781739 0.00018799498785414 -5.2796738463475e-05 0.001103599656505 0.00020419009708774 -4.524060158229e-05 0.0011010769195257 1.5583709442877 0.094752308678997 4 9 4 0 0
49.014231031978 8.417025327297 112.8733291626 -0.006867 0.014651 2.1878643267949 0.015885449375479 0.010649931698379 0.0067934390528526 0.017877854314207 -0.0096951305453986 -0.14255802364807 -0.07031251250957 9.810371689586 0.0013267240918202 -0.002794003179892 9.8116588468026 0.00034529114516651 -0.00026051575720348 -0.00018195086939608 0.00034264478565257 -0.00026174798672784 -0.00018521455591711 1.5591577854727 0.094752308678997 4 9 4 0 0
49.014230703095 8.417026284398 112.87239074707 -0.006978 0.014814 2.1865443267949 0.017843862572664 0.0098186978488279 0.0088967814840567 0.018320959089914 -0.010019379147425 -0.14140212376693 -0.070328217673986 9.8083294556511 0.0039632923565515 -0.0019376883462815 9.809599686661 -3.1160010954108e-05 -0.00010142727701125 0.00074547991234127 -2.0098604816812e-05 -9.6223679982336e-05 0.00074655497439922 1.5613487758986 0.094752308678997 4 9 4 0 0
49.014230583373 8.417026681995 112.88645172119 -0.00694 0.014837 2.1854553267949 0.01820684685202 0.0094184259081475 0.009444434900546 0.018193368604552 -0.010105215181195 -0.14383268517175 -0.074241036825427 9.8062949039241 0.0022210356745693 -0.0064195744268354 9.807628823307 -0.00035814224011885 -0.00098497303255196 0.0011139514488291 -0.00034145663439589 -0.00097723758907662 0.001125983762781 1.5607321999626 0.094752308678997 4 9 4 0 0
49.014230730312 8.417026194186 112.87007904053 -0.007003 0.014797 2.1867243267949 0.017620766410804 0.0099431112325634 0.0086386126408541 0.018295658250376 -0.0098864319984238 -0.14838829040953 -0.067387667205921 9.8110608431139 -0.003172850348599 0.0012148899656107 9.8124137674089 -0.00011540490723162 -5.3375917830595e-05 -4.4045633834548e-05 -0.00011602893108447 -5.3692984703598e-05 -4.1944524837904e-05 1.5605617578295 0.094752308678997 4 9 4 0 0
49.014230595513 8.4170266459231 112.88401031494 -0.006894 0.014869 2.1856173267949 0.018308528915522 0.0096649555806632 0.0093820269719619 0.018455113767372 -0.010073480310876 -0.14100283754586 -0.066823716464137 9.8119326244623 0.0049295723969616 0.00077061976008545 9.8131719874251 -3.2077846611235e-05 -6.1952302355567e-05 0.00082304277390865 -1.9854809978894e-05 -5.6282219433502e-05 0.00082382422123562 1.5607321999626 0.094752308678997 4 9 4 0 0
49.014230634426 8.4170265155257 112.87885284424 -0.006906 0.014895 2.1859343267949 0.018185531692153 0.0096674559020854 0.0092735184312799 0.018389538353934 -0.010031153499084 -0.14523896554504 -0.073084224388043 9.8121670408581 0.00087181964238782 -0.0054644528090281 9.8135125190029 -0.00018725288810694 8.7342077096952e-05 4.983943442399e-05 -0.00018652548540069 8.7670253828218e-05 5.2019407652277e-05 1.5613487758986 0.094752308678997 4 9 4 0 0
49.014230901594 8.4170256645906 112.86860656738 -0.006854 0.014758 2.1875463267949 0.016273447544978 0.010127458425615 0.0074182315159201 0.017673715992641 -0.0098208366596282 -0.14841268883996 -0.069767543309311 9.8094590858615 -0.0037768122879808 -0.0020034727337426 9.8108289897879 0.0010216631551324 0.00025083641217721 0.00023891047235587 0.0010250709974192 0.00025249580037655 0.00022207334321568 1.5591577854727 0.094752308678997 4 9 4 0 0
49.01423099695 8.4170254108594 112.87209320068 -0.006922 0.014651 2.1878193267949 0.01589575457015 0.010433343454166 0.0069280481565698 0.017706827179757 -0.0098580897135979 -0.14398338737013 -0.071335133687096 9.8068665040473 -3.2637679473513e-05 -0.0036843597506792 9.8081822479488 -0.0003445112197862 -0.00047064186825533 -5.2028857968323e-05 -0.00034513576227095 -0.00047100314410995 -4.3721047919744e-05 1.5591577854727 0.094752308678997 4 9 4 0 0
