49.014238352461 8.4169801897693 116.04570770264 -0.0065 0.01421 1.9563303267949 0.005343474112582 0.024660707433648 -0.0043041785441519 0.02486325044211 -0.04784111706686 -0.13764497531085 -0.06301750782612 9.8100635819526 0.0024459091658535 0.00049039115943757 9.8112309933507 -0.00029531789463808 -0.0012626089568741 -0.00022198681137701 -0.00029824616649431 -0.0012640453727262 -0.00020956398198748 0.17884350701102 0.019104973174543 4 4 5 5 0
49.01423812899 8.4169796313524 116.05487060547 -0.006865 0.01437 1.9846373267949 0.0021026845745591 0.0050743346102543 -0.00011289003201631 0.0054918125171093 -0.040903972650174 -0.14265286621997 -0.06588250328001 9.8077762651801 -0.0017576066087356 0.0014484183214272 9.8090344858857 0.00012547001225917 1.9586390465316e-05 0.00030143364020755 0.0001297916663279 2.1649483370184e-05 0.00029946107470117 0.17791008965205 0.017691806012954 4 4 5 5 0
49.014238357251 8.4169801870218 116.04750823975 -0.006442 0.014249 1.9552153267949 0.0053590258598598 0.025137299181869 -0.0044314958703451 0.025317362151878 -0.048219491225397 -0.13551819485406 -0.066810626545909 9.8092759787845 0.0045359257278964 -0.0034593732262624 9.8104377411865 0.0004963826692741 -0.00052976638156123 0.00059065776972354 0.00050482170511786 -0.0005259638428761 0.00058692995946406 0.17884350701102 0.019104973174543 4 4 5 5 0
49.014238308614 8.4169801631203 116.03844451904 -0.00653 0.014283 1.9617293267949 0.0050150715327401 0.022995738573568 -0.0040960901955167 0.023176995017339 -0.047639937505089 -0.13675172270623 -0.065811346703014 9.8065960185303 0.0033532941211712 -0.0019738153992704 9.8077695178819 -6.7667631332817e-05 -5.5217575812527e-05 -0.00053711211080221 -7.530083780499e-05 -5.8722829432078e-05 -0.00053574199255723 0.17884350701102 0.019104973174543 4 4 5 5 0
49.014238126133 8.4169796096294 116.05268096924 -0.006883 0.014374 1.9849933267949 0.0021876763226132 0.0031147849478356 0.00074893215998814 0.0037318876915491 -0.040119326680543 -0.13666367682027 -0.067009262945679 9.8076571117132 0.0043021497256084 0.00051448146096774 9.8088371986383 1.8721888099511e-05 6.9391874246805e-05 -2.3151077922253e-05 1.8374817070189e-05 6.9235478493557e-05 -2.3896897298374e-05 0.17791008965205 0.017691806012954 4 4 5 5 0
49.014238184627 8.4169800517523 116.01739501953 -0.006663 0.01423 1.9724563267949 0.0028328323633966 0.018146342657059 -0.0044714454172026 0.017813383435109 -0.04864093406431 -0.13544975613143 -0.062074069687155 9.8067482305141 0.0043773321404841 0.0031568476468401 9.8078787031167 -3.768075420177e-06 -0.00047707996213359 -0.0003874082594264 -9.2461027944249e-06 -0.00047962935694291 -0.0003840970319185 0.17920379460268 0.019104973174543 4 4 5 5 0
49.014238069116 8.4169797692352 116.01535797119 -0.006787 0.014289 1.9831513267949 0.00067954768501435 0.003869853512267 -0.00092897395699556 0.0038177842384483 -0.043271444325874 -0.13486888482639 -0.063236921236586 9.804498999251 0.0052012582246766 0.003601455286425 9.8056283037154 0.0004270158607945 0.00029416916855894 0.00012841336262494 0.0004287698070294 0.00029506721840716 0.00012029593441342 0.1795689282699 0.019104973174543 4 4 5 5 0
49.014238047023 8.416979780606 116.01306152344 -0.006787 0.014257 1.9833353267949 0.00010806372228559 0.0040615594379594 -0.0015292870031147 0.0037642205687504 -0.043470821950331 -0.13582786232941 -0.068225801906097 9.8046860527607 0.0041258509972909 -0.0014463162422155 9.8058631763359 0.00043948691787073 -9.7102865017829e-05 -0.0006708941909806 0.00042988396559952 -0.00010162647864358 -0.00067642103352889 0.1795689282699 0.019104973174543 4 4 5 5 0
49.014238121134 8.4169799288751 116.01498413086 -0.006804 0.01425 1.9782803267949 0.0012619251958242 0.012933892409932 -0.0039625367902543 0.012376448122667 -0.047744878212963 -0.13922566369276 -0.0650617538235 9.8085656089958 0.00063507765127536 0.0012532361680977 9.8097694248043 -0.00062572585547239 -0.0001931727652905 0.00028875364766137 -0.00062151066840272 -0.00019122139992652 0.00029899384523755 0.17920379460268 0.019104973174543 4 4 5 5 0
49.014238133126 8.4169800104462 116.01153564453 -0.006649 0.014207 1.9762903267949 0.0016291091631662 0.016017838910541 -0.0048111437193791 0.015364571773407 -0.049324860850514 -0.14139143797524 -0.066629799971968 9.8100590959982 -0.0018512139134802 -0.0011932676237841 9.8113039857509 0.00056033668524615 -0.00024573352995497 8.6368720789513e-05 0.00056153841757533 -0.00024515609011322 8.0004854656921e-05 0.17920379460268 0.019104973174543 4 4 5 5 0
49.014238109215 8.4169798907465 116.02130889893 -0.006801 0.014271 1.9794503267949 0.0010384534193048 0.011968508112849 -0.0037954634780805 0.011398102977252 -0.046967358714674 -0.14180118034186 -0.066331989261429 9.8059208263045 -0.0019710828968938 0.00015555015903732 9.8071702728659 -0.00019517013042581 0.00017513908447795 0.00092043015290119 -0.00018201284907675 0.000181392351373 0.00092191825552228 0.17920379460268 0.019104973174543 4 4 5 5 0
49.014238189486 8.4169800629495 116.02809143066 -0.006681 0.014215 1.9714393267949 0.0030057105635106 0.018959838574751 -0.0046072356014606 0.018635019754836 -0.04781826197102 -0.142454699572 -0.067688965743795 9.8085043041222 -0.0027310731114575 -0.0025137776407676 9.8097714286888 -0.00042554248383921 -0.00042156817646287 0.00037522801235899 -0.00042014400961097 -0.00041907348834236 0.00038406080620214 0.17920379460268 0.019104973174543 4 4 5 5 0
49.014238106192 8.4169798561319 116.02621459961 -0.00678 0.014262 1.9802743267949 0.00087152259361805 0.011021352764063 -0.0035820389535081 0.010459366791388 -0.046089997120549 -0.13742503413437 -0.066395434192269 9.8091244182757 0.0024608787933823 0.00022572074814895 9.8103113351722 0.00042990642929014 -7.303811111878e-05 -0.00023055496034521 0.00042659201326288 -7.4603679538185e-05 -0.00023614859600017 0.17920379460268 0.019104973174543 4 4 5 5 0
49.014238004102 8.4169798091703 116.01001739502 -0.006793 0.014242 1.9836613267949 -0.0014048504792759 0.0048175824643986 -0.003220045660509 0.0038488677607733 -0.043584781547652 -0.13853918781341 -0.063409723502909 9.8089235178026 0.0010610049466996 0.003275439518129 9.8101063213965 0.00012801025493898 0.0001897863291911 0.00016722698182252 0.00013035608149519 0.00019096392248602 0.00016408553502111 0.1795689282699 0.019104973174543 4 4 5 5 0
49.014238369576 8.4169802000184 116.04611206055 -0.006465 0.014248 1.9533683267949 0.0054003899013294 0.025731044975997 -0.0045682124305837 0.025891700897251 -0.048796582616104 -0.13562763966681 -0.066172251605171 9.8089575581809 0.0043807076066308 -0.0029853191399204 9.8101172260612 -0.00016809499388893 -0.00045636546001466 0.00015805053249366 -0.00016574598821254 -0.00045534461059119 0.00016331941319133 0.17884350701102 0.019104973174543 4 4 5 5 0
49.014238126565 8.4169796769974 116.05107879639 -0.00686 0.014351 1.9837693267949 0.0017196208969451 0.0063174154769245 -0.00095639235144347 0.0064773161071463 -0.041770174328104 -0.13961986482609 -0.067604248866275 9.8096815428068 0.0010759349543735 -0.000279774241432 9.8109079997635 0.00025117672689157 1.2672333515946e-05 0.00047977392968538 0.00025802086398411 1.5951913753577e-05 0.00047602230541446 0.17791008965205 0.017691806012954 4 4 5 5 0
49.014238171633 8.4169800402996 116.01250457764 -0.006663 0.014237 1.9737573267949 0.0024828245380893 0.017545082382176 -0.0045826437485645 0.017116883785308 -0.049333988654436 -0.14239713534727 -0.06924703883298 9.8070049380624 -0.0026518351523705 -0.0038073641768 9.8082823033879 0.00034010166829723 -0.00020149004666444 9.0261139902635e-05 0.0003413737182348 -0.00020083485213735 8.675438314153e-05 0.17920379460268 0.019104973174543 4 4 5 5 0
49.014238219966 8.4169800702907 116.03374481201 -0.00667 0.014265 1.9696413267949 0.003808670315268 0.01988230975607 -0.0041801931063856 0.01980716973261 -0.047538717926563 -0.13872093109298 -0.066593281321701 9.8075897125556 0.0012140217964247 -0.0017288888519668 9.8087964709286 -0.00071040978382807 8.7720634418858e-05 0.00088330774411095 -0.00069780598014636 9.3611827256635e-05 0.00089278203977481 0.17884350701102 0.019104973174543 4 4 5 5 0
49.014238335296 8.4169801865785 116.04127502441 -0.006496 0.014309 1.9591593267949 0.0053086057205473 0.023881338753736 -0.004103206858279 0.024117716319039 -0.0477596925208 -0.13855207542246 -0.067616494297625 9.8057619780679 0.0015578472460932 -0.0039484298172757 9.8069731633172 0.0001663869249175 0.00034477082079283 0.00097673507458312 0.00018036389909461 0.00035105221081843 0.00097197315849208 0.17884350701102 0.019104973174543 4 4 5 5 0
49.014237998903 8.4169798153137 116.01003265381 -0.006767 0.014228 1.9839653267949 -0.00087096549829726 0.0046262934360229 -0.0026540551194257 0.0038879696896301 -0.043695762912403 -0.14030139811135 -0.070268093227247 9.8083121245063 -0.00061825343515059 -0.0034366557620625 9.8095665403791 0.00081347881021318 0.00012226787219166 -0.00018447828118152 0.00081078059761949 0.00012099629612575 -0.00019685200105846 0.1795689282699 0.019104973174543 4 4 5 5 0
49.014238120897 8.4169797280505 116.04472351074 -0.006841 0.014301 1.9827683267949 0.0014364927553923 0.007804230276722 -0.0018033169830032 0.0077279677873681 -0.043179473940865 -0.1369733229569 -0.066023908377703 9.8058945210322 0.0032941135359943 0.0010147055355085 9.8070728851879 0.00016971391735534 -0.00024003103631901 0.00024631348006504 0.00017324685427039 -0.00023834670687499 0.00024554632552667 0.17791008965205 0.017691806012954 4 4 5 5 0
49.014238279764 8.4169801204568 116.03759765625 -0.00656 0.014249 1.9649553267949 0.0046432262215498 0.021754418069095 -0.0040332707004449 0.021875594463338 -0.047670866825349 -0.13624282866357 -0.064930772756874 9.809514331719 0.0037642697167228 -0.00061884779421437 9.810674629936 0.00023446518393818 -0.00040485734228665 0.00095802230201857 0.00024816081236901 -0.00039853626398446 0.00095719444954854 0.17884350701102 0.019104973174543 4 4 5 5 0
49.01423812803 8.416979613439 116.0535736084 -0.006848 0.014348 1.9850093267949 0.002112100172155 0.0041205478988781 0.00027631438085384 0.0046221797937016 -0.040511298414523 -0.14157678953889 -0.064386304229813 9.8095697509076 -0.00081063555971359 0.0029968344839983 9.810802042254 0.00045726972067739 -4.2266762860016e-05 -7.8668749543806e-05 0.00045612881548312 -4.2823102646121e-05 -8.4914241853814e-05 0.17791008965205 0.017691806012954 4 4 5 5 0
49.014238120641 8.4169796106787 116.04976654053 -0.006929 0.014379 1.9852013267949 0.0019574451630938 0.0021659920031418 0.0009192087682249 0.0027709606765281 -0.039665769135995 -0.14044580792602 -0.070991910258831 9.8092772521899 0.00042781528713409 -0.0033110272433992 9.8105391556027 -0.00062244057785596 0.00039708438679539 -5.9172249196589e-06 -0.00062249841772992 0.0003970304449871 2.9916852093545e-07 0.1795689282699 0.019104973174543 4 4 5 5 0
49.014238259513 8.416980097981 116.0364074707 -0.006567 0.014265 1.9669293267949 0.0043403284322115 0.020690452992659 -0.0039554986965524 0.02076733644946 -0.047419152976366 -0.14190761214203 -0.066240435364352 9.8069472504835 -0.0019297226272243 -0.0016935354473597 9.8081971408882 0.00051510506212725 -0.00010855155657909 -0.00036052948772975 0.00050992731038995 -0.00011091914400408 -0.00036714698199368 0.17884350701102 0.019104973174543 4 4 5 5 0
49.014238095568 8.4169796831074 116.03314971924 -0.006848 0.014321 1.9842713267949 0.0016264282309024 0.0024608228745571 0.00049996047307334 0.0029071217997528 -0.041119937483558 -0.13867217848324 -0.065276893171282 9.8082316142555 0.0020382403112959 0.0020313700898907 9.8094285278025 9.282173868068e-05 -0.00016839966190426 0.0002615042210302 9.6563375592201e-05 -0.0001666094489786 0.00026128473627912 0.1795689282699 0.019104973174543 4 4 5 5 0
49.014238122534 8.4169799524033 116.01237487793 -0.006723 0.014209 1.9776263267949 0.0013084646633595 0.014018205470434 -0.004341968090097 0.013392876079024 -0.048345062633424 -0.1350327277547 -0.067055036591715 9.8061688534121 0.0047178985255957 -0.001016292806624 9.807326996363 0.00038801418104637 -0.0007843160478543 -0.0011610269930929 0.00037154827411672 -0.00079212294627247 -0.0011610819221188 0.17920379460268 0.019104973174543 4 4 5 5 0
49.014238086133 8.4169797252574 116.02291870117 -0.006849 0.014292 1.9836823267949 0.0011223681408005 0.0032287378647489 -0.00026829249527408 0.0034078448320789 -0.042152434602487 -0.13994516646068 -0.063950146681901 9.8112228130063 0.00046806760834076 0.0031849765227732 9.8124284832352 -0.00025542289418488 -0.00014457588317832 0.00054165664873329 -0.00024764160231881 -0.0001408630642624 0.00054624212037029 0.1795689282699 0.019104973174543 4 4 5 5 0
49.014238346765 8.4169801899189 116.04384613037 -0.006483 0.014243 1.9575063267949 0.0053543728290174 0.024255660930027 -0.0041729550568717 0.02448663379547 -0.047853827599183 -0.1392666940423 -0.067923833579797 9.8067109493808 0.00071048999044999 -0.0044080267387122 9.8079339011612 6.6826343227113e-05 -0.00056661243402307 -0.001042827227859 5.2049774268746e-05 -0.00057334993977757 -0.0010399384764299 0.17884350701102 0.019104973174543 4 4 5 5 0
49.014238119607 8.4169796378387 116.04205322266 -0.006911 0.014364 1.9846883267949 0.0021542791386916 0.0020854453364403 0.001133299910589 0.0027758974718502 -0.040425429308997 -0.13641440187609 -0.068027046264902 9.8062466377856 0.0045237172732284 -0.00045475851144395 9.8074301022162 -0.00041378081742357 -2.9477943509824e-05 -0.00033814098581348 -0.00041861239196266 -3.1815462394474e-05 -0.00033198061899636 0.1795689282699 0.019104973174543 4 4 5 5 0
49.014238119075 8.4169795967302 116.05459594727 -0.006888 0.014415 1.9854813267949 0.0019472180574314 0.0023427398636275 0.00083876950091652 0.0029285991433332 -0.03958257753916 -0.13766038067945 -0.06329952964876 9.8116270023603 0.0032947507775353 0.0043450477995205 9.8127954707594 0.00011056577708295 0.00093567190892302 9.5912826665559e-05 0.0001118321208818 0.00093631388083154 8.7880828668116e-05 0.17791008965205 0.017691806012954 4 4 5 5 0
49.014238008479 8.4169798048303 116.00945281982 -0.006824 0.014246 1.9833893267949 -0.0014496947763751 0.0045328557177381 -0.0031461365606348 0.0035707521231046 -0.043351462836677 -0.14149484117341 -0.065258089955016 9.8060691798564 -0.0018542555099656 0.0015445227008207 9.8073067174413 -0.00016060167219515 7.2457586286555e-05 -0.00028030807827762 -0.00016459333516525 7.0520851427994e-05 -0.00027847738939242 0.1795689282699 0.019104973174543 4 4 5 5 0
49.014238126395 8.4169796042631 116.05369567871 -0.006888 0.014385 1.9850883267949 0.0021240789771804 0.0033029792206768 0.0006148210651522 0.0038786422860311 -0.040394313433059 -0.13822614461099 -0.064217944194811 9.8044687803024 0.0027528972833173 0.0032962930084255 9.8056523939168 -2.3931600800541e-05 0.00015804398450764 -0.00081540410927088 -3.5682495510826e-05 0.00015240687028775 -0.00081603450327339 0.17791008965205 0.017691806012954 4 4 5 5 0
49.014238123694 8.4169796019648 116.05499267578 -0.006893 0.014339 1.9851933267949 0.0020023419273476 0.0028103529681677 0.00070158945918648 0.0033786459896281 -0.039820959473435 -0.14271587425755 -0.065910134909168 9.8058755665139 -0.0019041665807166 0.0016729831196567 9.8071352450733 -4.0948990422968e-05 -0.00030814015078437 -0.00013544677016691 -4.2880177979181e-05 -0.0003090708414485 -0.00013268742080873 0.17791008965205 0.017691806012954 4 4 5 5 0
49.014238153259 8.4169800229356 116.01007843018 -0.006687 0.014178 1.9752133267949 0.0022376180568899 0.016736521429222 -0.0045140097260136 0.016270768010901 -0.04960522810496 -0.13957974815116 -0.061125807785483 9.8059164301044 -2.8119865945112e-05 0.0042705198234899 9.807099355417 -0.00014427949880309 -0.00085098403578457 4.3963307962164e-05 -0.00014359285919824 -0.00085063375626381 5.166404484483e-05 0.17920379460268 0.019104973174543 4 4 5 5 0
49.014238124556 8.4169796254484 116.04447174072 -0.006853 0.014363 1.9849073267949 0.002181447766035 0.0020806102057456 0.0011593588267828 0.0027826924190567 -0.040070424217772 -0.1311954342132 -0.062270502713375 9.8048556071897 0.0096789558246024 0.0052992062876649 9.8059250664019 0.00058068370782241 -3.0119096114947e-05 -8.3541656248918e-05 0.00057942256374176 -3.0694606615656e-05 -9.1648704992193e-05 0.1795689282699 0.019104973174543 4 4 5 5 0
49.014238127254 8.4169799845008 116.01160430908 -0.006732 0.014266 1.9770483267949 0.0013853469498355 0.015050670590549 -0.0046684855869184 0.014375126440635 -0.048798885254594 -0.13623418590047 -0.063493612072565 9.8061749128321 0.0035564091557615 0.002231600545138 9.8073254689707 -0.0003420696730134 0.00016944739084899 0.00032294347240213 -0.00033744516098588 0.00017160816541329 0.00032665348193927 0.17920379460268 0.019104973174543 4 4 5 5 0
49.014238114643 8.4169797781716 116.03825378418 -0.00682 0.014283 1.9817803267949 0.0011032118796565 0.0094550804499849 -0.0027585305785248 0.0091109301718699 -0.044416732509607 -0.13762476710918 -0.063407052523248 9.8077811340315 0.0023933062410467 0.0035129367945433 9.8089505328816 0.00036994017494618 -0.00010917227136476 -0.00043952470585481 0.00036363626757992 -0.00011214629157325 -0.00044400779271148 0.17791008965205 0.017691806012954 4 4 5 5 0
