49.014237628884 8.4169765665884 117.06873321533 -0.007052 0.014128 2.1076133267949 -0.013242526303098 -0.01449493276988 -0.0039681409211562 -0.019228240365251 0.0033526095898894 -0.1385710982319 -0.064223724506235 9.8050496001675 7.1929799379344e-05 0.0049005774188405 9.8062378812841 3.2040622022157e-05 -0.00019636580260746 -0.00031014122955989 2.7693067745265e-05 -0.00019856389889502 -0.00030919999956978 0.18604300578092 0.021931712199461 4 4 5 5 0
49.014237562684 8.4169779783514 116.90028381348 -0.006676 0.013604 2.1531873267949 -0.012584256272675 0.022259494581287 -0.022758269534098 0.011658405068467 -0.01499607809273 -0.14063662719309 -0.066714658953276 9.8067409941252 -0.0071317159131375 -0.0014676855526325 9.8079737262069 -0.00029998933475295 -0.00021082343817755 0.00040999682141783 -0.00029438539430832 -0.00020809920754191 0.0004154336465494 0.18425254408013 0.020518284528683 4 4 5 5 0
49.014237688982 8.4169763834836 117.12187194824 -0.007033 0.014204 2.1034143267949 -0.011779493649994 -0.016944705996313 -0.0015454342252237 -0.020579055590828 0.0090075161396167 -0.14389201525418 -0.069908411976554 9.8105441134563 -0.0045858272807789 -0.00069572830191497 9.8118470197268 0.0003391525378346 3.7499056121912e-05 0.00088114506434413 0.00035161322444594 4.3715329364108e-05 0.00087595500998729 0.18604300578092 0.021213203435596 4 4 5 5 0
49.014237658845 8.416976450775 117.10454559326 -0.007025 0.014154 2.1049533267949 -0.012640187318706 -0.01626747341595 -0.002599988833417 -0.020436443590791 0.0073061183695394 -0.14016516898487 -0.064888021442534 9.8075118275391 -0.001134598037309 0.0043439055472159 9.8087268752344 0.00056646369503858 -0.00039032602913497 0.0009936130614357 0.00058048067405396 -0.00038325785058725 0.00098819617670017 0.18604300578092 0.021213203435596 4 4 5 5 0
49.014237562077 8.4169775504106 116.94519042969 -0.006991 0.013856 2.1256803267949 -0.017864679300629 0.0093192587565118 -0.020093598902701 -0.0015048685725487 -0.0089049288040903 -0.13803429150071 -0.066719988079422 9.8102404536974 -0.0021836004266379 0.0022099411121072 9.8114378075344 0.00070585543700179 4.089545647811e-06 0.00012101266005423 0.00070744787866977 4.9379742991101e-06 0.00011118615144198 0.1873872994629 0.024041630560343 4 4 5 5 0
49.014237760184 8.4169762809094 117.14239501953 -0.006888 0.01431 2.1033083267949 -0.0083682013756974 -0.017263301374133 0.0015671114505715 -0.019120791628061 0.010320452567233 -0.13893857863031 -0.063943603097675 9.8067628947012 0.00095725877180821 0.0040417667613865 9.8079546945087 0.00077561048990182 0.00064238565867833 0.00038712178858768 0.00078101564082577 0.00064504485845753 0.00037158141420278 0.18425254408013 0.019104973174543 4 4 5 5 0
49.014237863783 8.4169767377869 117.02635955811 -0.007131 0.014224 2.0988073267949 -0.0093357081987172 -0.011203810686127 -0.0024203700639064 -0.014381349189276 -0.00055671078433109 -0.14199506560961 -0.064521546305603 9.8099122211743 -0.0026354115638226 0.0048731991556484 9.8111504751416 -0.00079359390048718 0.00034666782195916 0.00010714307469952 -0.00079201800815054 0.00034737337303396 0.00011592975178421 0.1873872994629 0.02262741699797 4 4 5 5 0
49.014237691508 8.4169763964884 117.11538696289 -0.007075 0.014204 2.1031343267949 -0.012291084168306 -0.016760944403098 -0.0020665691812852 -0.020681855578807 0.0080514133925534 -0.13695544953699 -0.063688652148029 9.8092172799239 0.0021304373862193 0.005615372273129 9.8103781196855 -0.00015699332201554 0.0002187701356641 -0.00047575106384432 -0.000163771186908 0.00021539864859505 -0.00047502372679376 0.18604300578092 0.021213203435596 4 4 5 5 0
49.014237840531 8.4169766434103 117.04029083252 -0.007089 0.014193 2.0986523267949 -0.0096169217590002 -0.012874734149232 -0.0018244146129569 -0.015966076187904 0.00098502813770122 -0.13918049799917 -0.068998866215227 9.810589771662 0.00022887292818379 0.00062936413153029 9.8118194368427 0.00030718063038269 -0.00027874344790084 -0.00015351430612248 0.00030497991797459 -0.00027979689750226 -0.00015587283628114 0.1873872994629 0.02262741699797 4 4 5 5 0
49.014237570393 8.4169779683599 116.90020751953 -0.006625 0.013647 2.1540243267949 -0.012139629831774 0.022345406747786 -0.022446346023628 0.011952379639362 -0.015140220599575 -0.13600967068052 -0.060394221966838 9.8068402295149 -0.002345729563538 0.004635769575885 9.8079679047811 0.00022987144101742 0.00025098417092995 0.0004392917656098 0.00023580200951549 0.00025388704978806 0.00043442035642772 0.18425254408013 0.020518284528683 4 4 5 5 0
49.014237645016 8.4169764864398 117.09046936035 -0.007056 0.014219 2.1056473267949 -0.013234549064062 -0.015466651441779 -0.0034910211865606 -0.020054679645762 0.0055291044146826 -0.13989058926324 -0.069568596055752 9.8066091668713 -0.00085632220663547 -0.00016351125273371 9.8078533671043 0.00040654877737373 0.0005917624752995 -0.0001432915961323 0.00040437232200281 0.00059075837625043 -0.00015324414008722 0.18604300578092 0.021213203435596 4 4 5 5 0
49.014237666279 8.4169764588932 117.09938812256 -0.007073 0.014184 2.1046363267949 -0.012724560848003 -0.015836949175724 -0.0028853120794047 -0.020109887924036 0.0066648671388058 -0.13469747789344 -0.064151714040638 9.809433878279 0.0043666959992621 0.0053273764036881 9.8105659696011 0.00012826473661927 -7.9810805087133e-06 -0.00013219912032299 0.00012633353327366 -8.9173484718629e-06 -0.00013393389235806 0.18604300578092 0.021213203435596 4 4 5 5 0
49.014237695352 8.4169763506426 117.14584350586 -0.006996 0.014182 2.1048083267949 -0.010835817188367 -0.017074814883964 -0.00063717068694162 -0.020212802330669 0.011366549873101 -0.13992486280212 -0.065841333641494 9.8092611818481 -0.00048884500728759 0.0030328436802125 9.8104796294868 0.00032085828841033 -0.00063306082100432 -0.0002230744414977 0.00031774277251696 -0.00063458038352958 -0.00022317865969439 0.18425254408013 0.019104973174543 4 4 5 5 0
49.01423768312 8.4169765899368 117.04907226562 -0.007075 0.014169 2.1056303267949 -0.012311650707749 -0.014456379958386 -0.0032262334873828 -0.018712419593207 0.0015540168530558 -0.13874542982566 -0.065713388746745 9.8080391935877 0.00011001267550702 0.0036747945872116 9.8092398784679 1.4420515138276e-05 0.00019989208597264 -0.00018111062341798 1.1798359785657e-05 0.00019861574879196 -0.00018273225822791 0.1873872994629 0.021931712199461 4 4 5 5 0
49.014237628532 8.4169765321444 117.07869720459 -0.007051 0.014182 2.1069093267949 -0.01349565879625 -0.015018747674413 -0.003923822912153 -0.019806582513264 0.0043293842236549 -0.13698061266654 -0.067781633263674 9.806340524763 0.0017203296821319 0.0014189811695974 9.8075306802402 0.00014497262958069 0.00059771943027522 -0.00052254285915019 0.00013753988922636 0.00059402132303831 -0.00052874102206973 0.18604300578092 0.021213203435596 4 4 5 5 0
49.014237536145 8.416978011195 116.90045166016 -0.006739 0.013554 2.1510913267949 -0.013913284559945 0.022488725260531 -0.02396944445132 0.011171111189393 -0.014662257604349 -0.1362171283731 -0.063858450849867 9.8079221510544 -0.0027955041544183 0.0017611929462096 9.8090758049259 -0.00077504362404418 -0.00092506740188793 0.00094476255633887 -0.00076207169171523 -0.00091874229213347 0.00096136620300094 0.18559364213248 0.021213203435596 4 4 5 5 0
49.014237776423 8.4169762670885 117.14047241211 -0.006952 0.014273 2.1024273267949 -0.0077053418015005 -0.017345647759489 0.0021599597936661 -0.018857037043745 0.0099933571271288 -0.13645527840491 -0.067526802746931 9.8113643310306 0.0035816496020763 0.00067815848420943 9.8125450229202 -5.4789264988261e-05 -8.3248063291723e-05 0.00089831393348748 -4.1958017903579e-05 -7.6978467712347e-05 0.00089959850923802 0.18425254408013 0.019104973174543 4 4 5 5 0
49.014237572012 8.4169774686561 116.95279693604 -0.007052 0.013883 2.1228293267949 -0.017803716724127 0.0067027258892945 -0.018672848623071 -0.0036376222805464 -0.0078082665057135 -0.13843778862225 -0.064895874874761 9.8116210362525 -0.0023605597777416 0.0041657811247645 9.8128110514824 -0.00017087947291796 0.0001662748152727 -0.00024748345664701 -0.0001743051624355 0.00016452050981428 -0.00024624843147852 0.1873872994629 0.02262741699797 4 4 5 5 0
49.014237491824 8.4169779897886 116.89868927002 -0.006743 0.013667 2.1462183267949 -0.01612370625431 0.021430658013324 -0.025198088337861 0.0091829493661964 -0.01442231510539 -0.13655595714664 -0.067098780305878 9.8095363160467 -0.0025573483223564 -0.00055724471116263 9.8107162370022 0.00092714991310301 -5.742039437692e-06 0.0012867292588496 0.00094466816943014 3.0145099876749e-06 0.0012739925994285 0.18559364213248 0.021213203435596 4 4 5 5 0
49.014237736843 8.4169770938029 116.99240875244 -0.007116 0.014068 2.1068763267949 -0.015107411277212 -0.0022293330551048 -0.01183893692603 -0.0096478583327291 -0.0033543385145045 -0.13951297383532 -0.063748306005476 9.8043421849609 -0.001723013346889 0.006017045332592 9.8055400887705 1.0269850354069e-05 6.3542464275865e-05 0.00081213788837957 2.1707728575941e-05 6.9325218611903e-05 0.00081143687156358 0.18649664876346 0.021213203435596 4 4 5 5 0
49.014237935495 8.4169767470468 117.0232925415 -0.007104 0.014217 2.0943193267949 -0.0093600947329228 -0.010616680739034 -0.0027965115388558 -0.013874774663089 -0.00022566248351452 -0.14001114249357 -0.070225889306397 9.8076450994831 -0.00064927406459447 -0.00035657072150224 9.8088959404678 0.00028368740395514 4.4476990498913e-05 -0.00027117206529481 0.00027982484598252 4.2535668599194e-05 -0.00027549420076693 0.1873872994629 0.02262741699797 4 4 5 5 0
49.014237725285 8.4169763316145 117.14398956299 -0.006934 0.014254 2.1050943267949 -0.0091273276229337 -0.016487861630321 0.00053980710576727 -0.018837890444082 0.010658601214095 -0.14241736616229 -0.068016807263222 9.8072305638278 -0.0027048800237114 1.8946594805084e-05 9.8085001143464 6.0488383005846e-06 9.4301881425473e-05 0.00095316780564978 1.9590254092303e-05 0.00010091723930253 0.00095229830406941 0.18425254408013 0.019104973174543 4 4 5 5 0
49.014237750966 8.4169770684516 116.99411010742 -0.007118 0.014072 2.1055953267949 -0.014644156104234 -0.0030333125068989 -0.011046394194277 -0.010082102132838 -0.0032440135598862 -0.14128118588562 -0.068871192821245 9.8062009606887 -0.0031646302327391 0.00094600022907091 9.8074599130786 2.1938492726743e-05 -0.00033633544511207 0.00071372545495613 3.1997319911823e-05 -0.00033122680184067 0.00071570264133343 0.18649664876346 0.021213203435596 4 4 5 5 0
49.014237511912 8.4169777814593 116.92511749268 -0.006936 0.013758 2.1360343267949 -0.018044783557986 0.015608845158162 -0.02360293741609 0.0034897809572793 -0.011346714943609 -0.13886119643874 -0.062684977632892 9.8037777047808 -0.0041364863386007 0.0051761494703144 9.8049593567042 -0.00016485242301456 -2.471414209793e-05 0.00095454479566365 -0.0001517040958621 -1.8110807074328e-05 0.00095689122141177 0.1873872994629 0.024041630560343 4 4 5 5 0
49.014237691073 8.4169766057867 117.04652404785 -0.007092 0.014128 2.1053673267949 -0.012179907393077 -0.014109291745149 -0.0032957972528128 -0.018345584782586 0.0016452653332746 -0.13576910134954 -0.063627835289539 9.8097672214353 0.0029954609734657 0.0058933843177977 9.8109107649123 -9.3905978815797e-05 -0.00032582390438749 -0.00036147457542084 -9.8975084105874e-05 -0.00032837423882144 -0.00035783387748598 0.1873872994629 0.021931712199461 4 4 5 5 0
49.014237465589 8.416977899988 116.90933990479 -0.006864 0.013671 2.1417223267949 -0.017746612455982 0.018621283972331 -0.024999563956376 0.0060616662425885 -0.013189273865221 -0.13945119481986 -0.071932132741713 9.8087700195402 -0.0052422350159827 -0.0046430242796518 9.810022501135 0.00010268524732964 -0.00028981964492569 0.0010846425031796 0.00011754031105122 -0.00028236123948337 0.0010851200115631 0.1873872994629 0.024041630560343 4 4 5 5 0
49.014237518818 8.4169777650377 116.92658233643 -0.006986 0.013773 2.1349833267949 -0.017802031763736 0.014879876430966 -0.023002147832552 0.0030392890777679 -0.011029294253476 -0.13837413339308 -0.070390700198001 9.8082098681619 -0.0034247965817174 -0.0021804172540363 9.8094377919557 -0.00049429399744733 8.0486612163639e-05 0.00021876955441688 -0.00049127368553036 8.2000982788725e-05 0.00022499991760875 0.1873872994629 0.024041630560343 4 4 5 5 0
49.014237702213 8.4169763472837 117.14521789551 -0.006978 0.014193 2.1049283267949 -0.010483067956579 -0.017103272071754 -0.0003170092796787 -0.020057804491708 0.011368278812917 -0.13611416797168 -0.060036340726243 9.812014529977 0.0032084405811972 0.0085820117639064 9.8131380776979 0.00016211608649039 -0.00016181444608173 0.0010474161782276 0.00017701288212859 -0.00015448011292663 0.0010461131029649 0.18425254408013 0.019104973174543 4 4 5 5 0
49.014237914759 8.4169767547832 117.02044677734 -0.007195 0.014201 2.0943573267949 -0.010168807503239 -0.010257070060507 -0.0036706898652013 -0.013969553800027 -0.00049223971474679 -0.13462030715059 -0.063683175054202 9.8047016790582 0.0045409905231609 0.0063789893808928 9.8058295070672 -0.00081304701605933 4.7974845193825e-05 -0.0010086404500118 -0.00082729527461504 4.0719052621957e-05 -0.00099730017807935 0.1873872994629 0.02262741699797 4 4 5 5 0
49.014237498129 8.416978029906 116.89936065674 -0.006784 0.013644 2.1481443267949 -0.015615304691717 0.022120557924918 -0.025166541827693 0.0099911810429077 -0.014418870536968 -0.13964845151427 -0.06480491588038 9.8046791362266 -0.0057785269268796 0.0014423130033425 9.8058858153621 -0.00027431594755915 -0.00025328276051322 -0.00093851743040484 -0.00028708089566186 -0.00025965086653954 -0.00093294388783233 0.18559364213248 0.021213203435596 4 4 5 5 0
49.014237514208 8.4169777679834 116.92455291748 -0.006976 0.013784 2.1345643267949 -0.017802336455639 0.01447685157774 -0.022784401458054 0.0027164420788855 -0.010886395656192 -0.13835298269219 -0.067885256242114 9.8079867582443 -0.0032690739831169 0.00045695621583443 9.809196700422 -0.00011040863982298 0.00012001396622684 0.00013102467251733 -0.00010858950681774 0.00012091693046613 0.00013169957949981 0.1873872994629 0.024041630560343 4 4 5 5 0
49.014237643245 8.4169765869801 117.06125640869 -0.007049 0.01412 2.1075363267949 -0.012821802637148 -0.014434117468006 -0.003652676362465 -0.018958033380212 0.0028130978825661 -0.13673942856001 -0.067190252234685 9.8111324120864 0.0019890316899807 0.002188726657762 9.8123150295702 0.00036643660346494 -0.00021768469261001 0.00034981583015259 0.00037135999485475 -0.00021521730054967 0.00034610342610087 0.1873872994629 0.021931712199461 4 4 5 5 0
49.014237887807 8.4169767978559 117.02052307129 -0.007086 0.014256 2.0987003267949 -0.0087673770705 -0.010518798740584 -0.0022856524694512 -0.013501544090348 -0.00055511426153819 -0.13569679157405 -0.066714606234898 9.8080732653797 0.0038624384612587 0.0026068450157432 9.8092379304128 -0.00034872032816156 0.00063863382741639 0.0008010226756399 -0.00033728154951254 0.0006442873751465 0.00080133159273696 0.1873872994629 0.02262741699797 4 4 5 5 0
49.0142377779 8.4169770145427 116.99715423584 -0.007089 0.014063 2.1032273267949 -0.013752871367683 -0.0044413275625419 -0.0095895460820515 -0.010812791174468 -0.0028420221296877 -0.14099730690749 -0.063302070381176 9.8110842105028 -0.0027651432133699 0.0065317917567638 9.8122989194093 0.00050983578618937 -0.00055781258605696 0.00063229253736828 0.00051871840680485 -0.00055326419161291 0.00062901387061436 0.18649664876346 0.021213203435596 4 4 5 5 0
49.014237577227 8.4169779610596 116.89994049072 -0.00664 0.013583 2.1549903267949 -0.011647779559804 0.02245166469618 -0.022109228799433 0.012285575071875 -0.015354786167815 -0.14062601598997 -0.068050196180568 9.8113742358591 -0.0069859773532327 -0.0029263156683712 9.8126148418078 0.00011259741564737 -0.00075114645332247 0.00018633148539092 0.00011518830558912 -0.00074989891914856 0.00018978689659094 0.18425254408013 0.020518284528683 4 4 5 5 0
49.014237684276 8.4169763477847 117.14339447021 -0.007044 0.014195 2.1047573267949 -0.011210021815554 -0.017349767888249 -0.00082677208092869 -0.02063961088877 0.010949638730867 -0.13609862248943 -0.069964115509128 9.8070465096935 0.003322451945667 -0.00089956017502558 9.8082398130745 -5.5120435062493e-05 -0.00037889438204203 0.00068520155944562 -4.5352691058498e-05 -0.00037407002448841 0.00068858520397473 0.18604300578092 0.021213203435596 4 4 5 5 0
49.01423755849 8.4169775769552 116.94226074219 -0.006995 0.013849 2.1268643267949 -0.017940105499982 0.01042225252666 -0.020738689612209 -0.00064279267480058 -0.0094096096161615 -0.13998176766302 -0.069017487241462 9.8026887040366 -0.0044088393722486 -0.0002944121050522 9.80393020968 0.00041999207023523 0.00010785671794195 0.000726830119608 0.0004299751450118 0.00011294711570449 0.0007201659163062 0.1873872994629 0.024041630560343 4 4 5 5 0
49.014237912108 8.4169767851545 117.02310943604 -0.007075 0.014226 2.0974823267949 -0.0084980018941131 -0.010711500230568 -0.0019744637725475 -0.013529819637782 -8.8168654172009e-05 -0.13799939799507 -0.066771638995812 9.8058860622604 0.0015675386658474 0.002554099250764 9.8070840149818 -0.00014369113897803 7.3820962736626e-05 0.00038839333712061 -0.00013818013310591 7.6578120177985e-05 0.0003898497376766 0.1873872994629 0.02262741699797 4 4 5 5 0
49.01423748427 8.4169779686102 116.89803314209 -0.006826 0.013712 2.1449473267949 -0.016626054415885 0.020620952863563 -0.025165854195489 0.0082677777993968 -0.014415230652276 -0.14355701028925 -0.064227032977585 9.8073337553201 -0.0093172707768653 0.0026314689465157 9.8085900176335 9.7854543775944e-06 0.00032794687452621 0.0010855781563898 2.462207873139e-05 0.00033534447862018 0.0010830769069136 0.18559364213248 0.021213203435596 4 4 5 5 0
49.014237837978 8.4169769184048 117.00708007812 -0.007089 0.014109 2.0992103267949 -0.012505203488028 -0.00665147022853 -0.0074366941247552 -0.012055731736942 -0.0019045322088803 -0.13229933407409 -0.065828766252318 9.8080540493894 0.0064456794046333 0.0039134135765125 9.8091645448857 0.00040606706404874 -0.00080806830783019 0.0004218664717014 0.00041208629267317 -0.00080504410658506 0.00042181449416222 0.18649664876346 0.021213203435596 4 4 5 5 0
49.014237505088 8.4169780592471 116.90026855469 -0.006762 0.013623 2.1501163267949 -0.01497999530669 0.022733122461461 -0.024982481256842 0.010820026754734 -0.014374836494351 -0.13761574566457 -0.061679293963905 9.8123243438372 -0.0036830801138022 0.0043800123641434 9.8134814378471 -0.00048105096161105 -0.00049845980732452 0.0010076341198294 -0.00046719961993859 -0.00049168687518631 0.0010174364617892 0.18559364213248 0.021213203435596 4 4 5 5 0
49.014237774947 8.416976621756 117.05396270752 -0.007114 0.014157 2.1015353267949 -0.010563640503278 -0.01366194266485 -0.0022027203288143 -0.017128566558321 0.0023906967284653 -0.13481797862316 -0.066479799350922 9.8104186315908 0.0044243108545114 0.0032781846792132 9.8115687766719 -3.0840388070972e-05 -0.00054094999359153 -0.00022101458759118 -3.3918249802554e-05 -0.00054249199104399 -0.00021668111692926 0.1873872994629 0.021931712199461 4 4 5 5 0
49.014237544533 8.4169780035003 116.90012359619 -0.006656 0.013598 2.1517063267949 -0.013364158069028 0.02260325188334 -0.023579753903857 0.011554522832705 -0.014745418154851 -0.14358501223775 -0.065353676947368 9.8084492583864 -0.010024082109688 0.00013690933066455 9.8097129302798 0.00044850273641862 -0.00037711607740493 0.00058727968020969 0.00045652945611277 -0.00037318880522136 0.00058364115225273 0.18559364213248 0.021213203435596 4 4 5 5 0
49.014237769052 8.4169770373846 116.99603271484 -0.007092 0.014078 2.1041293267949 -0.014117867283243 -0.0038521618325635 -0.010191771213909 -0.010502098120442 -0.0028527433384197 -0.14286082093361 -0.070442714320201 9.8094335665056 -0.0047152631524837 -0.00065206133616675 9.8107252797819 0.00039140848068301 -0.00019166928754531 0.00060594357659301 0.00039990743044681 -0.00018737899898476 0.00060171709356642 0.18649664876346 0.021213203435596 4 4 5 5 0
49.014237713731 8.4169763458944 117.14436340332 -0.006996 0.014214 2.1049093267949 -0.010155078357046 -0.017020264029877 -7.5835715682084e-05 -0.01981941170748 0.010982381644955 -0.14292193451897 -0.068653856359936 9.8020065883735 -0.0036483614591278 -0.00038098792487273 9.8032881133793 -0.00064400773260212 5.3281983868818e-05 -0.00045705922870228 -0.00065047215053434 5.0126640441737e-05 -0.00044821828786621 0.18425254408013 0.019104973174543 4 4 5 5 0
49.014237815229 8.416976637755 117.0460357666 -0.007114 0.014201 2.0999543267949 -0.010061928235823 -0.01345328259538 -0.0019032288233352 -0.016691649848306 0.0016008326725295 -0.13711300832941 -0.062273698327325 9.8032114398748 0.002151713009097 0.007137931986646 9.8043653132889 -0.00055689002816607 -2.1517493140449e-06 0.0010235069855178 -0.00054229597484768 5.1643939842502e-06 0.0010312800980302 0.1873872994629 0.02262741699797 4 4 5 5 0
49.014237720028 8.4169763393302 117.14408874512 -0.006948 0.014255 2.1050393267949 -0.0096160851226142 -0.016685993648236 0.00021921183856218 -0.019257288460091 0.01082231033888 -0.13527874481043 -0.066218702462848 9.8084156223221 0.0041853590402736 0.001996437581629 9.8095708493439 3.51684291252e-05 0.00060254652141567 0.00066956627634371 4.4610422549164e-05 0.0006071782077447 0.00066479019186753 0.18425254408013 0.019104973174543 4 4 5 5 0
49.014237539972 8.4169776383911 116.93325805664 -0.007015 0.013802 2.1290803267949 -0.017945480909162 0.011662461834827 -0.021400202837467 0.00036054771659358 -0.010298398764513 -0.13991740522672 -0.067870719093594 9.8094861287304 -0.0044797795135142 0.00087314361787661 9.8107176956765 6.9795848202715e-05 -0.00023637832094175 -0.00011078412003316 6.8296670117715e-05 -0.00023714871913456 -0.00011004765456455 0.1873872994629 0.024041630560343 4 4 5 5 0
49.014237903695 8.4169767887141 117.01821899414 -0.007169 0.014162 2.0952223267949 -0.0106312428503 -0.0094621891053861 -0.0044558091954449 -0.013517214235721 -0.00075615066980417 -0.13999989416507 -0.063191787970072 9.8078181403295 -0.00086436325733553 0.0068700048460878 9.8090182644232 -0.00042430311552195 -0.00056310069181514 0.00045934547611363 -0.0004176739615482 -0.00055980774000097 0.00046935568415703 0.18649664876346 0.021213203435596 4 4 5 5 0
49.014237795872 8.4169766288172 117.04975891113 -0.007165 0.014192 2.1006853267949 -0.010407320054737 -0.013650253940499 -0.0020878484437395 -0.017037706415571 0.0020068125240648 -0.13817720159703 -0.0695101559735 9.8075332362708 0.0010935934670903 0.00023235670512992 9.8087527879138 -0.00092426647436654 -7.4831477605188e-05 0.00056839784220859 -0.00091611389707438 -7.0753079587066e-05 0.00058195180525734 0.1873872994629 0.021931712199461 4 4 5 5 0
49.014237525251 8.4169780284323 116.90033721924 -0.00673 0.013605 2.1506333267949 -0.014275102742166 0.022579920694046 -0.024315921190786 0.011062085231438 -0.014531956759398 -0.13318152657165 -0.067550886703399 9.809574361954 0.00036967708614142 -0.0016048816834695 9.8107109183136 -5.003591720706e-05 -0.00018729264117209 -0.00049115836805375 -5.6701903032078e-05 -0.00019060041255378 -0.00048916996544742 0.18559364213248 0.021213203435596 4 4 5 5 0
49.014237570823 8.4169775136375 116.9487991333 -0.007024 0.013864 2.1244553267949 -0.017858336532335 0.0082162366042734 -0.019509317352863 -0.0024148008366639 -0.0083611548875051 -0.13525713316292 -0.065291124066433 9.8090684880242 0.00059314532173609 0.003662572139799 9.8102174226693 0.00017007824844254 9.9057610801518e-05 0.0010854657828614 0.00018509816691187 0.00010664525435162 0.0010822892311753 0.1873872994629 0.02262741699797 4 4 5 5 0
49.014237595149 8.4169773689774 116.96822357178 -0.007142 0.013929 2.1197633267949 -0.017803368848384 0.0043211794719253 -0.017433809185865 -0.0056312306410661 -0.006471782766315 -0.14307129096727 -0.067768132466543 9.8056487700359 -0.0067058721339882 0.0014832435059413 9.8069248263863 -0.0012904999298445 7.986574148507e-05 0.00046530793917994 -0.0012839066471476 8.3211370899232e-05 0.00048262520025529 0.1873872994629 0.02262741699797 4 4 5 5 0
49.014237692779 8.4169763598061 117.13497924805 -0.007032 0.014252 2.1040383267949 -0.011460840909115 -0.017342086683225 -0.0010613323759873 -0.020759856849776 0.010033604649552 -0.13927230561572 -0.065097689302214 9.806875081688 0.00017157389801429 0.003873360068604 9.8080793632291 -1.7177090981063e-05 0.00055806787087111 -0.00016974273931576 -1.9651713364069e-05 0.00055686163273252 -0.00017337669511014 0.18604300578092 0.021213203435596 4 4 5 5 0
49.014237717082 8.4169766220522 117.05174255371 -0.007142 0.014132 2.1041683267949 -0.011615934226739 -0.014118963893947 -0.002839270630331 -0.018061543605735 0.0023737372261647 -0.13579310416443 -0.065309093850993 9.8096886932082 0.0030949866294153 0.0044802398888353 9.8108444537787 -0.00046286568871164 -0.00030374209294083 -4.0804351003886e-05 -0.00046339732393948 -0.00030406660073808 -3.2096538313605e-05 0.1873872994629 0.021931712199461 4 4 5 5 0
49.014237516073 8.416978040719 116.90060424805 -0.006751 0.013645 2.1502153267949 -0.014459114646039 0.022719614148759 -0.024542046174737 0.01108763318316 -0.014531890219361 -0.13463562255923 -0.065893447974882 9.8050115262115 -0.001004668099467 3.3164461729354e-05 9.8061572780089 -0.00039398170171154 0.00025170590042558 -0.00064633570018838 -0.00040277367644651 0.00024735325314552 -0.00064259640595207 0.18559364213248 0.021213203435596 4 4 5 5 0
49.014237673991 8.4169772077049 116.98108673096 -0.007124 0.01399 2.1124953267949 -0.016179192924675 0.00022353102173117 -0.013967000633246 -0.0081713079023277 -0.0047918723579811 -0.13464069290492 -0.062954058740567 9.8039054971625 0.0025396476617399 0.0066282540541548 9.8050295556275 -0.00040104386230866 -0.0002237568852913 6.6965742074421e-05 -0.00040001674643491 -0.00022327586977589 7.4131573228887e-05 0.1873872994629 0.02262741699797 4 4 5 5 0
49.01423748717 8.4169778261393 116.9196472168 -0.006921 0.013782 2.1380583267949 -0.01816546031486 0.01696837525323 -0.024443159160302 0.0045235711624101 -0.012029483315999 -0.14299824674808 -0.06703502207754 9.8118026417055 -0.008274879271668 0.00074694094695869 9.8130703044581 -0.00012595873068991 0.00063418328853002 0.00059292358759396 -0.00011784101316156 0.00063825780796682 0.00059018562493302 0.1873872994629 0.024041630560343 4 4 5 5 0
49.01423771682 8.4169771299383 116.98907470703 -0.007097 0.014042 2.1086153267949 -0.01561848643468 -0.00097599600231565 -0.01289598218479 -0.0088669792424091 -0.0039870870900879 -0.1419352613405 -0.066967244695322 9.81059724838 -0.0043380615573889 0.0028149257863382 9.8118513385468 0.00038575346962596 1.8340361573135e-05 -0.0010756690216097 0.00037059513965934 1.0692690705404e-05 -0.0010811256037581 0.18649664876346 0.021213203435596 4 4 5 5 0
49.014237553987 8.4169779882413 116.90043640137 -0.006723 0.013639 2.1522563267949 -0.012885090862672 0.022374540464376 -0.023061859590128 0.011610329724965 -0.01488771971755 -0.13873966858411 -0.070223180147616 9.8077818926987 -0.0051283722324351 -0.0047094626867948 9.809012343824 -0.000657634610198 0.00023869848889272 0.000144680437343 -0.000655598713771 0.00023964470257533 0.00015201970565557 0.18559364213248 0.021213203435596 4 4 5 5 0
49.014237692048 8.4169763685007 117.12689971924 -0.007059 0.014218 2.1034113267949 -0.011653548096817 -0.017118828764916 -0.00134568890673 -0.020665180453118 0.0095162926230784 -0.13794511025248 -0.060019180336908 9.8078895453678 0.0014140285793202 0.0091848134951121 9.8090385792935 -7.4635024153367e-05 9.5098906192675e-05 -0.00028788896801254 -7.8721705405539e-05 9.3095142789019e-05 -0.00028746154472092 0.18604300578092 0.021213203435596 4 4 5 5 0
49.014237655901 8.4169772495332 116.97838592529 -0.007078 0.013987 2.1146963267949 -0.016452348907639 0.0012336260298605 -0.014709848110517 -0.007474312622789 -0.0049382977408378 -0.13587096436926 -0.066974522383428 9.8108704311832 0.0013505404573516 0.0024880799920338 9.8120394030905 6.3356108706797e-05 -0.00013963925237703 0.00012975734194449 6.5186162049712e-05 -0.00013871898685415 0.00012984488730351 0.1873872994629 0.02262741699797 4 4 5 5 0
49.014237561616 8.4169774362559 116.95989990234 -0.007022 0.013893 2.1223893267949 -0.017981899079959 0.0051557930889048 -0.018016167519357 -0.0050349444589479 -0.0071829029206424 -0.13486201790851 -0.062998744738976 9.8101730366308 0.0013190337206094 0.0060557305852786 9.8113005443991 0.00033570051934525 0.00013908337680896 0.00049364188538937 0.00034252447414693 0.00014256374548887 0.00048795328945716 0.1873872994629 0.02262741699797 4 4 5 5 0
49.014237866623 8.4169768710755 117.01159667969 -0.007136 0.014154 2.0974563267949 -0.011690625801094 -0.0074822738812891 -0.0063339981785417 -0.012351346929455 -0.0014703050631712 -0.13757602134623 -0.068551867683068 9.8083082355604 0.0012908433034017 0.0013748073999155 9.8095126167938 -9.2814537983944e-05 -0.00025454322272053 0.00057109677534204 -8.4698394619512e-05 -0.00025045409497303 0.0005741564749276 0.18649664876346 0.021213203435596 4 4 5 5 0
49.01423781704 8.4169769595806 117.00326538086 -0.007129 0.014128 2.1007083267949 -0.013238350043431 -0.0054902610905261 -0.008633895072053 -0.011440007794351 -0.0023604211206759 -0.14011267117927 -0.063145116724902 9.8081465867046 -0.00171692850201 0.0067167010581592 9.8093480303559 -7.9938811761387e-05 7.1970428834672e-05 0.00022941190668733 -7.670221395741e-05 7.3602516682737e-05 0.00023001577508824 0.18649664876346 0.021213203435596 4 4 5 5 0
49.014237753097 8.4169766143181 117.05490875244 -0.007097 0.014191 2.1024873267949 -0.010957437382368 -0.013936581657541 -0.0023885554087183 -0.017566710035963 0.0026435805651283 -0.13895938723061 -0.063617606595548 9.8035130372719 9.413495160453e-05 0.005895786951387 9.8047022774368 -9.2817033708734e-05 0.00020109175356894 0.0010572945579149 -7.7809571327563e-05 0.00020858702914127 0.0010570515939272 0.1873872994629 0.021931712199461 4 4 5 5 0
49.014237571014 8.4169774917817 116.95079040527 -0.00706 0.013858 2.1235503267949 -0.017847790222784 0.0073179894989242 -0.019030604431112 -0.0031536815188728 -0.0081277376829173 -0.13992645384193 -0.06555602110862 9.8052006319433 -0.0040489482029226 0.0034909438881213 9.8064166439421 -0.00023243480246088 -0.00011023102828926 -0.00064491106158904 -0.00024132741032971 -0.00011480478368843 -0.00064082222630371 0.1873872994629 0.02262741699797 4 4 5 5 0
49.014237859845 8.4169766824925 117.03388977051 -0.007122 0.014188 2.0983813267949 -0.0095049294910175 -0.012116568162339 -0.0021099015661686 -0.015254669627715 0.00030117123782047 -0.13797122330198 -0.063935217874345 9.8104031528219 0.0013927006916621 0.0055802301777979 9.8115797014002 -0.00045912149326898 -0.00036965764348303 0.00072528503558594 -0.00044875121018923 -0.0003645030528558 0.00073430768215548 0.1873872994629 0.02262741699797 4 4 5 5 0
49.014237673582 8.4169765722271 117.05564117432 -0.007106 0.014137 2.1059103267949 -0.01246265660821 -0.014694645408367 -0.0032294846155083 -0.018995283052642 0.0021475087772121 -0.13718239812694 -0.066520106302244 9.8073760993058 0.0016253394895129 0.0029272471218959 9.8085604023772 -0.00041778552786584 -0.00029998285347004 1.0034976390621e-05 -0.00041761303630649 -0.00029990895564918 1.8060150202512e-05 0.1873872994629 0.021931712199461 4 4 5 5 0
49.014237945709 8.4169767581987 117.02709960938 -0.007083 0.014263 2.0956193267949 -0.0084910211373039 -0.010961386276194 -0.0018596019689889 -0.01374009104806 6.9270130717918e-05 -0.13975213403194 -0.067588706737604 9.8096436148653 -0.00012079819321762 0.0019611455819986 9.8108714330962 3.4422726388958e-05 0.00049791407963422 0.00060183312884353 4.2888520904306e-05 0.00050215763000856 0.00059774657078926 0.1873872994629 0.02262741699797 4 4 5 5 0
49.014237567393 8.4169774483774 116.95610046387 -0.006999 0.01388 2.1225873267949 -0.017907280183489 0.0058319690405312 -0.018306666556771 -0.0044219692376475 -0.007561089414857 -0.14051257432589 -0.066849780485126 9.8055251550196 -0.0044086877376243 0.0021424931923869 9.8067582552661 0.00069100828680725 -3.0559640123729e-05 0.00092880494521113 0.00070383626334731 -2.4019196004675e-05 0.00091932418879334 0.1873872994629 0.02262741699797 4 4 5 5 0
49.014237477658 8.4169779209315 116.90528106689 -0.006826 0.013709 2.1429293267949 -0.017195510256686 0.019584611101742 -0.025068825561005 0.007129605451102 -0.013940172188044 -0.13970900898318 -0.064984679432628 9.8079126476843 -0.0054056894347596 0.0019433611813324 9.8091210895792 0.00022336063558374 0.00014771105747726 0.00065470666089306 0.00023230133189568 0.00015218157449157 0.00065057295528479 0.18559364213248 0.021213203435596 4 4 5 5 0
49.014237627593 8.4169773003703 116.97397613525 -0.007081 0.013973 2.1169433267949 -0.017110531815354 0.0027965419242362 -0.01606568778413 -0.0065213503030578 -0.0057480135240015 -0.13478468512197 -0.064837368869354 9.8041005190706 0.0018969448466626 0.0044280891439182 9.8052402684245 -0.00017861523114369 0.00026419576247469 0.00054552005630838 -0.00017102855950658 0.00026802922777874 0.00054605305058505 0.1873872994629 0.02262741699797 4 4 5 5 0
49.014237466643 8.4169778610571 116.914894104 -0.006908 0.013676 2.1398873267949 -0.018196013738398 0.017847548641998 -0.024951622564851 0.0052028465226696 -0.012715760202263 -0.13660821792616 -0.065863438102423 9.8035474195152 -0.0024102334029442 0.0016767865596294 9.804719947536 -0.00016081352506605 -0.00043401255356236 0.00049730863565153 -0.0001539396579912 -0.0004305278890187 0.00050243614756712 0.1873872994629 0.024041630560343 4 4 5 5 0
49.014237536083 8.416977690355 116.92862701416 -0.006974 0.013799 2.1312343267949 -0.017860110804527 0.01314088274603 -0.022116055677798 0.0016069025644207 -0.010779861181712 -0.13915157593505 -0.061924571117899 9.8074237631901 -0.0038419035913444 0.0065860238127349 9.808603253496 0.00038658590978089 -0.00017446931308537 0.00058780139302874 0.00039468571526611 -0.00017036380612798 0.00058360384063343 0.1873872994629 0.024041630560343 4 4 5 5 0
49.014237883175 8.4169768333765 117.01470184326 -0.007143 0.014167 2.0964983267949 -0.011095389553057 -0.0083520741535374 -0.0053981346281335 -0.012796121684134 -0.0010605363498567 -0.13386958927231 -0.063683664359776 9.8092052325331 0.0052236485327194 0.0062320872757282 9.8103219689169 -0.00027154984703909 -0.00038382964826857 0.0017693413379333 -0.00024637681226964 -0.00037121353227831 0.0017757138380005 0.18649664876346 0.021213203435596 4 4 5 5 0
49.014237696279 8.4169766184106 117.04832458496 -0.007058 0.014102 2.1050683267949 -0.012153905647798 -0.013922882145794 -0.0033799187258186 -0.018169968130817 0.0020558888577528 -0.14088206500123 -0.070995717182507 9.8075433855665 -0.0022490021893987 -0.0013300576710616 9.8088115753492 0.00081083193840975 -0.00051466945777449 0.00018792853915648 0.00081342787676545 -0.00051336895634028 0.00018011867547059 0.1873872994629 0.021931712199461 4 4 5 5 0
49.014237942544 8.4169767571346 117.02556610107 -0.007091 0.014255 2.0951123267949 -0.0088040497516253 -0.010871328755712 -0.0021826925040554 -0.013817823414625 8.2087799788449e-06 -0.14321331786915 -0.063389577384007 9.8059848006028 -0.0036798521796546 0.0062504016863822 9.8072327953265 7.7303081512421e-05 0.00043440628840994 0.0001366063948603 7.9191829217425e-05 0.00043535981850888 0.00013239702002178 0.1873872994629 0.02262741699797 4 4 5 5 0
