49.014265790746 8.4169661506292 107.50021362305 -0.006348 0.014164 1.9612873267949 5.0365674175278e-05 -0.0073847752639087 0.0028575405838323 -0.0068096616770297 -0.015545591957318 -0.13966797413135 -0.052484590435384 9.8070440429412 -0.00031215732467197 0.0095454933453051 9.8081743679288 -0.00031804294943435 -0.00072160413753779 0.0010494292985489 -0.00030307905879764 -0.00071491466695136 0.0010583875518549 0.3898948576219 0.042426406871193 4 5 4 4 0
49.014266262123 8.4169659596354 107.42746734619 -0.006311 0.014079 1.9657433267949 -0.0038006096700644 -0.0078732866309828 -0.00047995339338511 -0.0087294105850608 -0.014108064485608 -0.13838061607955 -0.05844464770685 9.8101086890601 6.853814387493e-06 0.0033980070430961 9.8112584357785 -0.00018732322842698 -0.00056533579140557 0.00018794401613625 -0.00018457904033135 -0.00056417169820641 0.00019415256238087 0.39187370414459 0.042426406871193 4 5 4 4 0
49.014265802587 8.4169661813809 107.50058746338 -0.006326 0.014231 1.9613553267949 0.0012956877799517 -0.0068525306285353 0.0038071159107255 -0.0058430578874868 -0.015903988820128 -0.14568453035935 -0.057393632193291 9.8104233275446 -0.0060151304676227 0.0043842739438063 9.811670334594 -0.00040547136906969 2.3093057477974e-05 0.00069107659939691 -0.00039557228982776 2.7503737891357e-05 0.00069662853793228 0.3898948576219 0.042426406871193 4 5 4 4 0
49.014265829919 8.4169660385043 107.49053955078 -0.006392 0.0142 1.9612073267949 -0.0017124557074721 -0.0087062600088029 0.0017294697099362 -0.0087028898329558 -0.015272874552818 -0.14331093739287 -0.06221706695035 9.8126604103898 -0.0041035629385386 0.0002249454606642 9.8139031923728 -0.00044063557295948 0.00022968328907378 0.0015642542276294 -0.00041838664861131 0.00023965160270363 0.0015688175632327 0.3898948576219 0.042426406871193 4 5 4 4 0
49.014266255231 8.4169660389017 107.41687774658 -0.006304 0.014042 1.9666773267949 -0.0043942073342687 -0.0063657553032435 -0.0016005889874846 -0.0075677654418837 -0.014206059388319 -0.14748417943041 -0.063525019110094 9.8104342889059 -0.0094037406639802 -0.0017878211013544 9.8117440119807 -0.00019780944902865 -0.00053476158574737 0.00063675244270336 -0.00018880526009763 -0.00053073504161184 0.00064279778325462 0.39187370414459 0.042426406871193 4 5 4 4 0
49.014265882366 8.4169659287165 107.47727966309 -0.006422 0.014152 1.9619353267949 -0.0040962173102091 -0.010358293337513 0.00015967274416538 -0.011137745974137 -0.014463496495845 -0.14689057224427 -0.061931702628623 9.8096313449913 -0.0079091655925699 0.00078183006187277 9.810923540709 -0.00052224574542766 -0.00017321485954249 0.0012713452025403 -0.0005041388096657 -0.000165098214981 0.0012797271982052 0.39047791230747 0.042426406871193 4 5 4 4 0
49.014266235586 8.4169661427476 107.41413116455 -0.006237 0.014006 1.9680763267949 -0.0066961868555808 -0.0041587686574644 -0.0045656372416456 -0.0064256844712552 -0.012730085662531 -0.1395849539844 -0.061082808226121 9.8105596517207 -0.0019116339711488 8.6843870566356e-05 9.8117428241232 -2.1294581765815e-05 -0.00050899037895006 9.0034072194274e-05 -1.9981883338648e-05 -0.00050841575837669 9.3489980076807e-05 0.39268562489605 0.042426406871193 4 5 4 4 0
49.014266246528 8.4169661542986 107.41375732422 -0.006211 0.014047 1.9682243267949 -0.006713120674086 -0.0039488156880629 -0.0046621038835999 -0.0062389129692966 -0.012751845486347 -0.14265379819857 -0.059094158071865 9.8037071376973 -0.0050564772553345 0.0018857281635965 9.804921408979 0.00013946952804839 0.00014010989492429 0.0018434054504104 0.00016531830068223 0.00015157420164268 0.0018403363035416 0.39268562489605 0.042426406871193 4 5 4 4 0
49.014266008704 8.4169659292565 107.46326446533 -0.006319 0.014136 1.9638403267949 -0.0054664357529268 -0.0096972621552886 -0.0013370247181054 -0.011051308842099 -0.013131892022762 -0.14257847064667 -0.06072774864758 9.8102147541085 -0.0043656576192792 0.0015808514582846 9.8114376895984 0.00053109999181968 0.00081435703469904 -0.00013661946273065 0.00052899021587455 0.00081349560276603 -0.00014926527343402 0.39187370414459 0.042426406871193 4 5 4 4 0
49.014265920518 8.4169659100266 107.47385406494 -0.006357 0.014093 1.9627283267949 -0.0053719325584836 -0.010370877855434 -0.001004295236473 -0.011636334266383 -0.013446085726079 -0.13760657005689 -0.055756432013756 9.8132474427884 0.00096779351209581 0.0068913969791409 9.814368114775 0.0004548800131979 -0.00055361170696872 0.00014127130791451 0.00045689428007815 -0.0005526730713558 0.00013837670557349 0.39047791230747 0.042426406871193 4 5 4 4 0
49.014266038733 8.4169659408012 107.45948028564 -0.00634 0.014084 1.9643473267949 -0.0054616368432556 -0.0094584295627429 -0.0014199470132481 -0.010829393764469 -0.013272878305475 -0.14041840021849 -0.058419561247607 9.8034915650879 -0.0024047345572315 0.0038756415316759 9.8046700319698 0.0001680027689821 5.64890460672e-05 0.001594915761565 0.00019039816452386 6.6617734846212e-05 0.0015919898732679 0.39187370414459 0.042426406871193 4 5 4 4 0
49.014265888279 8.4169659301365 107.47877502441 -0.006395 0.0142 1.9615223267949 -0.0032965650164994 -0.010175408204792 0.00082647872484158 -0.01066412243377 -0.014590418901193 -0.14250442885225 -0.059458428572516 9.8063297760271 -0.0033208988658421 0.0032621894994083 9.807544162525 4.3382569019146e-05 0.00012144148106719 0.00092810744989406 5.6528302381883e-05 0.00012740080748126 0.00092660826107057 0.39047791230747 0.042426406871193 4 5 4 4 0
49.014266073512 8.4169659454033 107.4538269043 -0.006333 0.014081 1.9645893267949 -0.00553702917865 -0.0090753384400761 -0.0016329241212499 -0.010504978986987 -0.013222682929335 -0.14608717814795 -0.065156959774646 9.8111855533751 -0.0078401766739037 -0.0029914075824344 9.812485541014 -1.6219374971282e-05 -0.0002427601209823 0.00036040815373132 -1.1127365487913e-05 -0.00024041936983927 0.00036211116063344 0.39187370414459 0.042426406871193 4 5 4 4 0
49.014266263896 8.4169661813733 107.41152954102 -0.006199 0.014028 1.9682943267949 -0.0067752878135478 -0.0034505362657824 -0.0049112527781124 -0.0058043416310516 -0.012440227421432 -0.14941795800639 -0.060409340250724 9.8069237724268 -0.011671451524198 0.0006225316499948 9.8082409788439 0.00042356156058103 -0.00037075580673152 -0.00019441751132319 0.000420877112843 -0.0003719237672141 -0.00019805235501372 0.39326962760935 0.042426406871193 4 5 4 4 0
49.014265824457 8.416966205383 107.49980163574 -0.006273 0.014229 1.9614453267949 0.0023216064294318 -0.0064382769671209 0.0045985411124679 -0.0050689444980814 -0.016399416681293 -0.13563131746978 -0.06107684011184 9.8114027238387 0.004238004861911 0.00050141167720788 9.8125294402525 0.00014722857179016 -0.00039062879566739 0.0011034408942773 0.00016298943371052 -0.00038371238381978 0.0011036826333375 0.3898948576219 0.042426406871193 4 5 4 4 0
49.014266219999 8.4169659451665 107.43366241455 -0.00631 0.014107 1.9654143267949 -0.0041632791816458 -0.0084441735763512 -0.000598386180553 -0.0093956429815177 -0.013696839440256 -0.140377914263 -0.054533784469233 9.8057770151496 -0.00214912581776 0.0072445072935769 9.8069304206313 -0.00024505749548212 7.8250264904708e-05 0.00083751366982221 -0.00023324301400138 8.3528096669822e-05 0.0008403874736896 0.39187370414459 0.042426406871193 4 5 4 4 0
49.014265879578 8.4169659270632 107.47696685791 -0.0064 0.014147 1.9622803267949 -0.0048750507720447 -0.010305045773103 -0.00057669421077822 -0.011385503144187 -0.014020001926705 -0.13871299325945 -0.057801665069961 9.8095051685871 -7.9738627439498e-05 0.004857687561279 9.8106545163583 -0.00024222605737311 0.0003098654420943 0.0015675788652235 -0.00022010903961817 0.00031986779978526 0.0015688376266908 0.39047791230747 0.042426406871193 4 5 4 4 0
49.014266288723 8.4169662158683 107.40655517578 -0.006229 0.014057 1.9685683267949 -0.0066301290997049 -0.0028516993536306 -0.0050081652278118 -0.0051970400939838 -0.012485306665344 -0.14351042826319 -0.063016452192787 9.808549821907 -0.0056963947530081 -0.0019148153618238 9.8098004491046 -2.0992839816413e-05 2.4754636374613e-05 0.0010510121524506 -6.2128133424882e-06 3.1325228199979e-05 0.0010510233336221 0.39326962760935 0.042426406871193 4 5 4 4 0
49.014265874394 8.4169659547239 107.48279571533 -0.006399 0.014175 1.9615193267949 -0.0029143179267542 -0.009985911317554 0.0011068380455911 -0.010343434706073 -0.014694542704183 -0.14064102499743 -0.062586698714797 9.8096699677071 -0.0015011404169333 1.917725850601e-05 9.8108775369712 -0.0002987881056968 -0.00017114365211511 0.0026758377336258 -0.00026081346494823 -0.00015402080437167 0.0026808806729792 0.39047791230747 0.042426406871193 4 5 4 4 0
49.014265811681 8.4169660793782 107.49389648438 -0.006342 0.014178 1.9611603267949 -0.00124664902737 -0.0082439228830626 0.0019848327318923 -0.0080979470717281 -0.015257608223386 -0.1351667889459 -0.058291231278997 9.8035011053069 0.0039216853879047 0.0039263909476912 9.8046052052588 0.00018779514622898 -0.00014531592714146 0.00022352867847156 0.00019095517888277 -0.00014388973738547 0.00022175980554581 0.3898948576219 0.042426406871193 4 5 4 4 0
49.014266253102 8.4169661702642 107.41338348389 -0.006205 0.014017 1.9682193267949 -0.0066586959913423 -0.0035932712871569 -0.0047488909532479 -0.0058905049685431 -0.012457957928236 -0.14252448515146 -0.060250720591419 9.815401913689 -0.0048429594725524 0.00089602081333169 9.816620356457 0.00043131307137163 -0.00022569112208897 0.00026515404203337 0.00043504610142066 -0.00022401368352909 0.00026048508613883 0.39326962760935 0.042426406871193 4 5 4 4 0
49.014266172871 8.4169659386824 107.43944549561 -0.006292 0.014096 1.9651683267949 -0.0047187134040504 -0.0086154062060265 -0.0010482735280568 -0.0097668880694284 -0.013601001100338 -0.14196009212917 -0.06089548555172 9.8125046852952 -0.0035963072938492 0.0010249782662513 9.8137198317912 0.00022887903562363 -0.00021507110728497 0.0015608491521537 0.00025087372679548 -0.00020521200383397 0.0015588069534552 0.39187370414459 0.042426406871193 4 5 4 4 0
49.014265844123 8.4169660037362 107.48858642578 -0.006373 0.014212 1.9612483267949 -0.0020928366217744 -0.0092761919929697 0.001594806533172 -0.0093746662932043 -0.014872960664317 -0.13815487684301 -0.056989137520024 9.8059350745072 0.001116278910775 0.00551222372565 9.8070726591391 7.5367468913082e-05 0.00017024353091803 0.0012387792111948 9.2965960132049e-05 0.00017815160367249 0.0012365166565294 0.39047791230747 0.042426406871193 4 5 4 4 0
49.014266277823 8.4169659824035 107.42324066162 -0.006309 0.014125 1.9660723267949 -0.0035701918408977 -0.0074712162829737 -0.00041957271352257 -0.0082697726902424 -0.014073756130874 -0.14257316421339 -0.059073318233352 9.8103749464552 -0.004191042281015 0.0025979219094409 9.8115879454991 -0.00045790944488239 0.00031996118988658 0.00093044217178379 -0.00044469442393516 0.00032583009528438 0.00093480377861403 0.39187370414459 0.042426406871193 4 5 4 4 0
49.01426625501 8.4169660937374 107.41049957275 -0.006264 0.014066 1.9673583267949 -0.005078323229164 -0.005416099981023 -0.0025934255478188 -0.0069568837856089 -0.013976541409851 -0.13464032214107 -0.057688383622275 9.8090332433576 0.003386469614071 0.0036367781308071 9.8101256995954 -0.00024819813282842 -7.3062406941761e-05 0.00034857277484964 -0.00024327201988282 -7.0890539697105e-05 0.00035246614833846 0.39268562489605 0.042426406871193 4 5 4 4 0
49.014265852932 8.416965981384 107.48667907715 -0.006387 0.014212 1.9612733267949 -0.0027268470983067 -0.0097288336264791 0.0011814992661713 -0.010034450210733 -0.014890577190676 -0.13886301225895 -0.058827115430798 9.8044088504581 0.00038515121580185 0.0037023434240225 9.8055677196118 -0.00011138116485694 0.00017335352475787 -1.1201261809793e-05 -0.00011154935084333 0.00017329826136668 -1.0717039184285e-05 0.39047791230747 0.042426406871193 4 5 4 4 0
49.014266253835 8.4169661171102 107.41161346436 -0.006247 0.014078 1.9678663267949 -0.0057634649676436 -0.0045600515688847 -0.0035521992465088 -0.0064338037678678 -0.013384069199529 -0.1481471618789 -0.062970308813886 9.809366139785 -0.010198716843466 -0.0017523330212474 9.8106815002929 -9.2466029794909e-05 0.00026500081379736 0.00092618895739444 -7.9447267865283e-05 0.00027078348861406 0.0009257259729842 0.39268562489605 0.042426406871193 4 5 4 4 0
49.014265985177 8.4169659229655 107.46631622314 -0.00633 0.014065 1.9635073267949 -0.0055310169617314 -0.0099826558794931 -0.0012922773662798 -0.011339135481245 -0.013409828135382 -0.13677137094102 -0.058085611457944 9.809575281788 0.0013127876124354 0.0043953364440955 9.8106998599547 0.00061165642871759 -0.00023151098362155 0.00017889282255146 0.00061412864056779 -0.00023031282098648 0.0001717566091086 0.39047791230747 0.042426406871193 4 5 4 4 0
49.014266239774 8.4169661288461 107.41344451904 -0.006208 0.014059 1.9680613267949 -0.006158498370712 -0.0043667226240436 -0.0039899857784748 -0.0064090415084087 -0.013109192535011 -0.13974589658816 -0.056791009394161 9.8067427248938 -0.0018111563337659 0.0044133133278562 9.8079019568606 0.00059991095629514 -9.7227994598268e-05 0.00099738725762295 0.00061388801336761 -9.1022282243613e-05 0.00098944511723347 0.39268562489605 0.042426406871193 4 5 4 4 0
49.014265798265 8.4169661320936 107.49797821045 -0.006323 0.014211 1.9612903267949 -0.00066142956018714 -0.0076594621177943 0.0023040420053662 -0.0073345922325266 -0.015395413328209 -0.14454884051884 -0.064178221505098 9.8111015859336 -0.0052496723804884 -0.0020450224914581 9.8123745580878 0.00024587527398822 0.00026298537990386 0.0001722727358856 0.00024818952552083 0.00026407307488036 0.00016711549391477 0.3898948576219 0.042426406871193 4 5 4 4 0
49.014266256913 8.4169661126752 107.41076660156 -0.006238 0.014061 1.9676993267949 -0.0056661834763427 -0.0048100181223313 -0.0033666847869833 -0.0066262856538804 -0.013695885488386 -0.13830882594568 -0.057977510029007 9.8089084446676 -0.00044061975771461 0.0033303069962638 9.8100543894356 0.00022736013368215 6.6908373190814e-05 0.0003558468860643 0.00023234548816418 6.9132379742113e-05 0.00035221001181339 0.39268562489605 0.042426406871193 4 5 4 4 0
49.014266262866 8.416966053607 107.4114151001 -0.006286 0.014051 1.9670193267949 -0.004986482639375 -0.0058551466351303 -0.0023410628900148 -0.007325817681431 -0.014232541883002 -0.14308878817281 -0.061595371250219 9.8113101036715 -0.005005761996964 -9.808806300334e-05 9.8125455903151 -0.00031368788981329 -0.00040408729709164 0.00018228272073801 -0.00031106465119462 -0.00040293342278897 0.00018918856714447 0.39268562489605 0.042426406871193 4 5 4 4 0
49.014266279184 8.4169662024652 107.40912628174 -0.006211 0.014045 1.9684523267949 -0.0066944121979128 -0.0031580456230989 -0.0049492659181228 -0.0055039414083389 -0.01257657239998 -0.13660785780905 -0.058782274877532 9.8081698200015 0.0010484213968874 0.0023303584053919 9.8092972148952 0.00032645878344086 0.00011959726608905 0.00014994044677219 0.00032849459215622 0.00012058280596073 0.00014457966124317 0.39326962760935 0.042426406871193 4 5 4 4 0
49.014266262973 8.4169660231204 107.41998291016 -0.006304 0.01407 1.9664983267949 -0.0038502461541997 -0.0068897299179501 -0.00089917810873683 -0.0078412539265789 -0.014131471256904 -0.14264844213537 -0.057779129008791 9.8085750280434 -0.0043352614813296 0.0039900735714353 9.8097805949935 -0.00016092421342154 -0.0004590376325008 0.0013688029269557 -0.00014158928006905 -0.00045039742108037 0.0013738030746744 0.39187370414459 0.042426406871193 4 5 4 4 0
49.014266258761 8.4169660406198 107.41381072998 -0.00629 0.014072 1.9667823267949 -0.0048064823009601 -0.0061502063307094 -0.0020626146660565 -0.0075281857974155 -0.01411019498108 -0.13704840241379 -0.058392082681895 9.8052890920435 0.00099408103023824 0.0031350813497547 9.8064199401786 -0.00024556180256982 -0.00011535983695804 -1.3395045390257e-05 -0.00024576999382736 -0.0001154717302494 -9.2697848379018e-06 0.39268562489605 0.042426406871193 4 5 4 4 0
49.014265887203 8.4169659219943 107.47643280029 -0.006393 0.014111 1.9625293267949 -0.0052910986330112 -0.010168123775394 -0.0010099044432152 -0.011417878036234 -0.013883398010857 -0.1451945838839 -0.061495286651325 9.8055694255161 -0.0065735853404344 0.0011570220452255 9.8068345424817 -7.1950324805018e-05 -0.00044789795669096 0.00098749760113645 -5.7967830751769e-05 -0.00044154201946972 0.00099123607067959 0.39047791230747 0.042426406871193 4 5 4 4 0
49.014266256061 8.4169661057895 107.41011810303 -0.006237 0.014104 1.9675803267949 -0.0054465229498102 -0.0050602293246317 -0.003068673218368 -0.0067715935034586 -0.013966345317377 -0.14819537968092 -0.059027755984851 9.8039710706788 -0.01026670904006 0.0021848492731302 9.805263111211 0.00010612898380345 0.00061929380929613 0.00095767030217448 0.00011951533823614 0.00062523996801438 0.00095218804839944 0.39268562489605 0.042426406871193 4 5 4 4 0
49.014265952835 8.4169659074459 107.46968841553 -0.006381 0.014092 1.9630493267949 -0.0055676958567669 -0.010270518978479 -0.0012200848985111 -0.011618723682965 -0.013478457483597 -0.14969937833547 -0.059456617944239 9.8075011199536 -0.011317965455399 0.0030619564270673 9.8088166880022 -0.00014973871985971 -0.00036103404926771 -1.3198612040992e-06 -0.00014970252176962 -0.00036104510835734 3.1094045465621e-06 0.39047791230747 0.042426406871193 4 5 4 4 0
49.0142661272 8.4169659383911 107.4455947876 -0.006323 0.014125 1.9648113267949 -0.0051360053225452 -0.0088933379324228 -0.0013293518710005 -0.01018344159776 -0.013447589810248 -0.14265603893897 -0.056723541071512 9.8037447063655 -0.0044277067983855 0.0053295114374919 9.8049446943964 5.3518675805765e-05 0.00035077278205757 -0.00049669315900682 4.6448441449003e-05 0.00034766221196746 -0.00049959901511221 0.39187370414459 0.042426406871193 4 5 4 4 0
