49.010946272869 8.4232709525821 113.25550842285 0.028304 0.011117 1.6698123267949 5.6105284483294 -0.58480965786757 5.6409075665544 -0.017219124065522 -0.043100394048164 -1.0289152297257 0.043043747571038 9.6792324728785 -0.9228248115085 -0.23523614384377 9.6872282431117 -0.0074783256007357 0.0019378357325347 -0.031338217304221 -0.0078223049211143 0.0028355202688167 -0.031184056091333 1.3564018578578 0.10807404868885 4 2 0 0 0
49.010879782624 8.4232817805061 113.30407714844 0.030792 0.008475 1.6769303267949 6.3326997242043 -0.65122622148713 6.3660520327717 0.023742265883963 -0.033421146515865 -0.39684713093987 0.46852898331177 9.6905132852273 -0.31795013959327 0.17871329500708 9.7032811219516 0.015912667537259 0.0060204262462852 -0.0013793802458982 0.015902372853571 0.0060580008043491 -0.0013243920352439 1.2770003915426 0.10807404868885 4 2 0 0 0
49.010621392333 8.4233315092414 113.37618255615 0.041046 0.010518 1.7327093267949 6.124872154908 -0.98095561321015 6.2028772121333 0.026420261817884 -0.032523172637018 -1.8639561937269 0.26792344398857 9.8129112207587 -1.7534712668548 -0.12646985662954 9.8361070228163 0.015677392177477 -0.013625429414506 -0.019572577142446 0.01545257374953 -0.012825016753024 -0.0202807960144 1.074029794745 0.099764723224194 4 2 0 0 0
49.009984854996 8.423485916695 113.77551269531 0.023059 -0.000259 1.6965623267949 2.5745051234547 -0.21760225078104 2.5815619997842 0.10476651579174 -0.023392874223382 0.26778912790743 0.31116776246579 9.7764362643395 0.26601848432032 0.081375724961892 9.7810886533687 -0.0076625993140694 -0.0012016566312683 0.015831857795121 -0.0076655368591273 -0.0015730303552096 0.015798094230357 0.85323970840556 0.1188276062201 4 2 0 0 0
49.010807592701 8.4232936936727 113.34351348877 0.015028 0.000173 1.6867483267949 6.5006839036201 -0.79629500360095 6.5491845616102 -0.033700368155534 0.080602932058697 0.3305885282558 0.061605339873111 9.8322182997042 0.28990678738841 -0.099178724613648 9.8353586136288 -0.023682449846621 0.076605028121574 -0.015208231111287 -0.023630101700505 0.076842055207401 -0.014053667861305 1.2305202151936 0.099824846606444 4 2 0 0 0
49.010661502746 8.4233218701367 113.36679077148 0.049025 0.008527 1.7139913267949 4.9813905752888 -0.70885838703748 5.0315426495228 0.015906950550848 -0.0098124463467835 -1.2927257295349 0.42355377539687 9.5347940184894 -1.2147178235962 -0.043031353602674 9.5543685652089 0.0024239279401097 0.0051342972232017 -0.023171024532719 0.0022359698981507 0.0062613890977736 -0.022907974608147 1.1114931398799 0.098351410767716 4 2 0 0 0
49.010175614472 8.4234537504057 113.60589599609 0.046403 0.008843 1.7067213267949 8.1892592099366 -0.93607819235276 8.2407195539154 0.17572129240723 -0.05289188516367 0.4919084056307 0.65292600640564 9.578807459351 0.57139923797396 0.21435385654398 9.594308932293 0.011638199821142 0.010211561429926 0.013676999817879 0.011755575270206 0.0095754607327423 0.014036354492656 1.0628000752729 0.14288806808128 4 2 0 0 0
49.010843592042 8.4232875539193 113.3235168457 0.020875 0.006596 1.6807353267949 6.4672946844903 -0.70695017375684 6.5058088481328 0.010620020240521 -0.063628810168847 -0.070850849139317 0.24415857954582 9.9332945718295 0.0028456687573825 0.04222388993927 9.9365547205447 0.009866276205244 -0.014743478518285 -0.0097618193545365 0.0097917370550248 -0.01454150980004 -0.010134652163818 1.2770003915426 0.10807404868885 4 2 0 0 0
49.009947649291 8.4234880029254 113.95798492432 0.036875 0.002794 1.6875863267949 -0.056008694270083 0.081250303415081 -0.065091924251479 0.074172758134209 -0.039302651694292 -0.34455694252145 0.36485652545018 9.7755130568301 -0.31781405077379 0.0043080505317863 9.7832220374611 0.00019855438241606 0.0010630612318219 0.00069580162874501 0.00020054688307328 0.0010366922381968 0.00073396422476965 0.46812391521904 0.075927597090913 4 2 0 0 0
49.010001651072 8.4234834625455 113.75353240967 0.02013 -0.006477 1.7082803267949 3.3438725495997 -0.34174029864663 3.3593026285905 0.11567302290633 -0.01946757890352 2.0133372727124 0.18255007806927 9.8623995486411 1.9477513420265 -0.016802526921658 9.877245568356 -0.0012471875290429 0.0032676222304673 0.022312599447935 -0.001395817961151 0.0028164014994961 0.022363930827647 0.85323970840556 0.1188276062201 4 2 0 0 0
49.010476297762 8.4233708474521 113.41239929199 0.039359 0.013826 1.7367853267949 7.6482664520526 -1.2212590856451 7.7449920729702 0.050852931842567 -0.088182838801414 -0.34273807216454 0.4897899301717 9.7999602783472 -0.20358327161976 0.10606914114634 9.8154852150756 0.0039605870254754 -0.0054801854642471 0.019294614084233 0.0042309343063776 -0.0062304743320902 0.019007657231408 1.0175784982005 0.10423531071571 4 2 0 0 0
49.010082039765 8.4234689797956 113.68099212646 0.016521 0.000935 1.6980773267949 6.8222329827385 -0.73876740912142 6.8607180890611 0.13925940257276 -0.067170595681519 1.563776928239 -0.19617982017113 9.7858351594573 1.578302220974 -0.34996320650021 9.7792888750075 0.014478242244095 -0.010331361441026 -0.01560459461013 0.014451551907218 -0.010087272370004 -0.015778568008427 0.97719445352499 0.13140015220691 4 3 0 0 0
49.010102133802 8.4234657879728 113.66536712646 0.023127 0.007799 1.6958613267949 7.3076166976623 -0.7702366867252 7.3465779192705 0.14930007784452 -0.026967500671969 1.3937049670904 0.34187046722722 9.9780478673279 1.4525525183299 0.11728482858992 9.9749823645451 0.011067850521536 0.033007410661933 -0.0055146474388523 0.011041709426479 0.033121480902165 -0.004814992344503 0.97719445352499 0.13140015220691 4 3 0 0 0
49.010585304052 8.423341039299 113.37578582764 0.039773 0.003069 1.7375633267949 7.0150136798548 -1.1538096186689 7.1092103704608 0.028611337993272 0.010665351742038 -1.0573022758549 0.35402760070166 9.9506231471427 -1.0343463969361 -0.038177814379147 9.9592905032382 0.0067998117433054 0.013292517190165 -0.0053699248492407 0.0067882285523493 0.013494044814629 -0.0048553448027216 1.0525473861067 0.10347946656221 4 2 0 0 0
49.010919416086 8.4232754001971 113.2703704834 0.032499 0.006555 1.6772663267949 5.9782364364882 -0.64774673899495 6.0132199217371 -0.0087676971004576 -0.05267232675329 -0.61386421546769 0.55407973384975 9.7925734978053 -0.54753544618066 0.23112514563643 9.809450061586 -0.0079118021494054 -0.0036825295410195 0.00014163055679061 -0.0079112795477008 -0.0036853811803373 6.9067842918179e-05 1.3309594283824 0.11846096403457 4 2 0 0 0
49.009995647866 8.4234843995989 113.75789642334 0.020965 -0.006737 1.7040293267949 2.9895061033237 -0.28563527727178 3.0010653893304 0.1113117245965 -0.04055427459605 1.6169536247198 0.33233051999166 9.8727726791593 1.5569415489733 0.12443572660903 9.8873338815812 -0.0013982894753584 -0.011520804450705 0.016800510028408 -0.0014976904230951 -0.011871956435467 0.016545502128343 0.85323970840556 0.1188276062201 4 2 0 0 0
49.010763499814 8.4233019075705 113.30297088623 0.036861 -0.016927 1.6895973267949 5.1825499441105 -0.65160851300379 5.2232493000175 -0.03310513235488 0.027425601089761 1.8360106921765 0.48886930576048 9.8679057279928 1.6666279596722 0.098773968656363 9.9097976999355 -0.046750955027875 0.0034141269626166 0.0010807077030488 -0.046765022647533 0.0033682004234068 0.00041104229069597 1.1895936280932 0.095462034338265 4 2 0 0 0
49.009949068667 8.4234892756303 113.8864440918 0.036294 0.001605 1.6869693267949 0.070115228598764 0.083444386907779 0.059967665006351 0.091011172980727 -0.040322403472385 -0.60597388152435 0.34241152400076 9.7723524795424 -0.59109150040058 -0.012357105278695 9.7792598656941 0.00023534618845901 0.0013557760685033 -0.0006183230933761 0.00023442567548687 0.0013773662967644 -0.00056911182760162 0.57724864659867 0.089274856482663 4 2 0 0 0
49.010532121426 8.4233554778703 113.37091827393 0.035954 0.003194 1.7412723267949 7.4312914910091 -1.258502717621 7.5370742990775 0.020865617368945 -0.013188597691321 -0.34569980288575 0.26299942969919 10.003544055373 -0.30980069717431 -0.10382162908976 10.00772853909 -0.012447493169962 -0.0070241337291692 -0.00071881010546515 -0.012450598894781 -0.0069931599335945 -0.00093182047732539 1.0175784982005 0.10423531071571 4 2 0 0 0
49.010040126422 8.4234764963175 113.72547912598 0.019472 0.000697 1.7157673267949 5.4823329699613 -0.68290642711487 5.5233820222543 0.12034192998612 -0.062535860992884 2.2016049156988 0.52935873903582 9.6788586230973 2.2065152694064 0.3363300425878 9.6865711948709 -0.008060831816769 0.0029226473537432 -0.01331179770002 -0.0080691200921873 0.0031896954619229 -0.013244442105664 0.91241437954473 0.12539936203984 4 2 0 0 0
49.010214091617 8.4234421309491 113.57611846924 0.046766 0.011216 1.7116133267949 8.3347688689095 -1.0365763523338 8.3978201500614 0.139889840659 -0.080906845914804 -0.2253137176918 0.68270783091221 9.8072774253375 -0.11100373016417 0.21983778772443 9.8305388028286 -0.005848405356207 -0.0072299985970534 0.007270462543416 -0.0057666725501515 -0.0075651275797556 0.0069893794768143 1.1637684477593 0.15570806016388 4 2 0 0 0
49.010510741579 8.4233613614619 113.37718963623 0.039289 0.006313 1.7414463267949 7.530559375679 -1.2480228276782 7.6331361477524 0.045944523063134 -0.047780441891919 -0.44575418395232 0.47975709986406 9.8850379041385 -0.37441786034468 0.096506567655732 9.8992011554642 0.0096794382310423 -0.015487001308772 0.0075544570423272 0.0097286440836424 -0.015768439851065 0.006881361640896 1.0175784982005 0.10423531071571 4 2 0 0 0
49.010075754219 8.42347003103 113.68772888184 0.015104 0.002088 1.6996023267949 6.6589868562519 -0.75173009621102 6.7002127696737 0.11964404867902 -0.049012346412811 1.5744025445558 0.005366489235733 9.7280271034506 1.5963245361034 -0.14490341026834 9.7234339800542 -0.0059432381729684 -0.0034536932273414 -0.02609536239462 -0.0060020609864618 -0.0030502791617402 -0.026129905332347 0.97719445352499 0.13140015220691 4 3 0 0 0
49.010398081669 8.4233903307299 113.5079574585 0.030226 0.013291 1.7208043267949 7.6371772632747 -1.0933807588483 7.714790410234 0.063453914280835 -0.049655812137159 -0.25678823335965 0.1413716293313 9.6398772164931 -0.13325531359546 -0.13764112687119 9.6425196523398 0.022911560094963 0.0081978819383581 -0.0076461802449247 0.022815669716532 0.0084138379096598 -0.0077024895332593 1.0066742273447 0.11800423721206 4 2 0 0 0
49.009955996554 8.4234895893619 113.78909301758 0.032032 -0.012394 1.6847433267949 1.2338371497525 -0.04801270741537 1.2312888874673 0.092654077485652 -0.059424364004317 2.6522593666546 0.29933985401877 9.9317081965227 2.5424329055641 -0.023464486515637 9.9651677921269 -0.0080667673254097 -0.024112895289193 -0.00035273512715113 -0.008053976317917 -0.024088637720026 -0.0012275782679869 0.69903504919281 0.10191172650878 4 2 0 0 0
49.009998547429 8.423483952925 113.75513458252 0.020317 -0.00693 1.7060323267949 3.1572875984451 -0.31484073694695 3.1710378675709 0.11021729340619 -0.030542119955682 1.8355129550708 0.23147471599301 9.8918455722489 1.7687335508856 0.027153101171385 9.9067419259498 -0.0057440957295677 -0.002950066381092 0.020257633627229 -0.0058805392835061 -0.0033671312176483 0.020151446276607 0.85323970840556 0.1188276062201 4 2 0 0 0
49.010244999592 8.4234329992509 113.55453491211 0.034892 0.00715 1.7141913267949 8.2521812570566 -1.094214799566 8.3238903673792 0.093164920913643 -0.024415404056644 -0.31409867072626 0.3984601815848 9.9883670439811 -0.24358674839249 0.03754278935998 9.9982325900306 -0.020640900283693 0.0016738782901607 0.0059660869404938 -0.020597822546919 0.0014579081329293 0.0061611806537322 1.1637684477593 0.15570806016388 4 2 0 0 0
49.009959145292 8.4234892398199 113.78216552734 0.031237 -0.013631 1.6853683267949 1.7850259264982 -0.10402418961564 1.7852413140693 0.10028740677799 -0.033953059163726 2.7847963223761 0.31847003839112 9.8342950232051 2.6517040035737 0.0092685359023181 9.8761630782033 -0.0032579298757309 -0.0021633816667832 0.0047047110803238 -0.0033209255736904 -0.0023097713525817 0.0045891936541806 0.75274564097044 0.10683164325236 4 2 0 0 0
49.009947688656 8.4234878982758 113.96188354492 0.036876 0.002583 1.6874923267949 -0.021534455588521 0.077088131439623 -0.030365027520629 0.074056173155015 -0.039558749906478 -0.34513855156243 0.3407952534293 9.8216899475543 -0.31961043413738 -0.021078200941098 9.8284421136583 0.00086717809302964 -0.00029906464208228 -0.00031847360047223 0.00086631930168316 -0.00028712327739605 -0.00033156243230228 0.46812391521904 0.075927597090913 4 2 0 0 0
49.010867846814 8.4232836289232 113.31033325195 0.026195 0.007842 1.6772533267949 6.3991706294524 -0.66780250501048 6.433897400357 0.018179164114305 -0.016631071362883 -0.42463769963728 0.12009616633469 9.8514385161849 -0.35188039707391 -0.12855998570984 9.8541853110554 0.01691802356477 0.0078662815565349 -0.0062985718042445 0.016872605985001 0.0080225349579409 -0.006224583418407 1.2770003915426 0.10807404868885 4 2 0 0 0
49.009990110851 8.4234851845474 113.7666015625 0.021003 -0.003813 1.7002393267949 2.7196624771267 -0.24078546539453 2.7281140453178 0.10923531270988 -0.044471063054625 1.0139929332371 0.16113709673595 9.7465756378903 0.98455501647498 -0.048013859133803 9.7510620334855 -0.0079108480474467 -0.013757865779785 0.020525886762468 -0.0079745870795256 -0.014193311869281 0.020202779004219 0.85323970840556 0.1188276062201 4 2 0 0 0
49.010489875677 8.4233670935308 113.39658355713 0.039143 0.011507 1.7393483267949 7.6077644630093 -1.2526703112596 7.7101238583301 0.036776188736255 -0.085838105796999 -0.32487507822671 0.47229385013408 9.6452230131396 -0.20441780995093 0.092241995419859 9.6597220449462 -0.003923579526378 -0.016669897192656 0.010965224917431 -0.003793282161303 -0.017089281867189 0.010352989242712 1.0175784982005 0.10423531071571 4 2 0 0 0
49.010538702006 8.4233536382048 113.37191772461 0.036336 0.003328 1.7409743267949 7.4019245918915 -1.2446133297954 7.505780748811 0.028539520846723 0.003852922597627 -0.32308938136966 0.20506099604484 9.8560049278372 -0.28979171347829 -0.15209566899749 9.858019547154 0.0020109725846349 -0.00099535252854563 -0.0037720625095738 0.001998233673898 -0.00085803533259496 -0.0038130097788477 1.0525473861067 0.10347946656221 4 2 0 0 0
49.010666244852 8.4233207720873 113.36347198486 0.047538 0.008377 1.7119543267949 4.8508020524417 -0.68588683835779 4.8990442781999 0.0087086193531754 -0.02792421701986 -1.2476002548847 0.39601908752172 9.7775994180558 -1.1653681902185 -0.075747783014382 9.7954860166549 -0.01197450902525 -0.0012689582125463 -0.018751451257229 -0.012131829183891 -0.00036223945645543 -0.018687168277196 1.1114931398799 0.098351410767716 4 2 0 0 0
49.009992921875 8.4234848024373 113.76187896729 0.021062 -0.005589 1.7024213267949 2.8454578143953 -0.25444567255473 2.8543680078405 0.11816133724944 -0.041235304456285 1.3638383568126 0.26171918533371 9.8651366158793 1.3157931231009 0.053052387688546 9.8751931432534 -0.0013768064874482 -0.012436909490819 0.019680122706601 -0.0014709610960667 -0.012850015380557 0.019407759354254 0.85323970840556 0.1188276062201 4 2 0 0 0
49.010873557125 8.4232827467047 113.30778503418 0.028947 0.007895 1.6770183267949 6.3692282791401 -0.64915513397107 6.4021522547884 0.030714583418786 -0.026454133082282 -0.42762416157305 0.14048349392158 9.6934413533488 -0.35160937781271 -0.12622155033332 9.6967334656408 0.025313499404399 0.00087928502643393 -0.0025220522422922 0.025293422816505 0.00094527446645889 -0.0027025303673962 1.2770003915426 0.10807404868885 4 2 0 0 0
49.010707785667 8.4233122198752 113.32753753662 0.048678 0.007322 1.6992083267949 4.3918112278279 -0.56169291642662 4.4275743774922 0.0075294980677674 -0.053488749680869 -0.44859911308905 0.63893066797415 9.7373792857977 -0.36930552115594 0.15929146961925 9.7603484084846 -0.0090840377344646 -0.014581993747583 -0.0079237415185693 -0.0091533605478702 -0.014174943861424 -0.0085631003331417 1.1496195022702 0.094047860156412 4 2 0 0 0
49.010935648906 8.423272724628 113.26302337646 0.030173 0.010117 1.6758363267949 5.7882041610348 -0.62187756572441 5.821508115525 -0.0075531486262879 -0.012158064347324 -0.82823798320059 0.35343843403134 9.7732909999956 -0.73885355873525 0.057607942545943 9.7867354039795 -0.0012693814630289 0.016796657725441 -0.012601402456177 -0.0013866168689616 0.017168734911014 -0.012080369433358 1.3309594283824 0.11846096403457 4 2 0 0 0
49.010016805523 8.4234808620916 113.7453994751 0.01925 -0.004403 1.7167243267949 4.2827410717339 -0.52213074712174 4.3132509928911 0.10255085336846 -0.021038811333996 2.4089106035683 0.44486668787083 9.6803361218116 2.3603668337903 0.24648650610287 9.6994489676623 -0.021498307495944 0.010810040057163 0.015373496535735 -0.021578665488702 0.01048947326522 0.015491931388085 0.91241437954473 0.12539936203984 4 2 0 0 0
49.009977431367 8.4234869059171 113.78424835205 0.025073 0.000866 1.6922023267949 2.5607068579805 -0.20752229620914 2.5670631701078 0.102294723135 -0.026253537199102 -0.15944571447197 0.25518614934977 9.5407954465025 -0.15136649952268 0.010752287375976 9.5443320684234 -0.0095470313839507 0.00058689039771797 0.012581363433462 -0.0095358258174441 0.00026530102670267 0.012608140239289 0.75274564097044 0.10683164325236 4 2 0 0 0
49.010304293588 8.4234158393622 113.55865478516 0.02056 0.01395 1.7319163267949 7.983248984193 -1.2267827357819 8.0767456146075 0.060368555030749 -0.028289303709198 -0.55383010568169 0.27501542548404 9.2054549817653 -0.43481705530646 0.074196916304774 9.2160597671636 -0.021403759463622 0.017840591421955 0.019929605975083 -0.021142330238822 0.017399222502375 0.020607938548691 1.0409197855743 0.13063307391316 4 2 0 0 0
49.010849977654 8.4232865000076 113.31831359863 0.022758 0.005819 1.6794593267949 6.4669482427831 -0.70175832779397 6.5049078369096 0.0081319250301239 -0.048386074550505 -0.11380232545958 0.12779392927759 9.9136890706496 -0.051730627401214 -0.089699454616165 9.9145844947503 0.014550774506448 -0.0080221108513534 -0.011757973674827 0.014476472975331 -0.0077608650962906 -0.012019089689703 1.2770003915426 0.10807404868885 4 2 0 0 0
49.010679025985 8.4233179962731 113.35503387451 0.048292 0.008265 1.7062203267949 4.5948961247 -0.60845248023736 4.6349594973957 0.022322703681425 -0.03640007508482 -0.33840318165285 0.3737742321475 9.7477404854355 -0.25362127402003 -0.092555035885937 9.7571296412674 0.0087270967432041 -0.0083649358750749 -0.01790924390576 0.0085676489782579 -0.0074995701985561 -0.018364130037563 1.1114931398799 0.098351410767716 4 2 0 0 0
49.010727953007 8.4233084321438 113.29697418213 0.051928 -0.007603 1.6934923267949 4.4595094555081 -0.52158085776547 4.4897997935815 0.031178976030963 -0.045698508667153 0.71448580189027 0.55917069013427 10.040887682511 0.65796092625288 0.047647700646642 10.060352065902 0.018383779807601 -0.035690929275231 -0.010270949876554 0.018450336328051 -0.035122616451431 -0.011977011221087 1.1496195022702 0.094047860156412 4 2 0 0 0
49.009987544696 8.4234855454806 113.77077484131 0.02194 -0.002264 1.6982213267949 2.644867661219 -0.23257156183934 2.6530711433529 0.10317045486709 -0.046491205739341 0.63693227037656 0.23340487423987 9.6326482182756 0.6249176342693 0.01594874052472 9.6362137481325 -0.011111071190437 -0.017849702716665 0.015729873690105 -0.011129716035645 -0.018200298703952 0.01531069949263 0.85323970840556 0.1188276062201 4 2 0 0 0
49.010773287864 8.4233000734303 113.31354522705 0.030618 -0.016681 1.6896723267949 5.5307523730165 -0.67282738880502 5.571513470389 -0.012426322046867 0.057020316165824 1.9874031723488 0.21129546778635 9.7761737429797 1.8233419285505 -0.10272120913241 9.8098631390927 -0.026013729832069 0.0013203790606082 0.00088321699902684 -0.026025519163544 0.0012920282646092 0.0004890661583625 1.1895936280932 0.095462034338265 4 2 0 0 0
49.009947520729 8.4234883374169 113.94508361816 0.036782 0.002142 1.6875133267949 -0.051736031891079 0.084075598230903 -0.061173310628084 0.077479860610904 -0.0408803467558 -0.07362238818218 0.33538895672649 9.799154223098 -0.052952240290515 -0.025082876175639 9.8049894460742 0.00024074263990958 0.00059111459259494 0.00036565573232828 0.00024154275110884 0.00057729822923151 0.00038667416891555 0.46812391521904 0.075927597090913 4 2 0 0 0
49.010497309156 8.4233650482036 113.38687133789 0.037511 0.009083 1.7401843267949 7.5809867715544 -1.2608194359121 7.685054600459 0.031697662812092 -0.084871528827797 -0.32476206016153 0.37770587907651 9.9377680725701 -0.22311292428722 -0.0029053644114053 9.9478695787536 -0.01361736098719 -0.020008573673471 0.0088087704856145 -0.013533103304768 -0.020331821297396 0.008170420066806 1.0175784982005 0.10423531071571 4 2 0 0 0
49.010647439618 8.4233251233268 113.36352539062 0.044557 0.004926 1.7203753267949 5.3439903618838 -0.77753499884399 5.4001700402883 0.033856131866957 0.01057436667063 -1.2133490129955 0.1298025889648 10.028488142105 -1.1653781929514 -0.3087800110619 10.030274965641 0.014610127889058 0.0016601662384575 -0.020468323557492 0.014512223892906 0.0025532505604621 -0.020442446972429 1.074029794745 0.099764723224194 4 2 0 0 0
49.010592034165 8.4233392275847 113.38047790527 0.041037 0.006121 1.7370923267949 6.8907703388216 -1.1259539614073 6.982081559035 0.032183909963986 0.039739464552051 -1.2688043370927 0.35130848700231 9.9854538107425 -1.2227567497004 -0.05227302626634 9.9974068024378 0.01138230225828 0.026382164994838 -0.0060350542487685 0.011358065779373 0.026604965582296 -0.0050163911599841 1.0525473861067 0.10347946656221 4 2 0 0 0
49.010045888327 8.4234753486556 113.71946716309 0.014999 0.001537 1.7131063267949 5.7147027966952 -0.73884194607547 5.7616064976632 0.086101176554239 -0.057238199603773 2.1167861466675 0.24509043558941 9.5240854286213 2.1286066432122 0.08353266181497 9.5246202378229 -0.033428571337255 0.0043628609024717 -0.021748396853523 -0.033456839917245 0.0047261205884602 -0.021620056860972 0.91241437954473 0.12539936203984 4 2 0 0 0
49.010862080569 8.4232845428256 113.3120803833 0.024148 0.007181 1.6777683267949 6.4283240530484 -0.68024387255852 6.4642047861516 0.012801276199191 -0.021966294479939 -0.27617971584199 0.093310010760164 9.8362559764179 -0.21161571546198 -0.13960478417699 9.8372549454174 0.0082970735882414 0.010639633475601 -0.0078796820382027 0.0082468426782349 0.010823099533967 -0.0076791336569771 1.2770003915426 0.10807404868885 4 2 0 0 0
49.009949017904 8.4234894181212 113.87789916992 0.036309 0.001078 1.6869813267949 -0.070236412804089 0.10008873487288 -0.08136620695186 0.091271264246479 -0.042627524035559 0.156279435564 0.3452012016196 9.8118728446309 0.16951280567995 -0.011132818216245 9.8177917732254 0.0002558390718133 -0.0048424899412098 4.2271615661466e-05 0.00025568977318695 -0.0048408030152152 -0.0001337721388328 0.57724864659867 0.089274856482663 4 2 0 0 0
49.009947315959 8.4234889466211 113.92183685303 0.036783 0.001318 1.6874433267949 -0.030628338866059 0.088590446241997 -0.040730167800529 0.084423983854198 -0.049790648521608 0.24882131551528 0.33707946407007 9.7956259334761 0.26500813859408 -0.023306262651591 9.8009930563588 0.00018821450998448 -0.0059061821584665 0.00036336834948839 0.00018842929345985 -0.0059155317962797 0.00014549665677217 0.46812391521904 0.075927597090913 4 2 0 0 0
49.010267657652 8.4234262752427 113.54934692383 0.029677 0.00211 1.7188263267949 8.1524633302695 -1.118121376367 8.2283143510295 0.088293439807864 -0.026124219855332 -0.33837125045841 0.43532171992074 9.8798405079265 -0.30849695932997 0.13291369516702 9.8895039566635 -0.015778011614041 -0.015780631900967 0.017777504757923 -0.01572695024124 -0.01631580746289 0.017333178951267 1.0409197855743 0.13063307391316 4 2 0 0 0
49.01089105075 8.4232799530023 113.29555511475 0.029411 0.009892 1.6765983267949 6.2566853813252 -0.66635065406078 6.2920682468934 -0.0020684396340424 -0.041407732992861 -0.53778412085021 0.18839225012768 9.8136342528535 -0.44436175764678 -0.10514970656716 9.8196495587023 -0.0087331125931367 0.0067090849975127 0.00036079487893485 -0.0087265132328771 0.0066963948946947 0.00064702633999064 1.2770003915426 0.10807404868885 4 2 0 0 0
49.009949091154 8.423490193973 113.84471130371 0.036228 -0.000209 1.6867653267949 0.089344847836586 0.087439645625218 0.07862781027729 0.097189429430266 -0.040652136328692 0.33042535806411 0.36918923296116 9.8126266848132 0.32791742429814 0.013334064532883 9.8196448416738 -0.00028827802527915 0.00080116376833656 0.00013933678768924 -0.00028832793489917 0.00079559458371863 0.00016819503811429 0.63460617708938 0.095587656106843 4 2 0 0 0
49.010440653437 8.4233800684139 113.45874786377 0.040891 0.014666 1.7260523267949 7.6761498346929 -1.1328033461489 7.7590667170191 0.059346068430184 -0.092835449764246 -0.030899514887665 0.55956189590446 9.772608860887 0.11381365342752 0.16234048164504 9.7866752720409 0.0049130730311634 -0.0013794785815048 0.019268552857319 0.0051964362579217 -0.002161532677133 0.01912081873565 1.0245818659336 0.11340634902861 4 2 0 0 0
49.01057270194 8.4233444487889 113.3748550415 0.038986 0.001899 1.7384623267949 7.1910231390692 -1.1822032826008 7.2874638935649 0.036185318421171 0.00104540830579 -0.70800415821788 0.33240409583448 9.7223668306667 -0.68375291879653 -0.038347436523635 9.7297446225916 0.015352693971036 -0.010590666590078 -0.0038229918030496 0.015342104252256 -0.010437200441237 -0.0042559376456313 1.0525473861067 0.10347946656221 4 2 0 0 0
49.010341022158 8.4234053779791 113.53261566162 0.019068 0.007693 1.7295093267949 7.8371546865124 -1.194722256584 7.9274325381901 0.065887439679202 0.0013490749290766 -0.38018436638349 -0.14969773019748 10.047950490062 -0.31250043924921 -0.33449001692123 10.04589009266 0.012106567667826 0.016273339228971 -0.015888348162551 0.012002078791809 0.016562569885001 -0.015667394039472 1.0066742273447 0.11800423721206 4 2 0 0 0
49.009952081628 8.4234899592317 113.81819152832 0.035273 -0.000414 1.6854803267949 0.44262131128701 0.046706362960358 0.43436309122999 0.09707377380462 -0.042426646114043 0.40572841052399 0.32848725230646 9.7814976082503 0.4021348547519 -0.018387088350117 9.7871474138747 -0.0029281162772693 -0.00096392058481245 -0.0011069088624836 -0.0029276861904753 -0.00092395297319618 -0.0011414279767973 0.69903504919281 0.10191172650878 4 2 0 0 0
49.010035170151 8.4234774397101 113.73208618164 0.019651 0.000499 1.7172133267949 5.2640967549285 -0.6361806706058 5.3005347413139 0.14061384718712 -0.044632694164963 2.2628797830027 -0.12465362203979 9.432000793727 2.263245968056 -0.30217468444639 9.4276611520881 0.014376054332497 0.0072837073239816 -0.0067497473201541 0.014372324092458 0.0074123919651982 -0.0066200506801202 0.91241437954473 0.12539936203984 4 2 0 0 0
49.010632344528 8.4233287355201 113.36814117432 0.04331 0.006276 1.7272983267949 5.7547842250438 -0.89606473057367 5.8240970488123 0.019941979304292 -0.044077753677725 -1.8212723437205 0.36059542983494 9.7051952905087 -1.7499374332862 -0.057580039431661 9.7249110773119 0.00458582759181 -0.019748331121955 -0.02316688495659 0.0044084618291981 -0.018732607032249 -0.024036600587261 1.074029794745 0.099764723224194 4 2 0 0 0
49.010383725978 8.4233939730164 113.51628875732 0.027072 0.011289 1.7227723267949 7.6676290070086 -1.1213328650782 7.7489752051349 0.05751618066674 -0.034348485854832 -0.29999045137459 0.20781939374768 9.8738683409283 -0.19423551975785 -0.049761835534926 9.8785918277984 0.017725092888714 0.009891114816987 -0.011923127222822 0.017598562219688 0.010199907338973 -0.011848482440761 1.0066742273447 0.11800423721206 4 2 0 0 0
49.010951220802 8.4232701535863 113.25001525879 0.028104 0.011241 1.6659133267949 5.5173791679091 -0.55332752523899 5.5450510354034 -0.014705769274296 -0.052851888714398 -1.1018654191605 0.04000954569212 9.7084300360462 -0.99306157585095 -0.23498331591468 9.7174250172743 -0.0034080067093044 -0.00042927252489464 -0.03810721564952 -0.003835430803394 0.00064889646821982 -0.038062900588743 1.3564018578578 0.10807404868885 4 2 0 0 0
49.010088397287 8.4234679714651 113.67447662354 0.018926 0.001844 1.6971993267949 6.9877205199093 -0.73239658769224 7.0242280502456 0.15808537944327 -0.064306295874033 1.6105360080196 -0.061934718080566 9.8060238657509 1.624075604698 -0.23468751184328 9.8012411378561 0.023047662101408 0.0077661672405148 -0.0096115502237583 0.023034152790781 0.0079300100636976 -0.0094909995297544 0.97719445352499 0.13140015220691 4 3 0 0 0
49.010825628501 8.4232905477292 113.34800720215 0.015899 0.012222 1.6836713267949 6.4830666972535 -0.73427408073769 6.5245176362077 0.0043079831761127 -0.046022642570643 -0.17844737913627 -0.083009092701051 9.2931860486378 -0.066810407608146 -0.2275215522368 9.2924607829139 0.0064456603322562 0.0031237572274109 -0.0099518733824713 0.0063261452593983 0.0032781663786895 -0.0099825920187805 1.2305202151936 0.099824846606444 4 2 0 0 0
49.009949220296 8.4234902647922 113.84122467041 0.036101 -0.000137 1.6866473267949 0.1215792433713 0.083186201268784 0.11114287137987 0.096688036010662 -0.041087747334423 0.32102207299145 0.33824079984529 9.789911295454 0.31942100023481 -0.016160046489506 9.7957948715151 -0.0014082254094979 0.00038481523104194 -0.001045124036214 -0.0014081045133617 0.00042236272374125 -0.0010307102782607 0.63460617708938 0.095587656106843 4 2 0 0 0
49.010252329417 8.4234307899207 113.55347442627 0.033124 0.006147 1.7151963267949 8.2209235293248 -1.0975902234828 8.2933605028178 0.092087720178377 -0.026140317646465 -0.41524069679485 0.37128896226833 9.7143590677845 -0.34981539003133 0.039365471819116 9.7239242469336 -0.017337395102778 -0.010111980479107 0.0099072992521996 -0.017273503327916 -0.010441756422686 0.0096809646881084 1.1637684477593 0.15570806016388 4 2 0 0 0
49.009947914549 8.4234892849893 113.90030670166 0.036555 0.000768 1.6871513267949 0.1519000958515 0.070211747104398 0.14271408284329 0.087383567478396 -0.041174846086074 0.25837570735206 0.34339582438579 9.8096991346924 0.26631937224597 -0.016065399748215 9.815482943337 -0.0011631360710261 -0.00091562148747971 -0.0015726573810995 -0.0011644206995951 -0.00085748792891171 -0.0016041927589868 0.53265842713694 0.085146931829632 4 2 0 0 0
49.009975116039 8.4234872024729 113.7869720459 0.026017 0.001134 1.6909463267949 2.5750279169293 -0.21188597883523 2.5819220523933 0.096649627634866 0.0064576027523311 -0.17351998626722 0.22173711778195 9.4404439277389 -0.17259281134599 -0.0317584148118 9.4431370800349 -0.014399307817512 0.018149784047197 0.010706483547426 -0.014396025873489 0.017857124375888 0.011204425517306 0.75274564097044 0.10683164325236 4 2 0 0 0
49.010347947647 8.4234033204454 113.53440093994 0.021292 0.010069 1.7281563267949 7.8108597145019 -1.1696028815515 7.8975954428433 0.07489544276431 0.0080997462750267 -0.43742968980832 -0.012549097126361 9.6969486430661 -0.35224692657158 -0.20812252607968 9.6983343487176 0.019854235997068 0.02188577523436 -0.01403423504991 0.019735701212969 0.022163083237794 -0.013764400333457 1.0066742273447 0.11800423721206 4 2 0 0 0
49.010795973372 8.4232958540387 113.32592010498 0.019532 -0.014812 1.6893713267949 6.3111002237811 -0.75573320594638 6.3561874236556 -0.0029579134195558 0.070503206493295 1.8732231273678 0.11544075696619 10.331517025083 1.7008505273304 -0.09023140383144 10.361727127892 -0.006916824722117 0.032447448976767 -0.0030591618396439 -0.0068767086546048 0.032501703915845 -0.0025442186751648 1.2305202151936 0.099824846606444 4 2 0 0 0
49.010290005048 8.423420125351 113.55791473389 0.025634 0.008363 1.7274973267949 8.0586135481099 -1.172371907623 8.1429971787062 0.086731175037991 0.030097981675811 -0.37449808303905 0.5325923146385 9.6702125586616 -0.31428156302128 0.27882479876444 9.683082628601 -0.010176522859622 0.037956361771621 0.02672936190888 -0.01000220399534 0.03724322205969 0.027774612414748 1.0409197855743 0.13063307391316 4 2 0 0 0
49.010703883901 8.4233129864883 113.33293151855 0.049782 0.008821 1.7001123267949 4.4291850042735 -0.55457266734899 4.4637103967581 0.023005833829545 -0.044419662973315 -0.4809199098485 0.48333826274291 9.7097265803457 -0.39114766398463 0.0038839964982037 9.7257913070826 0.0079523586969415 -0.0075983646291653 -0.0065834869601696 0.007887921477825 -0.0072644222420099 -0.0070256306985873 1.1496195022702 0.094047860156412 4 2 0 0 0
49.010455074883 8.4233763406765 113.43970489502 0.040478 0.014923 1.7305043267949 7.6799418809504 -1.1796432767468 7.7698769512416 0.047470720700181 -0.092004348815501 -0.17479302658586 0.66472921294222 9.7390172936476 -0.029908817289187 0.26762446055134 9.7595270040129 -0.0045353761034305 0.0021785725956596 0.020864181481849 -0.0042241019392369 0.0013272450910273 0.021001916700584 1.0245818659336 0.11340634902861 4 2 0 0 0
49.01041929092 8.4233853108601 113.48610687256 0.038336 0.014666 1.7208383267949 7.656360346537 -1.0865235376703 7.7327723474797 0.068125608741169 -0.073865845393273 -0.041469051874805 0.54972610144191 9.7067342378637 0.097708404350946 0.18887520812408 9.7202484107433 0.020928220422635 0.0062453022608051 0.0043977796983451 0.020993100361771 0.006073862305735 0.0043295241604492 1.0245818659336 0.11340634902861 4 2 0 0 0
49.010369991765 8.4233974511018 113.52376556396 0.023743 0.009501 1.7248993267949 7.70955221819 -1.1466211846326 7.7941609067221 0.054665780228793 -0.054135995195112 -0.34692755268551 0.14244947035343 9.8287141149505 -0.24973854436107 -0.087397223364031 9.8323391450931 0.0067519440939482 -0.0071205007345859 -0.0096937166784022 0.0066543672711829 -0.0068917266070302 -0.009923785265135 1.0066742273447 0.11800423721206 4 2 0 0 0
49.01090811896 8.4232772490829 113.28232574463 0.032705 0.008365 1.6771263267949 6.0984675590418 -0.62767871630067 6.1306417119439 0.022797899175267 -0.053000126131094 -0.6810844964044 0.31343988195182 9.6530891357685 -0.59236166988227 0.0079676840078948 9.6641342431006 0.018938556140419 -0.014391194016002 0.0013661369190701 0.018945020101702 -0.01442833475936 0.00073007676694329 1.3309594283824 0.11846096403457 4 2 0 0 0
49.010160885855 8.4234562833354 113.61695098877 0.043472 0.008045 1.7039313267949 8.0866526988292 -0.88867500170795 8.1332120514889 0.18592606988603 -0.032781012071787 0.41689491646712 0.44637335830375 9.6011481756633 0.48793151522973 0.044256210684619 9.6080889241112 0.028317098782562 0.011857296642635 0.0142300490451 0.028425019858089 0.011252151127945 0.014492833406249 1.0628000752729 0.14288806808128 4 2 0 0 0
49.010412404367 8.4233869186719 113.49345397949 0.036188 0.014057 1.7202723267949 7.6469253633543 -1.0746737762457 7.7216982233148 0.076033130783811 -0.073075192817847 -0.015543103256576 0.36048000462438 9.7938240108802 0.11987914335692 0.020322652348161 9.7998748480086 0.026327390976296 0.0042972432647364 -7.0033889696907e-05 0.026326616211773 0.0042921180206901 -0.00028404766765187 1.0245818659336 0.11340634902861 4 2 0 0 0
49.010552560629 8.4233498230926 113.37339782715 0.037793 0.003772 1.7398983267949 7.3340076846283 -1.2225693694378 7.4351448667301 0.031033673159337 0.0077520483833269 -0.34524945156192 0.43326536161827 9.7997017456091 -0.31083467328439 0.064353870321782 9.8102596331288 0.0031650115482245 0.0044101655672528 -0.0045954089872678 0.003149600881384 0.0045797239438976 -0.0044352135507248 1.0525473861067 0.10347946656221 4 2 0 0 0
49.010961300503 8.4232686114939 113.23765563965 0.025527 0.010288 1.6537283267949 5.3027610030783 -0.49119463542253 5.3253945561985 -0.03066742681052 -0.055393620936618 -1.1315974342667 -0.07398951267834 9.8757328527558 -1.0285737141375 -0.33399936247063 9.8817286658738 -0.01353356186435 -0.0042405447355906 -0.063972305607948 -0.014199182175091 -0.0025613612301753 -0.063919109161952 1.3564018578578 0.10807404868885 4 2 0 0 0
49.010719714396 8.4233099020082 113.30944824219 0.04684 0.000416 1.6960923267949 4.3275549519286 -0.52370973699214 4.3590720219526 0.023613874649125 -0.069236364842563 0.25630168536471 0.26283657090639 9.6517706277979 0.27611777587674 -0.18398067775502 9.6534844996827 0.0099788246177804 -0.029160542173028 -0.0083886022211421 0.0099584081526989 -0.028741535386408 -0.0097347995613781 1.1496195022702 0.094047860156412 4 2 0 0 0
49.009947448309 8.423489204725 113.90952301025 0.036925 0.000982 1.6873593267949 0.062649549704466 0.079098883708847 0.053022336733698 0.08584966491686 -0.041466142746326 0.28413704678281 0.3678035233052 9.8052292696179 0.29361176794364 0.0054641229339983 9.8118448937495 -0.00012825439768131 0.00021188351332907 -0.00058361792724056 -0.00012880833867364 0.00023325744344959 -0.0005752946021424 0.53265842713694 0.085146931829632 4 2 0 0 0
49.010627231325 8.4233300320037 113.37255859375 0.043041 0.008237 1.7296733267949 5.9308412519212 -0.93401142902914 6.0038900349494 0.025264337818196 -0.03438103054426 -1.905487941794 0.28160036268841 9.6984977017383 -1.8147398588471 -0.12643139767246 9.719156885919 0.017568823212179 -0.020505407529337 -0.025690897486546 0.01732337351554 -0.019403729523864 -0.026695799557442 1.074029794745 0.099764723224194 4 2 0 0 0
49.010069100782 8.4234711778726 113.69276428223 0.016018 0.002248 1.7024783267949 6.4815483762157 -0.73498503629772 6.5217492329887 0.13237871370971 -0.051108337155583 1.6381764687413 0.14709225927877 9.9080196019304 1.656568112008 -0.0054748491357353 9.9062046023516 0.011072137586141 0.0064281582130628 -0.027446677053292 0.01102106580278 0.0068502850937798 -0.027365517045998 0.97719445352499 0.13140015220691 4 3 0 0 0
49.009948118425 8.4234892974251 113.89749908447 0.036435 0.000695 1.6871603267949 0.17842556487171 0.0677560353803 0.16934957245493 0.088018206601464 -0.041539212102731 0.24842962685954 0.34577668998064 9.7932962393431 0.2558525698862 -0.01205890748971 9.799200213966 -0.0014301135612641 -0.0012314124933135 -0.00053422194172896 -0.0014305569480598 -0.0012111208256576 -0.00057771381810805 0.53265842713694 0.085146931829632 4 2 0 0 0
49.010020940391 8.4234800671287 113.74312591553 0.017025 -0.003892 1.7176793267949 4.5226661947667 -0.56726249363669 4.5570498087445 0.098276292867561 -0.02285916461342 2.5373755388511 0.19182640586392 9.7460416954883 2.4948220481622 0.014249665889932 9.7590408255289 -0.020909488108568 0.008367694377672 0.010025632919286 -0.020955211598081 0.0081793357095047 0.010085242578412 0.91241437954473 0.12539936203984 4 2 0 0 0
49.009951653024 8.4234900333809 113.82039642334 0.035585 -0.000398 1.6855903267949 0.40590012923816 0.051417750191557 0.39732808304217 0.097614145707618 -0.041078217972093 0.34759071111699 0.34623136238947 9.7952263459745 0.34414595405732 -0.003221637373608 9.8014646210922 -0.0011801944322111 -0.00097914322400578 -0.0020177519404829 -0.0011794900717562 -0.00090656163741094 -0.0020516990246936 0.69903504919281 0.10191172650878 4 2 0 0 0
49.009947341899 8.4234888151335 113.92736816406 0.036692 0.002048 1.6873833267949 -0.051991578225899 0.089273918333915 -0.062028924109141 0.082615714573114 -0.044578133086057 0.053573427816051 0.34177001099763 9.7368849941031 0.073837624924828 -0.015952126189716 9.7427387094003 -0.00049638657521045 -0.0006186801185179 -0.0011417674332044 -0.00049872865918194 -0.0005763573306379 -0.0011627278765365 0.46812391521904 0.075927597090913 4 2 0 0 0
49.010063217438 8.4234721870787 113.69784545898 0.014739 0.001522 1.7051763267949 6.3110000591198 -0.72971249226963 6.3516967531044 0.13182998936987 -0.056265986138608 1.7099292942167 -0.18982920148596 9.8813146436405 1.7210358614187 -0.33136331916311 9.8756499177273 0.0072655224629791 0.0064739473416298 -0.026734831080529 0.0072358693673136 0.0068557613197248 -0.026647109667606 0.97719445352499 0.13140015220691 4 2 0 0 0
49.009948376518 8.4234892828192 113.89482879639 0.036358 0.000693 1.6871403267949 0.20163055961891 0.066031174707728 0.19260190451471 0.08899129329802 -0.041020510055895 0.11763590679864 0.33638034941349 9.8211391146447 0.12447741931684 -0.02136586973964 9.8267900114537 -0.00080052355078563 -0.00020145356268044 -0.0001369552544133 -0.00080064660515074 -0.00019629300679696 -0.00014370594297289 0.53265842713694 0.085146931829632 4 2 0 0 0
49.010183770973 8.4234523130125 113.59749603271 0.047525 0.009135 1.7079813267949 8.2491137331634 -0.95551844554695 8.302410879421 0.17583119116247 -0.071641171665977 0.47815979275351 0.55818747321459 9.8873790158407 0.56631939484804 0.093843721899654 9.8980613540173 0.010886336651619 0.0046797529423833 0.012089393650459 0.010995172914043 0.0041080236977122 0.0121980954813 1.0628000752729 0.14288806808128 4 2 0 0 0
49.010789730236 8.4232969851803 113.31833648682 0.019558 -0.018397 1.6896093267949 6.11182960087 -0.75418264053027 6.1581389542282 -0.024206941140713 0.012242638967122 2.050634082859 -0.0013794509609197 10.089676155978 1.8673160341872 -0.21825216825397 10.123203831064 -0.035318417961128 -0.0048117529487823 -0.00043755245470641 -0.035302880384972 -0.0047996072531406 -0.0011850965697708 1.2305202151936 0.099824846606444 4 2 0 0 0
49.009982409066 8.4234862489322 113.77716827393 0.023872 -0.00022 1.6949123267949 2.5591230857204 -0.21051544061743 2.5655838685547 0.10583365590132 -0.029049548491 0.07835276168183 0.21640320359177 9.948026480079 0.076980657777879 -0.025262931441582 9.9503812519513 -0.0073769925601195 -0.0012468701150499 0.014483007234905 -0.0073792024884819 -0.0015978093903428 0.014446645614131 0.85323970840556 0.1188276062201 4 2 0 0 0
49.010674537142 8.4233189333505 113.35900115967 0.047288 0.009262 1.7082653267949 4.642263788876 -0.63069434705151 4.6848901523037 0.016323390513281 -0.02435012681441 -0.75747994775731 0.26805717428443 9.6946663078785 -0.66887778906386 -0.19011121128241 9.7029752251585 0.00099200994784873 0.0014647435971556 -0.018315433294681 0.00082548023308979 0.0023282973252722 -0.018235039716522 1.1114931398799 0.098351410767716 4 2 0 0 0
49.009954860912 8.4234897063714 113.79431152344 0.032847 -0.010037 1.6848943267949 0.99065558216459 -0.020247780202109 0.98651468214306 0.092711558031504 -0.07410017190152 2.3749724912008 0.35083301633709 9.8977781961195 2.2945205989747 0.020759806116472 9.9234111520266 -0.0085744355753244 -0.034326598283148 0.00025134733438768 -0.0085675343815696 -0.034315750398629 -0.00096407137274642 0.69903504919281 0.10191172650878 4 2 0 0 0
49.009949632088 8.4234903197307 113.83456420898 0.03605 -0.000347 1.6865453267949 0.19352723739528 0.078430572908657 0.18317010976215 0.10026346615264 -0.042075596777683 0.35817032104197 0.33763399076376 9.8200486760841 0.35503316715598 -0.016655984169879 9.8259520806387 -0.00011055404841533 -0.00063520797430649 -0.00074644609718973 -0.00011030921617729 -0.00060785750620165 -0.00076888538495701 0.63460617708938 0.095587656106843 4 2 0 0 0
49.010108836953 8.4234647136964 113.66156768799 0.024424 0.00924 1.6959583267949 7.451201994722 -0.7856370112356 7.4909884404587 0.15073621475745 -0.043070303720583 1.3875956950771 0.14044771920019 9.4360179822385 1.4664535693901 -0.081687386099266 9.4247054792078 0.015323633993097 0.014720096199835 -0.00043866646496185 0.015325561698124 0.014724771439842 -0.0002285439163185 0.97719445352499 0.13140015220691 4 3 0 0 0
49.009947690751 8.4234877923254 113.96620178223 0.03675 0.002585 1.6875123267949 0.0076507953642865 0.071326990120749 -0.00070898992409356 0.071733133777404 -0.040769818797217 -0.25446017963754 0.31979474006107 9.8307455764304 -0.22919845801754 -0.041745526264201 9.8364801278587 -0.00018339052262017 0.00024139725956051 -0.00038168052041667 -0.00018435834496116 0.00025527259287611 -0.00037214290637398 0.41794856142832 0.071589105316382 4 2 0 0 0
49.010012539296 8.4234816523876 113.74765014648 0.022009 -0.00575 1.7149733267949 4.0259570189271 -0.4561723800632 4.0498923294684 0.12211435142633 -0.018660214852558 2.540870342393 0.50363933064179 9.7788259978787 2.4795782162737 0.28835525621953 9.8033100623056 0.0002211799595797 0.00926885341033 0.022041004125248 8.196633100321e-05 0.0087818165890362 0.022246824376865 0.91241437954473 0.12539936203984 4 2 0 0 0
49.010814005456 8.4232925462095 113.35181427002 0.01408 0.008584 1.6856103267949 6.5096645043846 -0.7672563591352 6.5547210909657 -0.012616320641201 0.073374520722746 -0.14944362130209 -0.22395914855786 9.5719291967012 -0.10762128987461 -0.36382684738474 9.5695901838972 -0.0091864411814433 0.072938495103442 -0.011347034967022 -0.0092242038417826 0.073097766357647 -0.010270404819896 1.2305202151936 0.099824846606444 4 2 0 0 0
49.010731974498 8.4233076852936 113.29653930664 0.050929 -0.009428 1.6920943267949 4.5203782094227 -0.54984171636059 4.5536833790384 0.004646268962824 -0.0075668318232263 0.70523728667554 0.80089752781995 10.104279933901 0.62009429805155 0.28122021833864 10.13765660237 -0.0073496294893124 -0.018751839598343 -0.012619557875996 -0.0072345253516565 -0.018079596719413 -0.013648514864569 1.1496195022702 0.094047860156412 4 2 0 0 0
49.010524840284 8.4233575218493 113.37241363525 0.037787 0.004065 1.7413453267949 7.466428734944 -1.2679486356335 7.57330294394 0.018320827912611 -0.019761585668779 -0.33909735004891 0.49270382168323 9.7933131613331 -0.29507915637393 0.11703085591981 9.8064462301673 -0.009408006282361 -0.0074585188056748 -0.0012101874850205 -0.0094132367498168 -0.0074072554863037 -0.0014568594836235 1.0175784982005 0.10423531071571 4 2 0 0 0
49.009948979261 8.4234892600679 113.88874053955 0.036269 0.001481 1.6870463267949 0.12412361822476 0.076746238628545 0.11438795042916 0.090620765464204 -0.037638288807092 -0.52559472526191 0.3357913317611 9.7754138719738 -0.51243167990983 -0.019089549603286 9.7818717024228 -0.00020015489816263 0.0022858227740171 0.00060829918850576 -0.00019902875357352 0.0022622772809857 0.00069112706696759 0.57724864659867 0.089274856482663 4 2 0 0 0
49.010468781074 8.4233728037948 113.42193603516 0.038833 0.01449 1.7346783267949 7.6646552740846 -1.2126162888606 7.7598598530913 0.044723906508991 -0.087576736181998 -0.1656261436557 0.43124962569304 9.8242444371747 -0.022599031536475 0.048957187358322 9.8349982158902 -0.0011915934169761 -0.00010066966176848 0.021356404424172 -0.00088125814794811 -0.00093081379504734 0.021352170846788 1.0175784982005 0.11340634902861 4 2 0 0 0
49.009953869179 8.4234898104576 113.80171966553 0.033895 -0.006152 1.6849743267949 0.76172643393914 0.0084467709434942 0.75579618072101 0.09522939455478 -0.076729133541178 1.8628940096574 0.33525056836362 9.7313602057938 1.8197253404877 0.0024848388965478 9.7457896745301 -0.0049707951421546 -0.030591374445753 -0.0004686515440744 -0.0049646585251804 -0.030557381495999 -0.001533947816169 0.69903504919281 0.10191172650878 4 2 0 0 0
49.010897142736 8.4232789814403 113.29137420654 0.028918 0.01024 1.6772193267949 6.2083880786891 -0.65304213834188 6.2426328984647 0.0082365732991245 -0.038047681522011 -0.54611615638421 0.235946006008 9.8567493097005 -0.44712056130361 -0.051313192482843 9.8644337470123 -0.0038953318588161 0.0038029889864455 0.0052535522304735 -0.003840566550331 0.0036493843758319 0.0054010583826848 1.3309594283824 0.11846096403457 4 2 0 0 0
49.010724007665 8.4233091327015 113.30133056641 0.04992 -0.004099 1.6947743267949 4.3902993452327 -0.51721160829033 4.4205432498629 0.032755231944722 -0.06922408430962 0.616236002248 0.334875215517 9.9956772501913 0.59664555833115 -0.14978377927868 10.001525758904 0.026138362288088 -0.038986210304533 -0.010505880959218 0.026166012537691 -0.038429206101531 -0.012316803967287 1.1496195022702 0.094047860156412 4 2 0 0 0
49.010902670244 8.4232781060962 113.28758239746 0.030624 0.009946 1.6770833267949 6.1563954969256 -0.64226817141003 6.1897895558498 0.014649246599806 -0.038239215512968 -0.66930940541169 0.18173883909906 9.7361149715234 -0.57031762829083 -0.10836561811926 9.7434680272197 0.0146424909983 -0.0038224293590206 -0.00035347982179705 0.014636952774052 -0.00380866396428 -0.00061984520585002 1.3309594283824 0.11846096403457 4 2 0 0 0
49.010855761645 8.4232855566869 113.31440734863 0.023458 0.005804 1.6785763267949 6.4547277828193 -0.69233516370656 6.4917465475229 0.0093698014833988 -0.038353938442907 -0.28945590959829 0.12922682257265 9.9773397690189 -0.23108828676818 -0.10046506226592 9.9791654902045 0.0078753730674561 -0.00098241649981582 -0.0090126036882939 0.0078222666633617 -0.00077531571145991 -0.0090767384940501 1.2770003915426 0.10807404868885 4 2 0 0 0
49.009947321358 8.4234890472327 113.91719818115 0.036956 0.001012 1.6874353267949 -0.00095239461653849 0.086216901466279 -0.0109818055629 0.085520031936048 -0.04836507169449 0.29878732160184 0.36219077890636 9.8325322138445 0.31061636874222 -0.00070147122165246 9.8388463259406 0.0012137189167074 -0.0034000111888149 -0.00032920163226304 0.0012133089910024 -0.0033855515313358 -0.00045567650106111 0.53265842713694 0.085146931829632 4 2 0 0 0
49.009950153515 8.4234903059684 113.82894897461 0.035987 -0.00035 1.6863953267949 0.26225213481568 0.069251677907692 0.25251220992775 0.099041949481574 -0.042001068376938 0.33336748054486 0.32968517373149 9.794275798943 0.32981283028295 -0.023150184788708 9.7999170629139 -0.00028577585835468 0.00011616815939293 -0.00040009907283701 -0.00028562213627253 0.00013054745827817 -0.00039575172146427 0.63460617708938 0.095587656106843 4 2 0 0 0
49.00994738438 8.4234886951428 113.93171691895 0.036715 0.002044 1.6874773267949 -0.053374683544849 0.087706430811178 -0.063222413008034 0.080896199710069 -0.041981043197389 -0.0098064134548314 0.34252531711534 9.8002519737081 0.009749944498255 -0.017770382598222 9.8062226253169 -0.00054830012079009 0.0008608211081036 -2.0321293395315e-05 -0.00054828487525782 0.00086103754046339 1.2407965463816e-05 0.46812391521904 0.075927597090913 4 2 0 0 0
49.010222186997 8.4234398983059 113.56735992432 0.042912 0.009095 1.7121843267949 8.3127147606236 -1.0714857940699 8.3807983603608 0.10786739032599 -0.08589305374627 -0.22353423623631 0.63082828298517 9.8636723707774 -0.12296481502217 0.18887853410946 9.8840401625419 -0.032416449966437 -0.019111824586698 0.0062098022261912 -0.032360096208476 -0.019370714257278 0.0056770393034262 1.1637684477593 0.15570806016388 4 2 0 0 0
49.009965537329 8.4234884269419 113.7752456665 0.028721 -0.012134 1.6871763267949 2.4709296314407 -0.18890596762631 2.4761837671497 0.098452890742939 -0.012219311268474 1.5351813906841 0.17337613609366 10.025226308639 1.4058473350654 -0.11638350660233 10.045241733768 -0.0030700066143187 0.013524680569418 0.0058667991017455 -0.0031495297086394 0.013349792986446 0.0062093984901901 0.75274564097044 0.10683164325236 4 2 0 0 0
49.010319177856 8.4234114915529 113.54281616211 0.018878 0.008621 1.7335353267949 7.9075270410905 -1.2336536489239 8.0029332477097 0.06301158369765 -0.080750213197443 -0.39109117796395 0.19698080701518 9.7952054818085 -0.2904434316152 0.0091321696712971 9.8007844894903 -0.005086652313855 -0.029498593572179 0.002204702494308 -0.0050599961528275 -0.029537998971007 0.0016987137632405 1.0409197855743 0.13063307391316 4 2 0 0 0
49.00994755444 8.4234882279448 113.94908905029 0.036738 0.002064 1.6875023267949 -0.053537126404847 0.082484125276185 -0.062777472379742 0.075688938010101 -0.042168380506815 0.086099570847791 0.35695288904639 9.8130407654883 0.10813326426269 -0.0041436174726881 9.8193130083386 -0.00071796541247599 -0.0032010276823952 0.00016073881173588 -0.00071796686996926 -0.0032047752780975 4.4470580006754e-05 0.46812391521904 0.075927597090913 4 2 0 0 0
49.010930487778 8.4232735724802 113.26399230957 0.030431 0.008234 1.6771323267949 5.8576338301407 -0.62401060924989 5.890777734068 0.0013838432908178 -0.018740995867504 -0.69003240440965 0.30887688343817 9.9780635319275 -0.61589568281899 0.0018272367599054 9.9876843247143 -0.0057987127417274 0.014259315301821 -0.00088197108373036 -0.0058021195891241 0.014279695305951 -0.00040530207188272 1.3309594283824 0.11846096403457 4 2 0 0 0
49.009949391964 8.4234903124735 113.83776092529 0.036073 -0.000275 1.6865383267949 0.15450519626722 0.081140268116149 0.14409297261587 0.098451163855113 -0.042627453116445 0.34005557731051 0.33247225185898 9.7932676230087 0.33785986017068 -0.021061124691268 9.7989647442162 -0.00012285956960558 -0.0010265487494268 -0.0014224143043463 -0.00012251366010273 -0.00097454662635429 -0.0014584909073598 0.63460617708938 0.095587656106843 4 2 0 0 0
49.01002571654 8.4234791723105 113.73934173584 0.017006 -0.002123 1.7178833267949 4.7964309399036 -0.588174840788 4.8308630691826 0.12023730977325 -0.034169052472694 2.4757966341739 -0.059392120788132 9.8002922361598 2.446162032548 -0.22597433862586 9.8054465358599 0.00018962618098675 0.016037720022633 0.003253725213436 0.00017755282457471 0.015977319813791 0.0035159961378513 0.91241437954473 0.12539936203984 4 2 0 0 0
49.009961000808 8.42348901621 113.77912139893 0.030304 -0.013697 1.6860703267949 2.0427894398059 -0.13985933439713 2.0453540088513 0.095351883893736 -0.034114955175078 2.6877552916055 0.40091234361538 9.7412950651069 2.5549771662496 0.10075819745153 9.7846396571734 -0.00853408678918 -0.0016379253709936 0.0063932767648629 -0.0086195672885011 -0.0018339091741902 0.0062231365004158 0.75274564097044 0.10683164325236 4 2 0 0 0
49.010051314542 8.4234743229702 113.71101379395 0.013534 0.000198 1.7110003267949 5.9192077690809 -0.73400597267921 5.9635965472883 0.1070501942076 -0.086663311836026 1.9696606051405 -0.2026545901171 9.681240033207 1.9779987136624 -0.34286742576923 9.6758661518479 -0.01681671320902 -0.01242196165004 -0.019953258435343 -0.016835501407232 -0.012130605106649 -0.020100498315608 0.97719445352499 0.12539936203984 4 2 0 0 0
49.010362423892 8.4233993861186 113.52963256836 0.022848 0.010393 1.7259123267949 7.740531701982 -1.1547552260224 7.8259664459211 0.059216447793781 -0.04068709990667 -0.4129300566421 0.22287772723397 9.5177880563188 -0.31328921114315 0.0053196819036763 9.5242317160292 0.00025386126696414 -0.001477399339047 -0.0096508381737147 0.00015286490963223 -0.0012570869133015 -0.0096855289306072 1.0066742273447 0.11800423721206 4 2 0 0 0
49.010130435181 8.4234612818622 113.62873840332 0.032991 0.002409 1.6977143267949 7.8287313724217 -0.81914946113754 7.8695370907723 0.17441947584685 -0.093081025055446 0.9755038454582 0.25413087035037 10.299297215643 1.0122077067619 -0.067863242582708 10.298415267915 0.031562120788971 -0.020856217905098 0.0096262337826163 0.031591271179503 -0.021150384581582 0.0088670633921033 1.0628000752729 0.14288806808128 4 3 0 0 0
49.010598082678 8.4233376388776 113.38423156738 0.041086 0.009137 1.7369593267949 6.7618249759856 -1.1030058398928 6.8511256751781 0.031270700905952 0.03517425712007 -1.4278833411806 0.4520404874824 9.5454043596638 -1.3564749581812 0.060643996213258 9.5665331068465 0.0019655673667871 0.028595031062019 -0.0028858721149604 0.0019554266124231 0.028688919804799 -0.0017179454015611 1.0525473861067 0.10347946656221 4 2 0 0 0
49.010229521382 8.4234377070854 113.56044769287 0.039851 0.007469 1.7128793267949 8.2933572465339 -1.0812195055494 8.3629348356253 0.10087457484186 -0.080119209285208 -0.22278484412889 0.39524317119643 9.899319037548 -0.13803760841812 -0.015797716932612 9.9090643707269 -0.02874634447221 -0.019100314427335 0.0070369624593498 -0.028691937215076 -0.019375312112769 0.0064910778186653 1.1637684477593 0.15570806016388 4 2 0 0 0
49.010433779887 8.4233819012431 113.46800994873 0.040445 0.015029 1.7241033267949 7.6699868586341 -1.1129226438115 7.750051895008 0.063657901418328 -0.089711550665199 -0.095081522817426 0.56618095634354 9.7135282204719 0.050302194827675 0.17946075239626 9.728759096268 0.011623120504658 0.002134890980868 0.017579819141366 0.011886113521749 0.0014315778686654 0.017474501132451 1.0245818659336 0.11340634902861 4 2 0 0 0
49.010207396493 8.4234441448153 113.58229827881 0.047407 0.012114 1.7108793267949 8.3441674789382 -1.0189118674153 8.4047715904003 0.15219170743514 -0.075440559511301 -0.16594862627647 0.45095453801718 9.6657589412286 -0.051675126094719 -0.0060129336997334 9.6776478425071 0.0037358110304756 0.0054909516201608 0.0072587572892189 0.0038242696740056 0.0051418888109123 0.0074649607004746 1.1637684477593 0.15570806016388 4 2 0 0 0
49.010914039992 8.4232762963923 113.2756652832 0.033659 0.006804 1.6772613267949 6.0344403848406 -0.63262337460601 6.067499430716 0.011832487070998 -0.057629846270279 -0.63435965633594 0.49506034983079 9.8782431312465 -0.56031263725695 0.16799897149781 9.8937757253925 0.01029675155733 -0.012148687774541 0.0015231218158722 0.010304678350548 -0.012192607461521 0.0010409108186448 1.3309594283824 0.11846096403457 4 2 0 0 0
49.010168196885 8.4234550437547 113.61128234863 0.045582 0.007855 1.7054033267949 8.1334723258671 -0.9064129646024 8.1817019796202 0.18646881380149 -0.052140853530779 0.44899461395552 0.71183085285497 9.7584405877677 0.52601077920733 0.27911276567487 9.7768298384292 0.023111081542856 0.00017437713851373 0.014865501903226 0.023227539318002 -0.00048342353178735 0.014668571311293 1.0628000752729 0.14288806808128 4 2 0 0 0
49.010030407451 8.4234783128028 113.73610687256 0.018359 -0.000488 1.7179163267949 5.035058702369 -0.60403619803776 5.0692143234608 0.14048018233419 -0.036727966021021 2.3459142534557 0.064639121027158 9.8253547943934 2.3330744253103 -0.10858589450594 9.8281750121675 0.012960215489575 0.014347533721588 0.00029716318554702 0.01295748798139 0.014340302449106 0.00055622616561348 0.91241437954473 0.12539936203984 4 2 0 0 0
49.010518159572 8.4233593371742 113.3743057251 0.038874 0.004607 1.7415673267949 7.4980194454435 -1.2592167521956 7.6029526466723 0.032461743791917 -0.02846806064481 -0.31460555612622 0.56175863553828 9.9722603747711 -0.26057252794064 0.17187160008474 9.9882139421119 -0.0032201049833338 -0.014208669751681 0.0025634522296956 -0.0032072878692861 -0.014297767207166 0.0020187342405469 1.0175784982005 0.10423531071571 4 2 0 0 0
49.01039128509 8.4233919965237 113.51264953613 0.027906 0.01255 1.7215283267949 7.6470398015736 -1.1121456697398 7.7273068461292 0.053208079910078 -0.034929930745403 -0.27934109815694 0.10597848604862 9.7220912690747 -0.16352342452675 -0.16088619560683 9.7239257549067 0.0083295722064116 0.010775110643662 -0.010523768145833 0.0082080833852526 0.011059438204225 -0.01031907495959 1.0066742273447 0.11800423721206 4 2 0 0 0
49.010615905997 8.4233329673827 113.37951660156 0.039336 0.011891 1.7348303267949 6.2948707998347 -1.0207434388544 6.3770478060238 0.024901158224877 -0.033634848775408 -1.7806270120162 0.2630224960652 9.7249243081959 -1.6641634120006 -0.11792834656767 9.7484169059985 0.0032614671016283 -0.001550707336967 -0.010843405679777 0.0031306096725607 -0.0011251286868992 -0.010932834586867 1.074029794745 0.099764723224194 4 2 0 0 0
49.010145553909 8.4234588414792 113.62171173096 0.038737 0.004861 1.7008003267949 7.9837289153531 -0.85771565775759 8.0277003163669 0.17815331792894 -0.017350407996225 0.40953843310292 0.61690075191359 10.00875334328 0.44834090658138 0.24181165959144 10.023476262212 0.022546161525518 0.017663954001117 0.013491547609384 0.022600124316853 0.017145922573649 0.014075257774158 1.0628000752729 0.14288806808128 4 2 0 0 0
49.010940748536 8.423271885677 113.26049804688 0.029363 0.010947 1.6732553267949 5.7063831629266 -0.61295376876622 5.7391781852621 -0.018282870979223 -0.025850924324421 -0.96818375945414 0.19905299691606 9.6237806643356 -0.86790817371128 -0.087731222159289 9.6351001894211 -0.0072930784934666 0.0086520513915632 -0.024059309540219 -0.0075457401242502 0.0093627655532683 -0.023711050121503 1.3309594283824 0.11846096403457 4 2 0 0 0
49.010236884175 8.4234357644109 113.55555725098 0.037131 0.006909 1.7134983267949 8.2751654629941 -1.08700453307 8.3456790251171 0.098013957366876 -0.054789226771354 -0.26509002853384 0.41718402895218 10.113124126091 -0.19067507534656 0.025927014510714 10.123445545387 -0.026970119762243 -0.0077840392894985 0.0061207949807841 -0.026926441144564 -0.0080153280297597 0.0060068931443346 1.1637684477593 0.15570806016388 4 2 0 0 0
49.010753901549 8.423303721086 113.29762268066 0.045342 -0.017511 1.6892503267949 4.871673923358 -0.56140201730158 4.9038840066188 0.017616090668899 0.014326621824158 1.4350583769516 0.63901238214788 9.9061224215263 1.2681734247036 0.18753709567098 9.9479446371775 -0.0031237171943554 -0.012576035944884 0.0029350714694788 -0.0031653579374398 -0.012696828180707 0.0023040871676945 1.1895936280932 0.095462034338265 4 2 0 0 0
49.010885446119 8.4232808625615 113.29975891113 0.030627 0.009158 1.6764943267949 6.2970175892363 -0.66967883942431 6.3325249974515 -0.00026891570001772 -0.040496913788076 -0.45338702235276 0.45345252880934 9.7472171965932 -0.36810249954605 0.15455411281598 9.7601858121825 -0.00028724163196295 0.0072708305696735 -0.0038572082121005 -0.0003191970536039 0.0073859802297256 -0.0036253874297767 1.2770003915426 0.10807404868885 4 2 0 0 0
49.010736455939 8.4233068312864 113.29762268066 0.047589 -0.009968 1.6906843267949 4.5812217018728 -0.57003161604998 4.6165200491707 -0.014688655541676 0.00467597717744 0.60018301476104 0.4687296521983 9.8035432732913 0.5064250825937 -0.01290348119811 9.8201891370305 -0.026313487363822 -0.0078053810116348 -0.012440495492546 -0.026189879070109 -0.0071850738288095 -0.013071761800627 1.1895936280932 0.095462034338265 4 2 0 0 0
49.009948807079 8.4234892813597 113.89043426514 0.036265 0.001218 1.6870443267949 0.17432720299679 0.069770102643801 0.16505801842392 0.089519623866192 -0.036759593306072 -0.40393083412029 0.3338034978474 9.8166516024437 -0.39358472136378 -0.022535398085703 9.8227413604468 -0.00022780196910614 0.002790469040387 -0.00016908179990076 -0.00022779374384502 0.0027948091757072 -6.7540431286915e-05 0.57724864659867 0.085146931829632 4 2 0 0 0
49.010461929839 8.4233745703385 113.43055725098 0.038817 0.014539 1.7325583267949 7.6704200926179 -1.2027415394089 7.7640561247157 0.039275468278843 -0.09113829584908 -0.19688611473182 0.59545298338562 9.8826922939343 -0.051111163680374 0.20497872940623 9.9003506576967 -0.011868076484701 -0.0024755114452444 0.020665642803743 -0.011564040436083 -0.0032893990650242 0.020727029035604 1.0245818659336 0.11340634902861 4 2 0 0 0
49.010334029214 8.4234073493139 113.53142547607 0.017783 0.005604 1.7310923267949 7.8575014226587 -1.2254911776092 7.9523312139323 0.051177699494716 -0.037427464954894 -0.31649378272021 -0.046127308259292 10.360871421055 -0.25498185989214 -0.23057946159078 10.360151202819 -0.00017033126662816 -0.0065511306305079 -0.015067574454616 -0.00025628421602926 -0.0062833261947437 -0.015180430016871 1.0066742273447 0.11800423721206 4 2 0 0 0
49.01060397328 8.4233360808718 113.38569641113 0.040069 0.011322 1.7365883267949 6.6200630792563 -1.0934212114269 6.7097353555842 0.01548046603648 0.012559162668673 -1.5655802143752 0.5122287634117 9.4408062698958 -1.4718868061398 0.12899156311276 9.4690514757614 -0.0084286556067331 0.024486617250049 -0.0045756065087389 -0.0084645830371786 0.02465156826063 -0.0034871794432721 1.074029794745 0.099764723224194 4 2 0 0 0
49.01068307836 8.423317153419 113.35136413574 0.049103 0.007675 1.7046173267949 4.5716091738277 -0.59655331207189 4.6103140646644 0.022906716028192 -0.037515018937925 -0.29212622567788 0.41455094427793 9.8294451602972 -0.21337569474108 -0.063755992671444 9.8400440778295 0.0086214571777103 -0.0065234664155794 -0.01557479305488 0.0084934831543728 -0.0057594673833729 -0.015941500030944 1.1114931398799 0.098351410767716 4 2 0 0 0
49.009951226296 8.4234900777955 113.82315826416 0.035731 -0.000327 1.6857893267949 0.36838766136439 0.056695480705315 0.35943497876642 0.098640059779833 -0.040298302430125 0.3409263561221 0.34356761023297 9.802861237859 0.33741183094421 -0.0071922447762797 9.8089987199004 -0.00041492318233391 0.00033098923147531 -0.0027051266620273 -0.00041401228423646 0.00042751984178854 -0.0026916837839278 0.69903504919281 0.10191172650878 4 2 0 0 0
49.010426160018 8.4233836742301 113.47789001465 0.039091 0.014872 1.7221153267949 7.6631246733354 -1.0984708118843 7.7411903423664 0.064201073773993 -0.081801230202362 -0.08446994391595 0.4467855045753 9.7248045548034 0.05843148700181 0.072427543399521 9.7350107258319 0.010896750595362 0.0037941176998318 0.011346437025565 0.01106486576744 0.0033518181292014 0.011323622259145 1.0245818659336 0.11340634902861 4 2 0 0 0
49.010404926581 8.4233886972701 113.50134277344 0.033112 0.013638 1.7201683267949 7.6364405110239 -1.079279981255 7.7119991637349 0.071985111605779 -0.065616600989076 -0.15738358432822 0.17112928805612 9.6785835243291 -0.027534851152601 -0.13416912329103 9.680450664521 0.028075000961 0.0037383379240224 -0.0065806039109333 0.027986109025238 0.0039427850982914 -0.0068407654769272 1.0245818659336 0.11340634902861 4 2 0 0 0
49.009963076965 8.4234887388309 113.77645874023 0.029244 -0.013643 1.6865153267949 2.278238074375 -0.17284271157078 2.2829809484844 0.090854802964114 -0.03007155794001 2.2987741421934 0.31004802723428 9.874542753134 2.163059110381 0.015942482365046 9.9100135068529 -0.0093022339227472 0.0013748081604198 0.0042872442607845 -0.0093607052533617 0.0012457414388313 0.0041966101905945 0.75274564097044 0.10683164325236 4 2 0 0 0
49.010504016322 8.4233631734912 113.38150787354 0.038163 0.008025 1.7407463267949 7.5609710733064 -1.2534965904391 7.6640620061756 0.040910988873091 -0.060338931445043 -0.36843853967327 0.24566995982209 9.9029624292516 -0.28308265213168 -0.12964321655978 9.907953973278 0.0048549229614077 -0.010098110139454 0.0059899473229221 0.0049045982136018 -0.010317768303615 0.0055680526288681 1.0175784982005 0.10423531071571 4 2 0 0 0
49.010095533074 8.4234668456638 113.66770172119 0.022058 0.004295 1.6962103267949 7.1604612245327 -0.7438482136728 7.1971940407234 0.16102691696218 -0.059533210032734 1.437580563409 0.16287849862565 9.988843798122 1.4684613541275 -0.045321607202934 9.9858569379355 0.0218682483328 0.021233189416677 -0.0087576336144796 0.021844139660418 0.021408713081451 -0.0083595092311763 0.97719445352499 0.13140015220691 4 3 0 0 0
49.010545307792 8.4233518195482 113.37252807617 0.037097 0.003159 1.7404523267949 7.3689219876602 -1.2310775827994 7.4709772180474 0.03286466949166 0.0049862140422719 -0.3827679049155 0.21026312331737 9.9027599381954 -0.35017977550588 -0.15315145915606 9.9050072746515 0.0073499533963714 -0.002559621091815 -0.0048032256936951 0.0073338335744661 -0.0023815846817268 -0.0049178935544349 1.0525473861067 0.10347946656221 4 2 0 0 0
49.009947475145 8.4234884509702 113.94068908691 0.036761 0.002208 1.6874653267949 -0.057845066319658 0.085858026250302 -0.067448785178414 0.078538604439376 -0.044016445852691 -0.064632562083651 0.34994028865549 9.7694715109409 -0.042895636656713 -0.0093597602631997 9.7758513681427 3.5247755587779e-05 -0.00032456377431531 -0.00055206197361488 3.3919396753334e-05 -0.00030400588700376 -0.00056367463851239 0.46812391521904 0.075927597090913 4 2 0 0 0
49.0099491054 8.4234892860565 113.88422393799 0.036326 0.001681 1.6869933267949 0.008681089433718 0.089624831483642 -0.0017678454996261 0.090027542377781 -0.04145273500723 -0.67124661041637 0.36017328677511 9.786062848599 -0.65526746914079 0.0046504261634115 9.7937735126843 0.00038474594895984 0.0007640240246569 -1.1163697659283e-05 0.0003847751499566 0.00076396785467132 1.5949663884525e-05 0.57724864659867 0.089274856482663 4 2 0 0 0
49.010637830541 8.4233273905387 113.36366271973 0.043029 0.005062 1.7246673267949 5.5840968027088 -0.86221283590861 5.6502590512863 0.011618562821999 -0.038428821130899 -1.4819669503857 0.33517679916888 9.9882556254106 -1.4248989417165 -0.094780394017469 10.001896024533 0.00023955785655704 -0.012602256863781 -0.023364410225443 0.000102742070871 -0.011585532247251 -0.023887642410082 1.074029794745 0.099764723224194 4 2 0 0 0
49.009948945314 8.4234896789006 113.86748504639 0.036311 0.00134 1.6869323267949 -0.053455238403227 0.1006902720276 -0.064760887206969 0.093819092997915 -0.044801873229375 -0.10271919690719 0.35259124205021 9.7357093299173 -0.089441231061996 -0.00024732994092508 9.7422319356312 0.0015832412440276 -0.00043918466024948 0.00036001507569857 0.0015836904681549 -0.00045197502125532 0.00034151080491446 0.57724864659867 0.089274856482663 4 2 0 0 0
49.010749498021 8.4233044908383 113.29607391357 0.045507 -0.016389 1.6889723267949 4.7632077348594 -0.54256587753971 4.7939560715799 0.02303609792366 -0.0033084792025335 1.0505835262531 0.38519723727134 9.9721949565605 0.90125845406962 -0.06413517055672 9.994358371632 0.0084325872916474 -0.025731375778043 0.00032663920741917 0.0084392382398854 -0.025720314722219 -0.00069218844640512 1.1895936280932 0.095462034338265 4 2 0 0 0
49.010008859589 8.4234822858681 113.74945831299 0.021329 -0.006852 1.7127943267949 3.7900345519498 -0.40948488080528 3.8100095017474 0.12620683810078 -0.023895212645056 2.4241994088261 0.2848254996816 9.8391002627868 2.358158255105 0.076283732241583 9.8589926216 0.0026326233754315 -0.0023105850809737 0.023253865029495 0.0024767389751892 -0.002803025416414 0.023215813488667 0.91241437954473 0.12539936203984 4 2 0 0 0
49.009970225299 8.4234878493158 113.78176116943 0.029085 -0.004869 1.6888433267949 2.6064739654526 -0.2005906947145 2.6120118693144 0.1065225138767 0.038844019517559 0.16681476410887 0.42899590455397 9.9300886007445 0.095456505201421 0.13814802666964 9.9401167028911 -0.0032241544063796 0.040612365253996 0.0074143961293533 -0.0032839310658081 0.040378064088695 0.0085876083670436 0.75274564097044 0.10683164325236 4 2 0 0 0
49.01075836973 8.4233028940965 113.29993438721 0.042348 -0.017432 1.6894633267949 5.0088892714181 -0.60848849480038 5.0457030449606 -0.011686674706924 0.020697645253466 1.6930451817842 0.76582909513344 9.7773284011399 1.5226126867253 0.33654379291981 9.8294760212153 -0.02624574366888 -0.0010539026186567 0.001790939730893 -0.026272362051806 -0.0011330000366188 0.001277201521651 1.1895936280932 0.095462034338265 4 2 0 0 0
49.010297145727 8.4234179624025 113.56058502197 0.023066 0.012081 1.7299553267949 8.0212991099035 -1.2071057158885 8.111359613807 0.067958146285741 0.019770973405002 -0.40867305814166 0.60066616350364 9.6569147486919 -0.31247561740767 0.36460741277292 9.6723377911957 -0.023699096390006 0.037917807611168 0.023695392296474 -0.023455819783675 0.037326233360202 0.024863381147408 1.0409197855743 0.13063307391316 4 2 0 0 0
49.010138302162 8.4234600278248 113.62305450439 0.036412 0.002697 1.6993243267949 7.9249698700961 -0.83134335854023 7.966307134792 0.18500428873104 -0.051620477227545 0.73041145406393 0.4002903353835 10.211982229313 0.75777467354434 0.04508344464513 10.217769315607 0.029234439624538 0.00069434407143075 0.014041681570972 0.029270633898834 0.00020125029403577 0.013999277507379 1.0628000752729 0.14288806808128 4 2 0 0 0
49.010355558888 8.4234012931941 113.53353118896 0.023127 0.010735 1.7268053267949 7.773463744972 -1.155850718177 7.8586056140388 0.071222618524576 -0.013966549340736 -0.44636021860144 0.16023560390375 9.5065921402751 -0.34873006646635 -0.051885193260584 9.5119899067589 0.014506840484412 0.0078171460470283 -0.011984431433272 0.014385779170427 0.0080811000857725 -0.011959511760169 1.0066742273447 0.11800423721206 4 2 0 0 0
49.009947426586 8.4234885778529 113.93585205078 0.036793 0.001946 1.6874993267949 -0.056485315460838 0.086961141140324 -0.066227238225086 0.079792129295265 -0.043730146234554 0.014732560421175 0.35493781746362 9.8195492439216 0.034440605423848 -0.006321262526738 9.8259147141138 0.00039085241286895 -0.0010823962108898 -3.071990666881e-05 0.00039073137022927 -0.0010805103647106 -7.1288982666874e-05 0.46812391521904 0.075927597090913 4 2 0 0 0
49.009948936862 8.4234899875105 113.85280609131 0.036224 -0.000191 1.6868403267949 0.018711432130236 0.092832538777609 0.0078362856859943 0.094374303469196 -0.051013891946566 0.34779341480881 0.3428398304777 9.8497305757521 0.34784609042741 -0.01440312127002 9.8556911061572 -0.00046198870695322 -0.0035037656236584 2.1096054566378e-05 -0.00046204515309121 -0.0035022218266536 -0.00010598285931123 0.63460617708938 0.095587656106843 4 2 0 0 0
49.010312084918 8.4234134983225 113.55078887939 0.019033 0.011961 1.7335263267949 7.9391869942247 -1.2289992236987 8.0334737370181 0.066865116254612 -0.07107994730375 -0.49210124225738 0.23833580010577 9.6051472081207 -0.36989091162706 0.048875203570232 9.6135676220036 -0.012230501630081 -0.013349227939803 0.014505870412638 -0.012047129957494 -0.013636799484154 0.014415484471899 1.0409197855743 0.13063307391316 4 2 0 0 0
49.01027489764 8.4234242832781 113.54961395264 0.027438 0.001527 1.7215843267949 8.1183029959531 -1.1326640816814 8.1964774525728 0.0875561126515 -0.0040854399949997 -0.29152782202593 0.45520597025823 10.147061578033 -0.27275721330301 0.16474664064313 10.15646122652 -0.020662716519364 -0.0051703106270463 0.02602152358387 -0.0206173884933 -0.0059078964519604 0.025891838681469 1.0409197855743 0.13063307391316 4 2 0 0 0
49.010152805428 8.4234576351488 113.62046813965 0.040014 0.006724 1.7022733267949 8.032097227332 -0.87670284153106 8.0778644513846 0.17711763681053 -0.014276081509286 0.49769616182119 0.50995745077296 9.666877744391 0.55185981794367 0.13175022479715 9.6764898968333 0.015808426423722 0.01998159855228 0.0140964168361 0.015891898693916 0.019414790142624 0.014785929172258 1.0628000752729 0.14288806808128 4 2 0 0 0
49.010642696161 8.4233262087437 113.36200714111 0.043011 0.004633 1.7223273267949 5.457713936088 -0.82395483070722 5.5195452139439 0.016722778146397 -0.017809507212815 -1.2900632125578 0.18149504709584 10.102346912893 -1.2397652210301 -0.25265060835013 10.10719281236 0.00092251424849468 -0.0071326944935779 -0.022912749476195 0.00080666487070155 -0.006141776290633 -0.023202203378311 1.074029794745 0.099764723224194 4 2 0 0 0
49.010831996363 8.4232894731642 113.33827209473 0.017737 0.010222 1.6825793267949 6.4727765995745 -0.71780183959552 6.5124490534916 0.012150844208191 -0.082743484258253 -0.18964279959045 -0.096163660178289 9.7024645512383 -0.081451126526168 -0.26068801808487 9.7010081729871 0.014225680695384 -0.016987822924306 -0.0089511382593793 0.014120163056159 -0.016834606107165 -0.0094041949336403 1.2305202151936 0.099824846606444 4 2 0 0 0
49.010199242949 8.4234468333261 113.58869171143 0.046904 0.011596 1.7100043267949 8.3373246434077 -1.0096282491698 8.3968393444296 0.15336665588461 -0.065392200033711 0.06568238547416 0.51663048129066 9.6826138148089 0.17323392518225 0.060693719040065 9.6950397668528 -0.0016047303109091 0.0088512164193498 0.0065398446914902 -0.0015287995822688 0.0085334732583438 0.0069681906512242 1.1637684477593 0.15570806016388 4 2 0 0 0
49.009947717287 8.423489269772 113.90334320068 0.036763 0.000833 1.6872413267949 0.1209807611755 0.073344034249001 0.11163414954869 0.0869102225444 -0.042537526143481 0.27240485391932 0.36032261335451 9.8039099014659 0.28079835212166 -0.00028364560037084 9.810293501815 6.172754214576e-05 -0.00053198514903382 -0.0012159611912971 6.0657441895824e-05 -0.00048697965581483 -0.0012347238359983 0.53265842713694 0.085146931829632 4 2 0 0 0
49.010326242358 8.4234095227679 113.53538513184 0.018014 0.006222 1.7328833267949 7.8809967722455 -1.2351819524782 7.9770120528475 0.05531562550396 -0.076731679427132 -0.32492253303209 0.19692029555432 9.9581608823391 -0.24954967252312 0.013222914645179 9.962350108891 -0.0074501273048979 -0.024282268219586 -0.0051378353810295 -0.0074847997524176 -0.024185450317604 -0.005529298658181 1.0409197855743 0.13063307391316 4 2 0 0 0
49.010447528432 8.4233783112975 113.44944763184 0.041005 0.014564 1.7282383267949 7.6809261471981 -1.1546417292529 7.767046901316 0.054420344704306 -0.092675957169847 -0.048061771910126 0.61065007570339 9.8419872241416 0.095675954866184 0.20727071137384 9.8583988989336 0.00095236467542004 0.00057697798702287 0.021605407999555 0.0012672737950268 -0.00030827424036153 0.02159437882447 1.0245818659336 0.11340634902861 4 2 0 0 0
49.010483112388 8.4233690426321 113.40447235107 0.039816 0.012722 1.7383723267949 7.6300543799021 -1.2357049872284 7.7293315000129 0.047292431071554 -0.081048765673613 -0.26788649077035 0.58968913556792 9.902120792982 -0.13599605744876 0.1964380899601 9.9204414433468 0.0023945844681397 -0.0095533111800848 0.016215490617122 0.0026056944801368 -0.01018845287998 0.015788984765285 1.0175784982005 0.10423531071571 4 2 0 0 0
49.010610308947 8.4233344013662 113.38304901123 0.039031 0.012196 1.7358763267949 6.4550624922478 -1.0626078938239 6.5419222983583 0.015103451111018 -0.022168653043217 -1.6913990473973 0.29156541285235 9.5844567076094 -1.580039842381 -0.087219877835649 9.6075970006164 -0.0082936903452002 0.010280007465302 -0.0070576945327764 -0.0083715835713607 0.010549712425144 -0.0065452227926237 1.074029794745 0.099764723224194 4 2 0 0 0
49.010123414143 8.4234623927182 113.63816070557 0.029689 0.004605 1.6968473267949 7.7210892347484 -0.80553084798469 7.7611625544111 0.16867763377288 -0.12063458712334 1.0859971609088 0.31208575308881 9.8563289443797 1.1471321666409 0.035230911832056 9.8542954765824 0.029201298716463 -0.028875724957882 0.0074317458132296 0.029238633895707 -0.02907671670938 0.0064293010782447 1.0628000752729 0.14288806808128 4 3 0 0 0
49.009948996056 8.4234900814407 113.84884643555 0.036295 -0.000323 1.6867543267949 0.052694596668503 0.090561992856712 0.041860631602376 0.096050631542216 -0.044392811993449 0.34376220812718 0.33560736261854 9.8688693635246 0.3413705862708 -0.022459868752382 9.874634277606 0.00055030474668471 -0.0014692195211514 -0.00033196400343784 0.00055035041743616 -0.001456209421707 -0.00038476250665379 0.63460617708938 0.095587656106843 4 2 0 0 0
49.010819813083 8.4232915522433 113.35317993164 0.015251 0.01212 1.6845903267949 6.4974431910463 -0.74065382284527 6.5395256768891 0.0058321615811197 0.012168015395255 -0.20261062041529 -0.2433933980754 9.1289249502615 -0.11210093095619 -0.3815913220242 9.1262957291204 0.0019793407457771 0.037310415873246 -0.011072757113533 0.0018748024703567 0.037475103265837 -0.010540432182459 1.2305202151936 0.099824846606444 4 2 0 0 0
49.010744790044 8.4233053082843 113.29667663574 0.044388 -0.013376 1.6890363267949 4.68207246292 -0.54989734661618 4.7142524944692 0.0079216225399778 -0.01105444988139 0.65215659356691 0.20699556803842 9.7642460559644 0.53449187242811 -0.23050908878711 9.7709780516019 -0.0073050944014939 -0.023878891290226 -0.0051758527272695 -0.0072327060783613 -0.02362104099795 -0.0063125032153807 1.1895936280932 0.095462034338265 4 2 0 0 0
49.009947593119 8.4234881202934 113.95337677002 0.036797 0.00244 1.6875533267949 -0.066855529219193 0.082736304022091 -0.076037546651657 0.074385771696824 -0.04219852659568 0.050483379728872 0.35001731875692 9.7877435653677 0.076393583353695 -0.01044701613185 9.7938437454373 -0.00022726495629235 -0.0036473606863346 0.00039113457661497 -0.00022676222237576 -0.0036593304416011 0.00025746740877593 0.46812391521904 0.075927597090913 4 2 0 0 0
49.010565604833 8.4233462973376 113.37449645996 0.037238 0.003031 1.7389403267949 7.2516763983351 -1.2049007282955 7.3510452200306 0.027255424016167 0.0014687219365073 -0.52639393639169 0.24612118189055 9.8469222630828 -0.49105017131474 -0.12187767028072 9.8511012533703 -0.0020944986700926 -0.010087808977553 -0.0033851340218645 -0.0021084451140357 -0.0099540836812056 -0.0037492044568846 1.0525473861067 0.10347946656221 4 2 0 0 0
49.010699508476 8.4233138392147 113.33785247803 0.048646 0.009765 1.7008633267949 4.4662089160998 -0.56580704535436 4.5018635821641 0.020079541087348 -0.03596141919855 -0.43238827943749 0.37320886543811 9.7442959363842 -0.33787416489882 -0.099008908683082 9.7546760482275 0.0038464290476676 0.00099924875522893 -0.0071761942132818 0.0037774642659652 0.0013455287169448 -0.0071572368782811 1.1496195022702 0.094047860156412 4 2 0 0 0
49.010670459142 8.4233198280147 113.36103057861 0.047031 0.008971 1.7099883267949 4.7383174409752 -0.66129873251308 4.7842378177454 0.0080036654927645 -0.024623107948858 -1.2220407321172 0.31021465311063 9.8580484528802 -1.1361583254057 -0.15694578723836 9.8719743066802 -0.0057955902167159 0.0038162149060072 -0.020139010064492 -0.0059690737330211 0.0047655236478696 -0.019885701620362 1.1114931398799 0.098351410767716 4 2 0 0 0
49.010005324518 8.4234828722914 113.75171661377 0.021094 -0.006459 1.7105333267949 3.5703877425127 -0.37106031886334 3.5874138030551 0.12580708793677 -0.0195919725434 2.2189681352335 0.16902106102544 9.7247221101171 2.1557316917279 -0.031857151418895 9.7403399308882 0.0078673334839116 0.00091840326689561 0.020815234522243 0.0077317849158682 0.00048849293926839 0.020879784032181 0.85323970840556 0.1188276062201 4 2 0 0 0
49.009948910703 8.4234898866708 113.8575592041 0.036265 0.000147 1.6869013267949 -0.015335872845845 0.096540981309955 -0.026413806756975 0.094115219178427 -0.053591256483185 0.31506585081509 0.35516653381883 9.7959205827828 0.31876295896611 -0.00044895868083665 9.8022608363738 -0.00030243454193912 -0.0040931508654044 0.00065056678980095 -0.00030239530737964 -0.0041140726273639 0.00050163731439443 0.63460617708938 0.095587656106843 4 2 0 0 0
49.010778899269 8.4232990377286 113.31768798828 0.027611 -0.017003 1.6898303267949 5.7350681282869 -0.70045701293227 5.7776663874364 -0.014875956743932 0.032875183481042 2.0908657870794 0.39370790753184 9.3552428297774 1.9334697776387 0.11851065039038 9.3964369250004 -0.030952888832524 -0.0037970695552239 0.0014880125360779 -0.030971555925538 -0.0038392390537113 0.00086303156137101 1.2305202151936 0.099824846606444 4 2 0 0 0
49.010376849723 8.4233956670693 113.51962280273 0.025252 0.009949 1.7238893267949 7.6888875805977 -1.1286396272604 7.771040441003 0.061607379322333 -0.043577170036327 -0.27620932598302 0.095546126598714 9.9872456153278 -0.17831857330227 -0.14937174059489 9.9888254205407 0.01332517431991 0.0023379930321943 -0.010404985881811 0.01322322660297 0.0025927810348248 -0.010471172827043 1.0066742273447 0.11800423721206 4 2 0 0 0
49.010924721131 8.4232745093749 113.26594543457 0.031067 0.006565 1.6771003267949 5.9223148215851 -0.64331747796977 5.9571433415059 -0.010768306095136 -0.041844598178894 -0.61969772691242 0.21742435953897 9.9968008853678 -0.55458319690494 -0.099903005782763 10.002597830134 -0.011864281224113 0.00089432955412998 -0.0015566812910785 -0.011873839935786 0.00094256838034513 -0.0014540189692263 1.3309594283824 0.11846096403457 4 2 0 0 0
49.010740594604 8.4233060591367 113.29785919189 0.04491 -0.010906 1.6896653267949 4.6310021064506 -0.56561912388386 4.6654081724136 -0.0097367528952547 0.00092608658298377 0.5748340750907 0.25346843336647 9.7000045729329 0.47471132967272 -0.19517113614014 9.7069776938995 -0.023277886743358 -0.010728159206096 -0.0097848058182536 -0.023171506040257 -0.010262099594872 -0.010505750945616 1.1895936280932 0.095462034338265 4 2 0 0 0
49.010695539913 8.4233146167775 113.3413848877 0.048293 0.009672 1.7015833267949 4.496275722227 -0.57965387863196 4.5334672081309 0.013723271485481 -0.032948405242252 -0.41258013328377 0.37682196054954 9.781527626525 -0.32140483805634 -0.096777188054489 9.7917521345025 -0.0015844102682111 0.0060078797181404 -0.0082048068100068 -0.0016572834386805 0.006397928322113 -0.0078896746162985 1.1496195022702 0.094047860156412 4 2 0 0 0
49.009948982506 8.4234895803869 113.87136077881 0.036194 0.001288 1.6868733267949 -0.037831685920259 0.097107128058597 -0.048827976896553 0.092069811816499 -0.040103499064136 -0.14263121604741 0.32042985772662 9.7867839497433 -0.13202090404399 -0.034085928027011 9.7921442355402 -0.00017881471233891 0.0035169176244318 -0.00094697082358129 -0.00017978320791146 0.0035488839361825 -0.00081892725842731 0.57724864659867 0.089274856482663 4 2 0 0 0
49.009950510283 8.4234902373245 113.82657623291 0.035826 -0.000447 1.6861503267949 0.30031219527088 0.06517502107424 0.29080379172819 0.099337685385667 -0.041842066950369 0.34476598537473 0.3324914412851 9.8164269321428 0.34070537755802 -0.020106278750136 9.8221785941878 -0.001228476263357 -0.00080002237476242 -0.0019880303188585 -0.0012276265860469 -0.00072819659400462 -0.0020159675674606 0.63460617708938 0.095587656106843 4 2 0 0 0
49.009949876376 8.4234903236395 113.83167266846 0.036016 -0.000333 1.6864733267949 0.22857625054492 0.073431758069096 0.21856920454255 0.09933088525802 -0.041514361708573 0.34414841414784 0.36172890618394 9.7922726674055 0.34085783938035 0.0084544062294423 9.7990632673718 -0.00065569801771857 -7.615994313066e-05 -0.00073009438977562 -0.00065544396939167 -4.974346726075e-05 -0.00073260591311787 0.63460617708938 0.095587656106843 4 2 0 0 0
49.009967869408 8.4234881414656 113.77740478516 0.029426 -0.009197 1.6879783267949 2.5719953170989 -0.1895270085985 2.5765591893825 0.11142335988144 0.016949196791568 0.81454483143769 0.22798964754157 10.103953163697 0.70579443909057 -0.066418052980001 10.115022275352 0.005323430086448 0.027766769445164 0.0066201176818641 0.0052430901939099 0.027562354715547 0.0074784933051748 0.75274564097044 0.10683164325236 4 2 0 0 0
49.009949063808 8.4234893622875 113.88078308105 0.036329 0.001684 1.6869993267949 -0.060305927144212 0.09860821230153 -0.071330946344004 0.090951967787206 -0.042392540093686 -0.49723507425886 0.33342579000623 9.785758366134 -0.48058967297767 -0.022012399783148 9.7922482273571 0.00048631044520703 -0.00034017018665116 0.00022033480791963 0.0004866259084705 -0.00034789207830779 0.00020707629412696 0.57724864659867 0.089274856482663 4 2 0 0 0
49.010057462256 8.4234732020061 113.70317077637 0.013881 0.000759 1.7079923267949 6.1332149039681 -0.73601325870814 6.176087668874 0.11890393646644 -0.069124875752608 1.8299567706851 -0.12532305240796 9.976659838696 1.8354003559931 -0.26151164557919 9.9730364438795 0.0039043363821473 0.0031496235607382 -0.026702959548519 0.003889685054583 0.0035132655694236 -0.026659049538293 0.97719445352499 0.13140015220691 4 2 0 0 0
49.010259611671 8.4234286704683 113.55145263672 0.031354 0.003942 1.7167883267949 8.1878362940663 -1.1043217377431 8.2614654423268 0.09179288122942 -0.029346424634294 -0.33420784896789 0.39621050493808 9.8046324442079 -0.28460379316488 0.079055209639726 9.8139094093897 -0.016855859892828 -0.019346997940944 0.014666908163716 -0.016786285401102 -0.01980880252722 0.014125071235783 1.0409197855743 0.15570806016388 4 2 0 0 0
49.010559109724 8.4233480546504 113.37422943115 0.037673 0.004035 1.7393463267949 7.2964409364066 -1.2199102465175 7.3976795067276 0.023663887569386 0.0067693203771476 -0.46989134180384 0.35298895213787 9.7975606145822 -0.43130009514327 -0.016103819901541 9.8057050196512 0.00045208212275769 0.0015116643866192 -0.0054827746793858 0.00043056399928666 0.0017168678264234 -0.0054228023791573 1.0525473861067 0.10347946656221 4 2 0 0 0
49.010691541253 8.4233154183945 113.34467315674 0.04845 0.009012 1.7024243267949 4.5232448942031 -0.59293568810367 4.5619333903496 0.0083817753036863 -0.031563231888912 -0.32901509191626 0.41046997863296 9.8103343698868 -0.24441253117898 -0.066122583392359 9.8211914602832 -0.0016027102167922 0.0065733100936825 -0.010013903631017 -0.0016858020358457 0.0070516565173108 -0.0096698772238617 1.1114931398799 0.098351410767716 4 2 0 0 0
49.009957359727 8.4234894451706 113.78519439697 0.031532 -0.013564 1.6848243267949 1.4944040873145 -0.073478140268288 1.4930645259821 0.096955291398192 -0.045134445948395 2.7740945008972 0.25816809500671 9.9163170900991 2.646592059104 -0.057525658643168 9.9544046531672 -0.0051234660124074 -0.012942018637375 0.0013350326737346 -0.0051361077890144 -0.012977498465626 0.00085556024247939 0.75274564097044 0.10191172650878 4 2 0 0 0
49.010801778901 8.4232947830187 113.33589935303 0.017481 -0.007722 1.6883573267949 6.4412961983677 -0.78600666946228 6.4890354110491 -0.021527399437891 0.092533476058055 1.1689769792681 0.3596163956809 9.7992553739436 1.0558614138369 0.17638202032977 9.8182428357478 -0.021204168613386 0.065569256802676 -0.010904628267044 -0.021106170706841 0.065757821716647 -0.0099067555673781 1.2305202151936 0.099824846606444 4 2 0 0 0
49.010784211984 8.4232980260836 113.3177947998 0.02302 -0.017736 1.6897823267949 5.9227514580802 -0.73996085052218 5.9687137422895 -0.031418267176967 0.0066933835692271 2.0744983077485 0.29510794262614 9.6314390909645 1.9069793485542 0.051471488832056 9.6706210345624 -0.040526328401915 -0.0068540116928817 -0.00050331751569082 -0.040507951254856 -0.0068426581742655 -0.001374798608683 1.2305202151936 0.099824846606444 4 2 0 0 0
49.010579070386 8.4233427202733 113.3744430542 0.039075 0.001673 1.7379873267949 7.1115949426626 -1.1703110607936 7.2071784235132 0.031364136774639 -0.0042931428564118 -0.9110924468184 0.45704198878061 9.7754960670447 -0.89344034922153 0.076351168326029 9.7875110695697 0.0029591824567064 -0.0025267553300081 -0.0045212715157155 0.002950982404199 -0.0023487914263072 -0.0046207224841933 1.0525473861067 0.10347946656221 4 2 0 0 0
49.010956092223 8.4232693923097 113.24382019043 0.027451 0.010622 1.6607783267949 5.416249348894 -0.52765662502857 5.4418469063093 -0.023156923522041 -0.060118149051417 -1.1513110056726 0.15671921554417 9.7872542696261 -1.0443517673036 -0.11699201258188 9.7997859438226 -0.0084596599499458 -0.006732327599861 -0.05000145215313 -0.0090060245055654 -0.005333467698626 -0.050075524603575 1.3564018578578 0.10807404868885 4 2 0 0 0
49.009980031186 8.42348656079 113.77984619141 0.024701 -0.000111 1.6933853267949 2.5527952070526 -0.21130418632664 2.5595403574531 0.10084330823338 -0.039959690444264 -0.02505043551485 0.28288846987588 9.8332432070794 -0.022520778595682 0.037657986049233 9.83726527096 -0.0041494965639673 -0.0064496495241174 0.011271242012289 -0.0041463094848132 -0.0067287721147269 0.011110841919021 0.85323970840556 0.1188276062201 4 2 0 0 0
49.009953163366 8.4234898650757 113.80866241455 0.03442 -0.00296 1.6851303267949 0.60564139758195 0.027217417694708 0.59857107198596 0.096196926155729 -0.066050687527005 1.2763946356921 0.32637508301138 9.6608186003407 1.2579937272861 -0.0087359662688074 9.6689771212942 -0.0043564752742116 -0.018798792737549 -0.0014008633583624 -0.0043519045988017 -0.018739077292968 -0.0020583626200841 0.69903504919281 0.10191172650878 4 2 0 0 0
49.010687117095 8.4233163298768 113.34796905518 0.048943 0.008096 1.7034183267949 4.5507803512404 -0.59351400051552 4.589288892275 0.016717869342837 -0.035516845869026 -0.30912159386935 0.55087344593929 9.8113448321912 -0.2307094259675 0.070006324426244 9.8287246022605 -0.00017980767364377 0.0015327637365973 -0.012520122615263 -0.0002790333923654 0.0021432143215065 -0.012427243651805 1.1114931398799 0.098351410767716 4 2 0 0 0
49.009948997315 8.4234894964184 113.8747253418 0.036223 0.000769 1.6868813267949 -0.042042301855389 0.096478616562078 -0.052940968362242 0.090955229783466 -0.040357897288898 0.24042166083881 0.35112047745672 9.8393013069963 0.24940305387524 -0.005750417964103 9.8453565281555 -0.00044135710602129 -0.0026445378641455 -0.0012596145599564 -0.00044240480725029 -0.0025971771945706 -0.0013543096396673 0.57724864659867 0.089274856482663 4 2 0 0 0
49.009947365589 8.4234891251199 113.91339111328 0.036919 0.000927 1.6873713267949 0.030228752927471 0.083217381367385 0.020339860880645 0.086169084572733 -0.044234388013325 0.29578034180846 0.35125443133432 9.8514371801024 0.30544256093093 -0.012797345425046 9.8573973852529 -0.00026056984740065 -0.0010154120183166 -0.00088216190568314 -0.00026142097086752 -0.00098216097849921 -0.00091879144318911 0.53265842713694 0.085146931829632 4 2 0 0 0
49.010715884495 8.423310610644 113.31622314453 0.045553 0.00339 1.6971273267949 4.3207719804788 -0.54723602963259 4.35529071457 0.003856019504646 -0.055594552598898 -0.27132996799451 0.21009866405213 9.7046519205705 -0.22799029381878 -0.23757095085578 9.7053470528126 -0.0098498799468748 -0.019182896721561 -0.0084912153002764 -0.0098914735262404 -0.018770801073224 -0.0093161657548614 1.1496195022702 0.094047860156412 4 2 0 0 0
49.009948913892 8.4234897811302 113.86291503906 0.036359 0.000626 1.6868323267949 -0.044442733771047 0.099568722491527 -0.055674902070228 0.093751551132867 -0.050689799972935 0.16966196143227 0.33297182572272 9.7546615894302 0.178780013953 -0.021359172173009 9.7601886771563 0.00094435403874307 -0.0054949415887686 -0.00040723843608906 0.00094385657730112 -0.0054765529176976 -0.00060743782883023 0.57724864659867 0.089274856482663 4 2 0 0 0
49.010711647114 8.4233114391487 113.32209014893 0.046999 0.005454 1.6981293267949 4.3539800584824 -0.56723898726062 4.390765082045 -0.0071392228050156 -0.054490671176136 -0.39521809746484 0.5024281219634 9.8117553164221 -0.332415407322 0.032074333273002 9.8269792853753 -0.015769721716633 -0.017036096486744 -0.0095475764569159 -0.015834788849739 -0.016559938550579 -0.01025656552038 1.1496195022702 0.094047860156412 4 2 0 0 0
49.010191069299 8.4234497605036 113.5931930542 0.047276 0.010339 1.7091683267949 8.299306551527 -0.97894418326319 8.3551208950702 0.16992752654157 -0.060599382067762 0.45418633433352 0.58943198932978 9.9471455242419 0.55119362586203 0.11815959106972 9.9590119848365 -0.00018834419150672 0.011021839192143 0.0099340968997317 -8.7513205178707e-05 0.010539718339333 0.010449746691184 1.1637684477593 0.15570806016388 4 2 0 0 0
49.009947573038 8.4234892340157 113.90653991699 0.036823 0.000908 1.6873713267949 0.091783815739131 0.075987484843779 0.082322613312722 0.086147067328367 -0.04208861272566 0.27711999022491 0.34315128821861 9.7920877087916 0.28619444155055 -0.017799914010921 9.7978225365702 -0.00030489458284922 -0.00041049619366012 8.61066268398e-06 -0.00030493800017429 -0.00041052390349896 -6.2337001749022e-06 0.53265842713694 0.085146931829632 4 2 0 0 0
49.00994860419 8.4234892828782 113.89247131348 0.036314 0.000972 1.6870343267949 0.20141894958965 0.066394294762153 0.19235397828096 0.089318304066625 -0.038569236582212 -0.14140006728579 0.35777307547465 9.8176143896115 -0.13325669698667 0.00079684023735605 9.8242576144444 -0.0004050643569321 0.0023573983945279 -0.0012176148610008 -0.00040608253297391 0.0024000716193763 -0.0011309016096721 0.53265842713694 0.085146931829632 4 2 0 0 0
49.010282116824 8.4234222008568 113.55358886719 0.026716 0.003959 1.7244963267949 8.0927124013917 -1.1507370136998 8.1736466525772 0.08865481182739 0.028159732344819 -0.2337657395618 0.45687281563677 10.001509395518 -0.20636803143738 0.18464924169461 10.01082718726 -0.0082307773590239 0.02199740421606 0.027446474868767 -0.0081539415587691 0.021244588063579 0.028041968849339 1.0409197855743 0.13063307391316 4 2 0 0 0
49.009950853948 8.4234901902947 113.82438659668 0.035811 -0.000382 1.6860283267949 0.33491690883178 0.061313659309393 0.32563675968802 0.099443561757026 -0.040616753489413 0.33504805087298 0.33650805307927 9.8033109011759 0.33116815511801 -0.014807163106749 9.8092066346253 -3.9589303489638e-05 6.7291469571867e-05 -0.0017171680999022 -3.8914382064347e-05 0.00012872836949212 -0.0017136999096538 0.69903504919281 0.10191172650878 4 2 0 0 0
49.010116419551 8.4234635073441 113.6508102417 0.026885 0.007762 1.6962693267949 7.6015717994709 -0.79153375787486 7.6409038981239 0.16430845726731 -0.097177053991305 1.223424038899 0.17002639268621 9.380876605944 1.3026991742372 -0.06977713022543 9.3715690666188 0.023427657622016 -0.012423155853306 0.0042970588164908 0.023459575370332 -0.01253275354392 0.0037653059004075 1.0628000752729 0.14288806808128 4 3 0 0 0
49.01076835198 8.4233009832561 113.30760955811 0.033171 -0.016723 1.6895833267949 5.3519554074041 -0.66580676508246 5.393144380349 -0.026849761359832 0.045726632675063 1.9256851752926 0.24419616518658 9.9793904673418 1.7571210615779 -0.10726892418075 10.013119376752 -0.03613487047011 0.0023689371456443 -6.3645942803547e-05 -0.036130060361352 0.0023681823412672 -0.00059029235039109 1.1895936280932 0.095462034338265 4 2 0 0 0
49.009972799212 8.4234875065937 113.78626251221 0.027625 -0.000516 1.6898813267949 2.5944582306522 -0.21376022036374 2.6015354369166 0.094536516669425 0.035059621508275 -0.16138943245996 0.35835122805488 9.618268194898 -0.18717463555172 0.0854496013377 9.6245562210939 -0.012746428679708 0.037677797848121 0.00878346992544 -0.012769761313775 0.037414409373552 0.0098297783425949 0.75274564097044 0.10683164325236 4 2 0 0 0
49.010652516131 8.4233239580788 113.3666229248 0.047702 0.006312 1.7183483267949 5.2208156755468 -0.73664868522755 5.2723498709741 0.044772721429311 0.023884888808048 -1.1956986697319 0.37261918605851 9.8175339251566 -1.1404660231942 -0.080933698813928 9.8310303888153 0.026925478393073 0.011304662042838 -0.0199006887838 0.026815774417028 0.012211937183871 -0.019504115236228 1.1114931398799 0.098351410767716 4 2 0 0 0
49.010657050002 8.423322905996 113.36798095703 0.049099 0.007921 1.7162203267949 5.1032333071294 -0.72221631258512 5.1539861093028 0.031143641942707 0.011863908803678 -1.2576153926295 0.5573462089765 9.5912520418869 -1.1891218206165 0.09351744629717 9.6158759915249 0.013925995622666 0.012868416014377 -0.021607907562807 0.013775328654759 0.013898256446341 -0.021051870977639 1.1114931398799 0.098351410767716 4 2 0 0 0
49.009952595529 8.4234899290062 113.81394195557 0.03485 -0.001026 1.6853223267949 0.5041941073002 0.038915173019448 0.49643676584139 0.096311923787654 -0.050756683852649 0.75652142239427 0.32426943936555 9.6724704880097 0.74989012717528 -0.015312485865928 9.6784633805485 -0.0041684728990127 -0.0061005711226541 -0.0011471329023778 -0.0041675860107539 -0.0060564714224909 -0.0013631223741596 0.69903504919281 0.10191172650878 4 2 0 0 0
49.010837781197 8.4232885179585 113.32991027832 0.019865 0.007959 1.6817893267949 6.4693143771882 -0.70566913709793 6.5076633388976 0.018660183311369 -0.080331558281658 -0.082797947322033 0.10122013944913 9.9295625058651 0.0076901863562809 -0.085907379222281 9.9302041798639 0.018412021369629 -0.020820528285932 -0.0088034573279893 0.018328461501934 -0.020650025658589 -0.0093641456053213 1.2770003915426 0.10807404868885 4 2 0 0 0
