49.01424870623 8.4169763260459 110.5940322876 -0.006692 0.014533 2.0473483267949 0.0022649659078537 -0.012120477051532 0.0075695886391899 -0.0097334710088992 -0.011987364903703 -0.14431469024589 -0.058881953171948 9.8058391849752 -0.001463258649122 0.006858836952996 9.8070749799956 0.00024040881963772 -0.00052731256398327 0.0015727387731961 0.00026332262710982 -0.00051677337900646 0.0015725677324739 0.40151961346863 0.04172529209005 4 5 4 4 0
49.014248709725 8.4169766879956 110.66027069092 -0.006701 0.014556 2.0464053267949 -0.0011832100068088 -0.012523120023909 0.0046817535814721 -0.01167518346801 -0.010356774438713 -0.13863311377224 -0.057384209169996 9.8075189454955 0.0041840327022683 0.0082777342318684 9.8086619611326 -0.00011848600527466 -4.9764147004109e-05 2.641295317172e-06 -0.00011842369958973 -4.9752270142796e-05 4.697795835631e-06 0.40151961346863 0.042426406871193 4 5 4 4 0
49.014248727888 8.4169763240176 110.58862304688 -0.006707 0.014632 2.0468803267949 0.0029888477871067 -0.01187950631298 0.0080985540884693 -0.0091908008983349 -0.012297673009057 -0.13702943256041 -0.062773045374834 9.8111107077101 0.0062177531164482 0.0030830011896514 9.8122658288375 8.2454770096303e-05 0.00066259074568771 0.0015242056534117 0.00010464826756419 0.00067283201082607 0.0015183225067783 0.40151961346863 0.04172529209005 4 5 4 4 0
49.014248702363 8.4169762995458 110.60726928711 -0.006717 0.014626 2.0474933267949 0.00095116582858027 -0.013346331106603 0.006969435052661 -0.011421747851924 -0.011070391333753 -0.14049603977738 -0.057676279565377 9.8062340657304 0.0025191756933184 0.0082739618507941 9.8074058344566 0.00014503715501763 0.00072269873855457 0.0012973471763112 0.00016388052743248 0.00073141106438617 0.0012902249886319 0.40151961346863 0.04172529209005 4 5 4 4 0
49.014248684297 8.4169766979679 110.6701965332 -0.006733 0.014526 2.0466373267949 -0.0018129244978458 -0.012709569191041 0.0042107712040205 -0.012128036577856 -0.010216036552816 -0.14164049026183 -0.062240342986112 9.8083990397558 0.0010127981983523 0.0036227823103763 9.8096184396822 -0.00032056398223014 -0.00034350467707981 0.0010322522389857 -0.00030547295364266 -0.0003365625766725 0.0010390402382 0.40151961346863 0.04172529209005 4 5 4 4 0
49.014248735526 8.4169762835411 110.62890625 -0.006744 0.014569 2.0470253267949 6.2703400391071e-05 -0.015315758256067 0.007077341004292 -0.013582640017362 -0.0099768670103055 -0.14560896152267 -0.060246477452613 9.8073264204424 -0.0025915894258204 0.0058978511051238 9.8085902252852 -4.1198488583337e-06 -0.00024839459863116 0.00069103413990282 5.9773882413744e-06 -0.00024374738994801 0.00069268040800285 0.40151961346863 0.04172529209005 4 5 4 4 0
49.014248668802 8.416976831651 110.70970916748 -0.006733 0.014557 2.0456633267949 -0.0028281079673565 -0.013712240324639 0.0037617807133129 -0.013486217331643 -0.0092088382917606 -0.14099562328467 -0.056707604228116 9.8027538806896 0.0014739495086262 0.0090957881606278 9.8039274216969 -0.00042412302917007 0.00024520509293754 0.00058960643456903 -0.00041552129417078 0.0002491643500458 0.00059405352558108 0.40151961346863 0.04172529209005 4 5 4 4 0
49.014248701709 8.4169768419464 110.7093963623 -0.006705 0.01453 2.0449413267949 -0.0021197509313515 -0.013800021588939 0.0044201277299875 -0.013243967020007 -0.0095447215838675 -0.14381489186194 -0.065010597534951 9.810031718677 -0.0012963618406944 0.00081691998597238 9.8113007681216 3.3068896660781e-05 -0.00010709849040686 0.0010512722073431 4.8328198590792e-05 -0.00010006407760901 0.0010513568242524 0.40151961346863 0.04172529209005 4 5 4 4 0
49.014248798586 8.4169764390898 110.63997650146 -0.00671 0.01457 2.0455663267949 0.00064550987957988 -0.014588995550833 0.0072442104649834 -0.012679797432093 -0.010375629301551 -0.138179669851 -0.062487885858327 9.8080669239353 0.0048236902545965 0.0033427245622455 9.8092375669157 -2.5701223481832e-05 -0.00015557606455377 0.00029213439395633 -2.1388566255719e-05 -0.00015359264451559 0.00029351047136926 0.40151961346863 0.042426406871193 4 5 4 4 0
49.014248763215 8.4169763397483 110.63819885254 -0.006743 0.014567 2.0464143267949 0.00011824460815687 -0.01547948220206 0.0071951285847034 -0.013706145019805 -0.0098850119439858 -0.14701066556836 -0.060270898305286 9.8080618551074 -0.0040778475264618 0.0058474676091306 9.8093460901689 -0.00011559897850242 -0.00012045897828059 0.0005215594461385 -0.00010796939775846 -0.00011693244312421 0.00052397998471183 0.40151961346863 0.04172529209005 4 5 4 4 0
49.014248789662 8.4169764909249 110.6448059082 -0.006733 0.014538 2.0455113267949 0.00053325861660971 -0.014373984156531 0.0070452863595552 -0.012540323971802 -0.010334290865733 -0.14460626615667 -0.059517400628942 9.8078138884751 -0.001659977669793 0.0062372716103454 9.809058366925 -0.0005780919972189 -0.00059598763139171 -0.00058967669946602 -0.00058652503480276 -0.00059994978758836 -0.00057716795507853 0.40151961346863 0.042426406871193 4 5 4 4 0
49.014248735564 8.4169762795549 110.62461090088 -0.006748 0.014562 2.0469683267949 0.00058285841371416 -0.014891842262333 0.0073439779928429 -0.012968143644428 -0.010194578699583 -0.13995244961358 -0.058094634511015 9.8089729720499 0.0030639816314639 0.0080642980823781 9.8101395466587 -4.2051083209265e-05 -0.00032501663179457 0.00051717865272983 -3.4436910530159e-05 -0.00032149965114358 0.00051987902944126 0.40151961346863 0.04172529209005 4 5 4 4 0
49.014248774931 8.4169765232072 110.64707183838 -0.006643 0.014563 2.0458043267949 0.00019633220846366 -0.014041999600688 0.0065946959651282 -0.012398648575385 -0.010416279829113 -0.13857466298852 -0.059688279994283 9.8048444014075 0.0042314407277836 0.0057725618281458 9.806002752638 0.00052901533883079 3.2782506418166e-05 0.001425959015027 0.00054967243075823 4.2241401109749e-05 0.001417847992292 0.40151961346863 0.042426406871193 4 5 4 4 0
49.014248714837 8.4169768817828 110.71746063232 -0.00668 0.014542 2.0444053267949 -0.0012653757599342 -0.01414222688059 0.0053253963302009 -0.013162250716836 -0.0095406262280519 -0.14300163711023 -0.060053974209611 9.8133693368077 -0.00035408583074922 0.0057708552886244 9.8145930863384 0.00045362346366903 4.8699975182489e-05 0.0013881984939893 0.0004737827264378 5.8045001411343e-05 0.0013811183420504 0.40151961346863 0.04172529209005 4 5 4 4 0
49.014248749425 8.4169763073201 110.58329772949 -0.006682 0.014595 2.0464623267949 0.0035434196786455 -0.011936038261036 0.0086143746351385 -0.0089899707144595 -0.012668704361983 -0.14046355060532 -0.059624779669612 9.8067392937311 0.0028113324717199 0.0059207191881235 9.8079236927616 5.8466359414604e-05 -0.0001907050667091 0.00089472054752245 7.1560110291374e-05 -0.0001847246110772 0.00089504328963275 0.40151961346863 0.04172529209005 4 5 4 4 0
49.014248725573 8.4169766588743 110.65601348877 -0.006699 0.014583 2.0463203267949 -0.0010038236264478 -0.01274721268701 0.0049435517421166 -0.011792410104484 -0.010469651803078 -0.1462661754729 -0.063384556517369 9.8128653193183 -0.003248242130483 0.0022294811008727 9.8141596072034 -0.00029654121592627 0.00019231978918512 0.00058326774303681 -0.0002880387135925 0.00019621116024082 0.00058622471879228 0.40151961346863 0.042426406871193 4 5 4 4 0
49.014248748267 8.4169762870875 110.63027954102 -0.006785 0.014591 2.0468963267949 0.00013636137095311 -0.015491600348735 0.0072218483953518 -0.013705967647046 -0.0099975417388787 -0.14103186633213 -0.062520381993337 9.8075793572526 0.0018785991962509 0.003689077725472 9.8087918537185 -0.00065347709899421 0.00031303903574423 0.0017663370972331 -0.00062768552319577 0.00032499872685316 0.0017735502740613 0.40151961346863 0.04172529209005 4 5 4 4 0
49.014248685247 8.4169769697217 110.73167419434 -0.006721 0.014557 2.0447523267949 -0.0015112957998 -0.013919770536238 0.0050064428721144 -0.013075935341822 -0.0091881434466889 -0.14329618332115 -0.062822509214532 9.8073061425381 -0.0005855704371937 0.0029841879781946 9.8085536669324 -0.0002343823823917 0.00014321929503082 0.00061967392417512 -0.00022535324654404 0.00014734313618103 0.00062204328212013 0.40151961346863 0.04172529209005 4 5 4 4 0
49.014248737107 8.4169762799024 110.62088012695 -0.006756 0.014564 2.0469063267949 0.00078308221712353 -0.014514368908694 0.0073487267350179 -0.012540986151731 -0.010467934085523 -0.14494751300475 -0.0670191603111 9.8087487734339 -0.0019974938145579 -0.00085589578414423 9.8100482096768 -0.00015561041144922 -0.00018598118118251 0.00036152627313862 -0.00015031140536004 -0.00018350746059932 0.00036499430383039 0.40151961346863 0.04172529209005 4 5 4 4 0
49.014248692733 8.4169763040966 110.60443115234 -0.006712 0.014541 2.0475743267949 0.0010416156239865 -0.012908951795064 0.0068499929479111 -0.01099110608145 -0.011220930113683 -0.14847771903176 -0.064509347468821 9.8123592190079 -0.0055985754416934 0.0014336519222175 9.8136925780128 0.00019638040393899 -0.0003595282999314 0.00026270553424119 0.00020021780932531 -0.00035777661513137 0.00026222796919839 0.40151961346863 0.04172529209005 4 5 4 4 0
49.014248713363 8.4169768539357 110.7121887207 -0.006693 0.014536 2.0446173267949 -0.0014075663769743 -0.013997755637033 0.0051370128263294 -0.013097077665335 -0.0095292123618313 -0.13731976361091 -0.060725234138678 9.806410260931 0.0051553443920735 0.0049880864639119 9.8075572006822 0.00012964304879487 6.2220832158539e-05 0.0006180613364793 0.00013858557916347 6.6377240711824e-05 0.00061568831125192 0.40151961346863 0.04172529209005 4 5 4 4 0
49.014248737652 8.4169766159395 110.65207672119 -0.00667 0.01456 2.0462273267949 -0.00049736498247997 -0.013119141085467 0.0055621318457328 -0.011892120962397 -0.010425927288817 -0.13485942989693 -0.055545696312224 9.8052639771749 0.0079400705017198 0.0099096698021143 9.8063404958596 6.0828968837792e-05 1.2798779955197e-05 -0.00042558301942749 5.4633638344155e-05 9.9617995825633e-06 -0.00042650582376813 0.40151961346863 0.042426406871193 4 5 4 4 0
49.014248707491 8.4169770614943 110.7446975708 -0.00667 0.014471 2.0439333267949 -0.0011956369222304 -0.013605109477675 0.005138458286953 -0.012654100066649 -0.0088964574662521 -0.14190415370273 -0.06107924839355 9.8090124015764 0.00062555859624329 0.0043829259750486 9.810227913282 -3.4884063601735e-06 -0.0011240353878251 0.00073994146313333 7.3364924831347e-06 -0.001119089804308 0.00074738684180147 0.40151961346863 0.04172529209005 4 5 4 4 0
49.014248721867 8.4169762948408 110.61003112793 -0.006709 0.014563 2.0471523267949 0.00079825658549678 -0.013680883685763 0.0069847009604251 -0.011790565582964 -0.010856977956231 -0.14808789310417 -0.063637932625389 9.8091407292051 -0.0052553698075623 0.0022725960147732 9.8104632043724 0.00016028730613272 -2.3518126842573e-05 0.00071377782502427 0.00017067206124097 -1.8724825001938e-05 0.00071152275926654 0.40151961346863 0.04172529209005 4 5 4 4 0
49.014248692817 8.4169767035147 110.66424560547 -0.006725 0.014539 2.0466433267949 -0.0015573540430822 -0.012252682949627 0.0042275225444487 -0.011605275321796 -0.010322314287338 -0.14353972138896 -0.064058202653667 9.8069917365314 -0.00088324295604026 0.0017356049430136 9.808251061214 -0.0002707000129098 -9.6876879158027e-05 0.00075416682337292 -0.00025969402582606 -9.1820215328148e-05 0.0007586569821457 0.40151961346863 0.042426406871193 4 5 4 4 0
49.014248637277 8.4169767536801 110.69256591797 -0.006728 0.014558 2.0472653267949 -0.0027031428379927 -0.013080684265557 0.0035952660160155 -0.012864167405193 -0.0095861936362219 -0.14431864282022 -0.060625932171313 9.803903415564 -0.0017991892987165 0.0053482366956197 9.8051516829253 4.4792645795991e-05 0.00038787945042549 0.0015853187902995 6.7814505448874e-05 0.00039853018198886 0.0015818525545206 0.40151961346863 0.04172529209005 4 5 4 4 0
49.01424873626 8.4169762864563 110.61328125 -0.00675 0.014554 2.0468593267949 0.00085759928120473 -0.014213577328694 0.007278044438505 -0.012238932655261 -0.010780032991912 -0.13690390438067 -0.059616246789957 9.804524723316 0.0058748317927635 0.0064625693238717 9.8056574470898 -0.00016362946855922 -0.00019361017754763 -0.00010572630788576 -0.00016512960705741 -0.00019433149255329 -0.00010202039602519 0.40151961346863 0.04172529209005 4 5 4 4 0
49.014248607766 8.4169767922286 110.70516967773 -0.006739 0.014491 2.0474443267949 -0.0036685371777906 -0.013558014261882 0.0029625593476615 -0.013729592116384 -0.0091103504132933 -0.13627937996813 -0.061436916345559 9.810097894008 0.0061446150320647 0.0047460731549422 9.8112338374806 9.2759966980739e-05 -0.00049672869900181 0.00035405922076365 9.7967430575061e-05 -0.00049428916008608 0.00035602552440629 0.40151961346863 0.04172529209005 4 5 4 4 0
49.014248799492 8.4169764100874 110.63803100586 -0.006756 0.014613 2.0455773267949 0.00051556264208275 -0.014970339841674 0.0073052196517495 -0.013077140260209 -0.010207178411333 -0.14285533129889 -0.059247502497933 9.801981339764 0.0001387008089231 0.0066873349489116 9.8031991550717 -0.00063798236769805 0.00040534919745898 0.00037727826592898 -0.00063244391478423 0.00040791962253473 0.00038383824718902 0.40151961346863 0.042426406871193 4 5 4 4 0
49.014248622905 8.4169768140649 110.70875549316 -0.006702 0.014545 2.0468913267949 -0.0034020957074211 -0.013524573372573 0.0031783906573085 -0.01357894683493 -0.0089694107187158 -0.14828025388414 -0.06264881277104 9.8092914500719 -0.0057848293100945 0.0032668495174705 9.8106100438353 0.00027260451819535 0.00023609068867712 0.00063466288048378 0.00028180362579477 0.00024037407920078 0.00062902832834145 0.40151961346863 0.04172529209005 4 5 4 4 0
49.014248692296 8.4169763195796 110.59951019287 -0.006655 0.014557 2.0476263267949 0.001515562460087 -0.012472052779353 0.0070688312622427 -0.010386686931383 -0.011629109308319 -0.13985611116219 -0.061712775028888 9.8127250615284 0.0031080671454583 0.0040180670060187 9.8139144313893 0.00080678588208786 -0.00017499658531198 0.001363205539625 0.0008265746681198 -0.00016592196272719 0.0013524250492651 0.40151961346863 0.04172529209005 4 5 4 4 0
49.01424860811 8.4169767616028 110.7007598877 -0.006733 0.014534 2.0476743267949 -0.0035382890140591 -0.013497765110211 0.003050412531432 -0.013616351776667 -0.0091146578869943 -0.14590290109533 -0.064044755689792 9.8074819676616 -0.0033685631368241 0.0020624411771453 9.8087756232436 0.00013587935587491 4.6713215941316e-05 0.0010184945595475 0.00015066549544144 5.3586094594078e-05 0.0010160827816013 0.40151961346863 0.04172529209005 4 5 4 4 0
49.014248659714 8.4169767324748 110.68376922607 -0.006723 0.014547 2.0469163267949 -0.0021826680876467 -0.012971395229417 0.0040029975917842 -0.012529883283451 -0.009848216715914 -0.14262395891104 -0.059623923199264 9.8074997443196 4.7170762312838e-05 0.006367958391263 9.8087161948732 0.00012132957707741 2.9881915802648e-05 0.0011139607665561 0.00013748819141869 3.7373842395504e-05 0.0011118339036753 0.40151961346863 0.04172529209005 4 5 4 4 0
49.014248678295 8.4169770132517 110.73733520508 -0.006684 0.014515 2.0448593267949 -0.0015524275198517 -0.013695025602024 0.0048701277830715 -0.012893633629508 -0.009063970521089 -0.14347744845443 -0.068227087399745 9.8095522377234 -0.00086484571479871 -0.0025651706169752 9.8108381180856 9.9048174945427e-05 -0.00039735609350786 0.00092333997131126 0.00011247439808491 -0.00039116183062565 0.00092441893194144 0.40151961346863 0.04172529209005 4 5 4 4 0
49.014248702626 8.41697693389 110.72601318359 -0.006737 0.014531 2.0444093267949 -0.0012690042369315 -0.014138027629006 0.005318750495123 -0.013160750136514 -0.0093940877984383 -0.14464559307665 -0.058307913616726 9.805975743016 -0.0020876517172683 0.0074278847949206 9.8072127611142 -0.00062626570196769 -0.00010164662920893 4.1623074112764e-05 -0.0006255979212074 -0.00010136837965619 5.1384338010009e-05 0.40151961346863 0.04172529209005 4 5 4 4 0
49.014248682412 8.4169766989739 110.66812133789 -0.006751 0.014568 2.0467283267949 -0.0017660439542868 -0.012533169752295 0.0041719405115128 -0.011949662337785 -0.010344367711515 -0.13793247205613 -0.062849845155042 9.8056771603512 0.0046985098865503 0.0029717094770357 9.8068469644775 -0.00066017002239903 0.000374125767389 0.0015562218154294 -0.00063749697184713 0.00038459768018009 0.0015631131304366 0.40151961346863 0.04172529209005 4 5 4 4 0
49.014248681907 8.4169767164265 110.67628479004 -0.006761 0.014548 2.0465583267949 -0.0018873731818175 -0.012840589901904 0.0042039342878608 -0.012278837880028 -0.010281574506612 -0.13988043913817 -0.059269798321925 9.8076289226029 0.0027733579638151 0.0067799917787649 9.808802676669 -0.00046663686863464 2.3551957646323e-05 0.00078944441973863 -0.00045510607854688 2.8890813723805e-05 0.00079595127906511 0.40151961346863 0.04172529209005 4 5 4 4 0
49.01424876084 8.4169763012108 110.6333770752 -0.006761 0.014537 2.0465813267949 0.00029090485765804 -0.015482367095938 0.0073517925278178 -0.01362864701553 -0.0098213867143578 -0.1459914817223 -0.062591627340238 9.8097227677864 -0.0030345292350496 0.0036579799264285 9.811008033574 -0.00018920772477087 -0.0006637231527952 0.0010012475396344 -0.00017456134292165 -0.00065694484041344 0.0010083654845742 0.40151961346863 0.04172529209005 4 5 4 4 0
49.014248624249 8.4169767491025 110.6971282959 -0.006719 0.014507 2.0474193267949 -0.0031289313234831 -0.013240372152239 0.0032925472993939 -0.013200674917733 -0.0093078543930312 -0.14488533475754 -0.063770338051021 9.8087064863666 -0.0023482843671175 0.0022477918721425 9.8099835135364 0.00024892557812273 -0.00042454918426744 0.0012393294497069 0.00026691695666637 -0.00041620888190903 0.0012383861373583 0.40151961346863 0.04172529209005 4 5 4 4 0
49.014248782157 8.4169763688939 110.63801574707 -0.006713 0.014555 2.0459893267949 0.0001965894294419 -0.01525313568154 0.0071559053420139 -0.013471826300717 -0.0099468328815451 -0.1415921990508 -0.062056896553345 9.8110153696957 0.0014682973068477 0.0039160059964736 9.8122326357033 0.00012072976900907 -0.00049339680075862 0.00060110107542759 0.00012952527540555 -0.00048931487845616 0.00060255106146099 0.40151961346863 0.04172529209005 4 5 4 4 0
49.014248750004 8.4169765851262 110.65013122559 -0.006697 0.014548 2.0461163267949 -0.00022897632698984 -0.013528435502935 0.0059854904428961 -0.012134490927425 -0.010415657673598 -0.14402095571141 -0.065715049226389 9.8119128833021 -0.0012469691924953 -0.00012585721538262 9.8131898937476 -0.00031674589089079 5.5434464339271e-05 0.0004908019903373 -0.00030956178671839 5.8691153706923e-05 0.00049496592261703 0.40151961346863 0.042426406871193 4 5 4 4 0
49.014248691346 8.4169770276864 110.74020385742 -0.006675 0.014546 2.0444243267949 -0.0014372781959903 -0.013546813594357 0.0049022512675431 -0.012710242689384 -0.0088244603139051 -0.14115382326768 -0.062601256078128 9.8069339714848 0.0012836093682346 0.0029629806328829 9.8081487114939 0.00015399984417425 0.00034304210942445 7.1258190300261e-05 0.00015500441309859 0.00034350323485875 6.6708488183322e-05 0.40151961346863 0.04172529209005 4 5 4 4 0
