49.009877640149 8.4176942753138 115.60958862305 0.036239 0.017261 -1.8261359803847 -0.017242542464527 0.002328053674747 0.016094860974647 -0.0066091568964261 0.027148681430547 -0.19230992648047 0.36380474461792 9.7804963154123 -0.02380808199892 0.0096211333128758 9.7891190931778 0.00074374690021698 0.0010592024279651 0.0012447846275119 0.00076571318394068 0.0010134179240455 0.0012692958551509 0.087206651122492 0.018439088914586 4 9 5 5 6
49.009877426023 8.4176940351976 115.60903167725 0.03627 0.016554 -1.8254489803847 -0.0084199191768266 -0.004328591456623 0.0092387856873738 0.0020679512793523 0.011503672781969 -0.15589827250666 0.35475129508689 9.8149462773006 0.0075202989226435 -0.0013944541153219 9.8225905612467 -3.3435716779236e-05 -0.0011708976971788 3.39661468228e-05 -3.3440380283115e-05 -0.0011713741597836 -7.9709112103755e-06 0.080430093870392 0.013453624047074 4 9 5 5 6
49.009960008977 8.4177251564722 115.45227050781 0.029016 0.021192 -1.8164279803847 -5.9180409349378 -1.4622083639019 6.0959737702209 -0.018799903511817 -0.011346168493673 -2.1230978749527 0.32231691006366 9.8892002204558 -1.9109376786961 0.036729481950326 9.9375456843181 0.0028912511199495 -0.0038877243851355 -0.0051837281948664 0.0027775838051977 -0.0037363427722972 -0.0053542345458826 0.04172529209005 0.023345235059858 4 13 4 4 0
49.009877591592 8.4176941801043 115.58266448975 0.036098 0.017122 -1.8258569803847 -0.020191230543707 -0.00028387249033191 0.019609711343268 -0.0048192547759848 0.019128629120533 -0.16313452099433 0.34359388124571 9.8113072578137 0.0050020613825512 -0.01081402627611 9.8186722624789 -0.00026180173956008 3.9051183771287e-05 -0.00041926194147938 -0.00026894772681923 5.4141481489326e-05 -0.00041298506278581 0.081565924257621 0.014866068747319 4 10 5 5 6
49.009877469045 8.4176941444974 115.57637786865 0.036265 0.016325 -1.8247139803847 0.01222304936586 0.0030408977387328 -0.012594998629826 0.00012682180710792 -0.0054577495972956 -0.16232559809171 0.3468527648588 9.8040396461673 -0.0016706206466982 -0.0088118584814035 9.8115150874887 -7.4374211011089e-05 -0.0009839405662082 -0.00024972190207734 -7.9048952339696e-05 -0.00097423142479851 -0.00028393765939505 0.078600254452514 0.013453624047074 4 10 5 5 6
49.009877399365 8.4176941322771 115.59735107422 0.036072 0.016975 -1.8254199803847 -0.019218233986457 -0.0014432187631785 0.01896214573632 -0.0034438663162644 0.015400771173529 -0.15636510643617 0.34038946858125 9.8121501541138 0.0105782238599 -0.014017999754049 9.8192843532889 -0.00070524313552083 -0.00041287998025562 -7.0943187998713e-05 -0.00070662596391239 -0.00041007709807445 -7.3748104980003e-05 0.080280757345705 0.013453624047074 4 10 5 5 6
49.0098773775 8.4176940929812 115.60437011719 0.036178 0.016978 -1.8254779803847 -0.018012081708918 -0.0024515048175038 0.018048693856956 -0.0021655527359067 0.01546877328824 -0.17301926460646 0.36444202485562 9.7932530812844 -0.006982086607481 0.0099120725806999 9.8015538051241 -0.00035952114872168 0.00085043951439807 0.00024919006498912 -0.00035468439129638 0.00084088377713262 0.00028585045652863 0.080280757345705 0.013453624047074 4 9 5 5 6
49.009877298951 8.4176939746503 115.60326385498 0.036181 0.016456 -1.8247379803847 0.0093903159032614 -0.0024798963982118 -0.0084661332238094 0.0047594639721518 -0.0010362273327339 -0.16000339464737 0.34546902107952 9.8069628734086 0.0019164384266607 -0.0098394192494223 9.8143488724538 -0.00064709372747517 -0.00079777109613353 0.00018239399349638 -0.0006444624579484 -0.00080383855050015 0.00016399742881485 0.078006409993026 0.014212670403552 4 8 5 5 6
49.009877615925 8.4176942074364 115.58529663086 0.036129 0.01708 -1.8259289803847 -0.018751478595975 0.00094352602126359 0.017906002756121 -0.0056465273576557 0.020589002919106 -0.15917365495258 0.34500960352544 9.8047052863074 0.0089121734788677 -0.0095155700379488 9.8120585518286 -0.00017684006071133 -0.00070398753570726 0.00059549245652058 -0.00016707703154237 -0.00072502698622033 0.00057262090416778 0.081565924257621 0.014866068747319 4 9 5 5 6
49.009887962492 8.4176975751507 115.46182250977 0.035994 0.023347 -1.8240049803847 -1.9672584791568 -0.50053139912885 2.0299216609719 -0.0074780262454755 0.0019023309251999 -2.1601567390549 0.32394943382727 9.717661113137 -1.9307495187186 -0.024823741363045 9.7711782934565 0.0023947720282935 -0.0034304965135281 -0.0056285610653691 0.0022588144204594 -0.0032263933348839 -0.0058027255193326 0.070724818840348 0.030413812651491 4 4 5 5 0
49.009877378627 8.4176940704223 115.58702850342 0.036225 0.01648 -1.8246719803847 0.010629520040789 0.00031127420407555 -0.010367047181013 0.0023681034114654 -0.0035725308370823 -0.17053619337772 0.36657837222309 9.7934042135131 -0.0094056224060905 0.011454116402892 9.8017384107325 -0.0004156821630334 0.00063676232947894 -0.00042589887042892 -0.00042223863337442 0.00065176639495634 -0.00039558717590167 0.078006409993026 0.013453624047074 4 8 5 5 6
49.009877505122 8.4176941430652 115.58013153076 0.036096 0.017043 -1.8255689803847 -0.019961797284523 -0.00078489256628891 0.019515264418467 -0.0042712941729379 0.014683232754715 -0.14994827476652 0.34408208884228 9.8144993629016 0.017517886953897 -0.010321528501837 9.821655053199 -9.6020922816887e-05 6.5571220611888e-05 -0.00013174562865354 -9.8226878486764e-05 7.0264400928312e-05 -0.00012762863909054 0.080919713296576 0.013453624047074 4 10 5 5 6
49.00987743364 8.4176939938333 115.6068572998 0.03631 0.016535 -1.8255009803847 -0.0043089914772655 -0.0044147334152021 0.0052823142079984 0.0031866006535033 0.008798598489142 -0.16184804769576 0.34452418644206 9.804966283228 0.00078886131213309 -0.011405951738654 9.8123466377373 0.00046124658251625 -0.00070016643996965 -0.00011218371282625 0.00045890800864789 -0.00069564632688769 -0.00014508381234696 0.080430093870392 0.013453624047074 4 9 5 5 6
49.00987740614 8.4176940924778 115.57707977295 0.036258 0.016466 -1.8246919803847 0.011025932481488 0.0012535001007268 -0.010987329798555 0.0015559780806986 -0.0057339131260822 -0.17444986093474 0.36211476075859 9.792036680905 -0.013595240120048 0.0070251371120322 9.8002732267097 0.00013225155790368 0.00074121102951199 -0.00022047852667279 0.00012904072434201 0.00074872168045258 -0.00019563807342345 0.078006409993026 0.013453624047074 4 8 5 5 6
49.009877411502 8.417694139161 115.59565734863 0.036087 0.017074 -1.8254829803847 -0.019170239321944 -0.00091537581257008 0.018782512381851 -0.0039437481148877 0.015306185574502 -0.16717319307216 0.36738724871187 9.792569756505 -0.00036007587968899 0.013716014565517 9.8008778184524 -0.00035954787280156 0.00099272609214163 -0.00017043344748066 -0.00036183164530945 0.00099824497793272 -0.00012828516565067 0.080280757345705 0.013453624047074 4 10 5 5 6
49.009877477433 8.4176941577009 115.56732177734 0.036115 0.016396 -1.8247269803847 0.0090406728230358 0.0042951970817363 -0.0098297907626501 -0.0018861964781682 -0.0072084562333346 -0.16792828235892 0.34842329336935 9.7933314008744 -0.0069959421385563 -0.0059826259799299 9.80096470092 -0.0010406215479823 -0.00051511425672907 0.00015922670520217 -0.0010381863407479 -0.00052049292122438 0.00015758769736418 0.078600254452514 0.013453624047074 4 11 5 5 6
49.00987832111 8.4176949203323 115.58831787109 0.036108 0.016926 -1.8265879803847 0.0074917351832532 0.019088120021289 -0.012077825709065 -0.016571316194319 0.029614472704642 -0.18561160197064 0.34761243826854 9.7868991138933 -0.019729388980481 -0.0055983441664827 9.7948108555003 0.00013680967818024 -0.00063093408323638 -0.00023476676140896 0.00013234690503537 -0.0006220467810511 -0.00025962693901942 0.11204463396343 0.031144823004795 4 7 5 5 6
49.00987760373 8.4176941975583 115.58320617676 0.036134 0.017124 -1.8258419803847 -0.019888506998048 0.0003977801229601 0.019144453719206 -0.0054037160908867 0.01945759697028 -0.15124633386044 0.35868033537289 9.8032015779849 0.016584968234728 0.0043267091911061 9.8109141501604 6.7583171709276e-05 0.0004283120579314 0.00072472507741475 8.0266305056503e-05 0.00040188711517034 0.00073847630374441 0.081565924257621 0.014866068747319 4 9 5 5 6
49.009877439533 8.4176939826548 115.60211181641 0.036262 0.016478 -1.8253829803847 -0.0013004287621606 -0.003831523802092 0.0022234556543763 0.0033805247451368 0.0064070497137542 -0.15894268885382 0.35816157771 9.8064272282261 0.0031227774686707 0.0023164135249852 9.8142537818642 -0.00010279184963763 -0.00059250001731991 -0.00023866583875356 -0.00010705067438462 -0.00058342456365737 -0.00025818106716337 0.07981227975694 0.013453624047074 4 9 5 5 6
49.009878115369 8.4176947342511 115.59867095947 0.036126 0.01709 -1.8264339803847 -0.0026672681119209 0.014141874408497 -0.00099607416062025 -0.014356611687173 0.031935287493945 -0.17952917976356 0.35504436081592 9.8098145878643 -0.012707045699213 0.0004076296959884 9.8178748333486 -0.00032779128645976 0.0011730265983299 0.0004701657558749 -0.00031897270220156 0.0011553206182289 0.00051775941298414 0.11204463396343 0.031144823004795 4 7 5 5 6
49.009965324279 8.4177270816741 115.45079803467 0.028903 0.02173 -1.8159189803847 -6.0994950058569 -1.5124466782782 6.2842025015737 -0.01145854082424 -0.021072871208929 -2.1162180086642 0.31331458596858 9.7899855539316 -1.8986990408656 0.032768499453917 9.8394259350763 0.0046622100351307 -0.0077961027308258 -0.0037891941897471 0.0045714515879004 -0.007684980408965 -0.0041159423080032 0.04172529209005 0.023345235059858 4 13 4 4 0
49.009877620721 8.4176942370485 115.59798431396 0.036128 0.017161 -1.8260719803847 -0.019301945652039 0.0011371948465807 0.01838894282082 -0.0059753341179268 0.024214549408403 -0.16342032818682 0.34944025863165 9.794479468072 0.0046879995366024 -0.0048512098615837 9.802073535729 -0.00036212768586675 0.00029541906037699 0.00040251350835225 -0.00035490428256253 0.0002807216052523 0.00041913208678586 0.081565924257621 0.014866068747319 4 9 5 5 6
49.009877446709 8.4176941315586 115.57737731934 0.036241 0.016336 -1.8246719803847 0.012043184293024 0.0022429896052273 -0.012220494551792 0.00085374727380513 -0.0051927651569161 -0.15440807303985 0.3382944718671 9.8114321408234 0.0063984327997538 -0.017602483325232 9.8184625674688 -0.0003242381919256 -0.00090541232875573 0.00025785627303408 -0.00032050561823237 -0.00091416431413497 0.00023022572452116 0.078600254452514 0.013453624047074 4 8 5 5 6
49.00987737716 8.4176940587965 115.58945465088 0.036291 0.016443 -1.8247159803847 0.010806062420931 -0.00016436646201848 -0.010418381094249 0.0028731768503916 -0.0028692806520239 -0.15958686040903 0.34178312347731 9.8044241496429 0.001620597771152 -0.013857387602437 9.8116690743075 0.00046397021855701 0.00013901630503398 -0.00060647300474811 0.00045404217895385 0.00016090953773364 -0.0006085366735099 0.078006409993026 0.013453624047074 4 8 5 5 6
49.009877614092 8.4176942264808 115.59324645996 0.036135 0.017244 -1.8260159803847 -0.019330367912866 0.00083250416350158 0.018493791196895 -0.0056864610735912 0.022459482366665 -0.18329299403409 0.36351740377925 9.7910853695566 -0.014907762046854 0.0093980715115748 9.7995318276694 -0.00022953880117457 0.001188764246133 0.00041690149749176 -0.00022158820858027 0.0011729345373696 0.00046346638310988 0.081565924257621 0.014866068747319 4 9 5 5 6
49.00987755112 8.4176941441548 115.57769775391 0.036109 0.017073 -1.8257069803847 -0.019503016142278 -0.0010213028107574 0.019130164564047 -0.0039303055479195 0.016281577530254 -0.16239756845002 0.35305307034832 9.812912831645 0.0056499158659948 -0.0014164434559161 9.8206056388712 4.7118710649574e-05 -0.00067245101860319 0.00036691101881317 5.2963035997543e-05 -0.00068525848915562 0.00034149991479376 0.081565924257621 0.014866068747319 4 9 5 5 6
49.009877659311 8.4176943734778 115.62484741211 0.036173 0.017179 -1.8262819803847 -0.014704350791097 0.0050842453407775 0.012942034996341 -0.0086354500032439 0.030985939725913 -0.17275981373986 0.34659614121963 9.7977479167985 -0.0038886856002788 -0.0079751601100813 9.805396640649 -0.00010193439151663 -0.00074271767329405 0.00024418884771092 -9.8181164039255e-05 -0.00075105738573212 0.00021890207718571 0.087206651122492 0.018439088914586 4 9 5 5 6
49.00987743968619 8.41769401472335 115.59328104654600 0.03623460000000 0.01649826666667 -1.82507711371803 0.00272072409925 -0.00157555617644 -0.00223657557484 0.00220894242451 0.00196330184179 -0.15982744950507 0.35710994202078 9.80901547918447 0.00208069060192 0.00139658050270 9.81681732806819 -0.00022603681731 0.00005890404238 0.00065365189362 -0.00021520461770 0.00003520385516 0.00065903467773 0.07912200359571 0.01345362404707 4.00000000000000 9.00000000000000 -1.00000000000000 -1.00000000000000 -1.00000000000000
49.009877631116 8.4176942552956 115.60503387451 0.03618 0.017177 -1.8261579803847 -0.017813971210788 0.0019140152433924 0.016752757918059 -0.0063518541064617 0.025504816427217 -0.14557323003734 0.35545022204438 9.8105555153906 0.022846102770541 0.00039137307604808 9.8180484092987 9.7211590818678e-05 0.00049809752027313 -0.00011872932893024 9.5476829112836e-05 0.00050206907447329 -0.00010227420485497 0.087206651122492 0.018439088914586 4 9 5 5 6
49.00994469202 8.4177196355339 115.45958709717 0.03057 0.021978 -1.8171179803847 -5.2955071560532 -1.3112563493942 5.4554023057135 -0.019362094581349 0.0036614497995871 -2.1959929355137 0.3572091327616 9.8095098380034 -1.980880443086 0.059687634411703 9.8615267569654 0.0046188069409945 0.0018739249364489 -0.0005900090265143 0.0046061249809671 0.0018905304125091 -0.00063320781322068 0.052325901807805 0.023345235059858 4 13 4 4 0
49.009877427754 8.4176941147077 115.57569122314 0.036261 0.016423 -1.8246929803847 0.01183661425559 0.0021959719127469 -0.012008734826635 0.00084736436503366 -0.0056718995673339 -0.17098420366777 0.35885684441354 9.7942490339352 -0.010268231906974 0.0036524782216025 9.8023085057957 0.00015974811781708 0.00017895416334526 -0.00013228217569344 0.00015765458309945 0.00018364812558402 -0.00012828923287813 0.078006409993026 0.013453624047074 4 8 5 5 6
49.009877291302 8.4176939645416 115.6061630249 0.036217 0.016499 -1.8247739803847 0.0092194003798666 -0.002720612228676 -0.008240136539904 0.0049496624976919 -0.00010282203652339 -0.16519026543197 0.36457112320548 9.7989684134218 -0.0034266621190262 0.0096101152182287 9.8071358636922 9.4933723270419e-05 -3.270078781488e-05 -0.00016603105734495 9.2182852435757e-05 -2.6661325873344e-05 -0.00016869711026881 0.078006409993026 0.014212670403552 4 8 5 5 6
49.009877501417 8.4176941453347 115.58339691162 0.036086 0.017064 -1.8255659803847 -0.019243971179457 -0.00069213389341577 0.01879722194823 -0.0041802167218801 0.014720283850884 -0.18109580556767 0.35714304479666 9.7814515014644 -0.014117475097035 0.0039269929466758 9.7896355591058 -0.00028154550352162 0.00027966405346091 0.00011339989750778 -0.00027937344214806 0.00027540077257219 0.00012819675883154 0.080919713296576 0.013453624047074 4 10 5 5 6
49.009883590782 8.4176960101514 115.46532440186 0.036766 0.02269 -1.8251999803847 -1.4103277089335 -0.35794594228045 1.4550194526984 -0.0081497500698243 0.0060041307113734 -2.0647914189294 0.36324481852233 9.7806987541824 -1.8413570188652 0.0036220104896032 9.8319320985522 0.00043357756413145 -0.0015895139332628 -0.0036172377107258 0.00034984526654087 -0.0014554531868844 -0.0036821245074784 0.085562842402529 0.031112698372208 4 4 5 5 0
49.009922554448 8.4177115235643 115.46504974365 0.032378 0.022206 -1.8180789803847 -4.375468360476 -1.0698981256912 4.5042569504681 -0.032710680179292 0.005074036932594 -2.0993736157434 0.40439673406804 9.8129509569428 -1.8806149071572 0.085884664553356 9.8651484428021 -0.0011660945807699 -0.00042680357668942 -0.0036450746817177 -0.0012469794982079 -0.00030858591314946 -0.0036298035410292 0.052325901807805 0.026172504656605 4 13 4 4 0
49.009877442701 8.4176939859938 115.59917449951 0.036266 0.016488 -1.8252789803847 0.0006340798127778 -0.003070522625787 0.0001593201731056 0.0031312558547543 0.0045708058142615 -0.16094215038408 0.34629641053372 9.8085307582766 0.0012372421563231 -0.0095687737833543 9.8159595678118 -1.2863962908213e-07 -0.00059751649188745 -0.00015241222091137 -3.0383883960224e-06 -0.00059157723299518 -0.00017386347938656 0.07981227975694 0.013453624047074 4 9 5 5 6
49.009878976392 8.4176945549663 115.48321533203 0.036236 0.021943 -1.8265419803847 -0.051097745787216 -0.0033513483534387 0.050283694692497 -0.0096795426586931 0.019416166265496 -1.9516119125722 0.37985188956548 9.8158087581433 -1.7379158414544 0.024498235548236 9.8631932706029 0.00095754344478797 0.0040497378009069 -0.00024848586715433 0.00095517159553721 0.0040560932951628 -0.00012251779432221 0.085562842402529 0.031112698372208 4 4 5 5 0
49.009877474938 8.4176941831361 115.5696182251 0.036251 0.016311 -1.8247709803847 0.010793392703203 0.0045288348765521 -0.011585018880484 -0.0016718070933907 -0.0067629341578167 -0.15263221776847 0.34502195966343 9.8218632758658 0.0082809710583383 -0.010984828046272 9.8291003894934 0.00015089920778923 -0.0010952426181056 -6.3940672261943e-05 0.00014919574237474 -0.0010922063199326 -0.00010590697070264 0.078600254452514 0.013453624047074 4 10 5 5 6
49.009877328553 8.4176939897045 115.59828186035 0.036228 0.016458 -1.8247039803847 0.010282293884757 -0.0020328977645507 -0.0094418541055054 0.0045507851817373 -0.0012602380415044 -0.17117516731933 0.35492306196313 9.7891962700774 -0.0099238379803197 3.8680418375677e-05 9.7971219683038 -8.5959255873138e-05 -0.00027680037264609 0.00062150775991043 -7.5886351519104e-05 -0.00029911111677565 0.00061238977058819 0.078006409993026 0.014212670403552 4 8 5 5 6
49.00987745420420 8.41769406971471 115.58329671223601 0.03618860000000 0.01645893333333 -1.82494244705137 0.00515147360840 0.00068242584594 -0.00515704295476 0.00063388900041 -0.00156429741787 -0.16294315444886 0.35376892330869 9.80298314137291 -0.00141032199057 -0.00144157583677 9.81072016378043 -0.00053933863680 -0.00016187222651 0.00046348835961 -0.00053173604964 -0.00017852567422 0.00046617045451 0.07892133084833 0.01345362404707 4.00000000000000 10.00000000000000 -1.00000000000000 -1.00000000000000 -1.00000000000000
49.009878845555 8.4176951848668 115.53987121582 0.035999 0.01672 -1.8267359803847 0.012057334521986 0.021392511542092 -0.017079291522504 -0.017644291736415 0.023714917428926 -0.16739708141444 0.34680550229273 9.8180212295659 -0.0051575352075993 -0.0069920489945776 9.8255747562325 -0.00025900397673699 0.0032932872504415 -0.00080645498532018 -0.00027051858115764 0.003320198760273 -0.00068309242262128 0.11244998888395 0.0367695526217 4 7 5 5 6
49.009877504097 8.4176941401057 115.57782745361 0.036074 0.017089 -1.8255969803847 -0.019642306787554 -0.00057403091177867 0.019152877781741 -0.0043951360583326 0.014429406278032 -0.17020861764164 0.36109957893451 9.7903870361952 -0.0028574772189577 0.0075043459551925 9.7985206119833 -0.00047030458357527 0.00018536912578471 -0.00041982148357485 -0.0004772491342615 0.00020038770871954 -0.00040476813105044 0.080919713296576 0.013453624047074 4 9 5 5 6
49.00987747162580 8.41769413570435 115.57131551106400 0.03613340000000 0.01641173333333 -1.82478084705137 0.00806837301938 0.00339200427279 -0.00866160381068 -0.00125617510852 -0.00579741652947 -0.16668200038141 0.34975970085419 9.79574433599903 -0.00559953710156 -0.00484736344414 9.80340356663511 -0.00091530082019 -0.00042680374917 0.00023529211880 -0.00091157376797 -0.00043500110947 0.00023473338665 0.07868052355147 0.01345362404707 4.00000000000000 11.00000000000000 -1.00000000000000 -1.00000000000000 -1.00000000000000
49.009877388988 8.4176941229119 115.59943389893 0.036154 0.016983 -1.8254229803847 -0.018806236344436 -0.0017808600961531 0.018648459056711 -0.0030134618346153 0.015407422922365 -0.16948481082045 0.36228831548133 9.7932539932161 -0.0028895749203619 0.008275282443527 9.8014162924839 0.00021554716766116 -0.0001949603991757 0.00010622045411843 0.00021715589798207 -0.00019866467466483 9.5492360042819e-05 0.080280757345705 0.013453624047074 4 10 5 5 6
49.009879059305 8.4176946305349 115.48657226562 0.036171 0.021064 -1.8265299803847 0.083108121763975 0.03194256882895 -0.088485604893142 -0.0098773114895209 0.01905873567783 -0.74655165230621 0.3397163993063 9.7381487289582 -0.53628648436086 -0.012706223002883 9.7581069935485 -6.6480353927023e-05 -0.0088142921165288 0.0009406154117422 -5.3324379243598e-05 -0.0088425055248868 0.00062279118948849 0.11244998888395 0.0367695526217 4 4 5 5 0
49.009877440201 8.4176939839075 115.60097503662 0.036248 0.016472 -1.8253379803847 -0.00062359767521323 -0.0035209913978631 0.0014901367016183 0.0032504977106192 0.0056815045786075 -0.17057212735218 0.3522789788528 9.7971664646802 -0.0086899151904752 -0.0031367012841649 9.8049796879377 -0.00019708609693734 -0.0006430724915237 3.5939729331631e-05 -0.00019690003709133 -0.00064391824358447 1.5894801789691e-05 0.07981227975694 0.013453624047074 4 9 5 5 6
49.009901705221 8.4177032374626 115.46126556396 0.035183 0.023683 -1.8210369803847 -3.1672964003286 -0.78494520931136 3.2630347684244 -0.022454594046613 0.0075648027764638 -2.2685165466553 0.39241213547724 9.7157758132082 -2.0407794984338 0.050641071691385 9.7739323362088 0.00013322688919323 0.0050120159498967 -0.0081980147801166 -5.4614431285263e-05 0.0052972868725571 -0.0080158361715079 0.070724818840348 0.030413812651491 4 13 4 5 0
49.009877674739 8.4176944066838 115.62618255615 0.036188 0.017273 -1.8263199803847 -0.015731724032487 0.0055444583114404 0.013819505451978 -0.0093406998059161 0.032661128940448 -0.18739519339039 0.36577371204289 9.7921973664429 -0.018587377170604 0.011321520398698 9.8007963881261 8.1811270212335e-05 0.00079911784087283 -0.00012747481886832 8.008783120398e-05 0.00080321850957413 -9.9808548454144e-05 0.087206651122492 0.018439088914586 4 9 5 5 6
49.00987745710780 8.41769408071299 115.58129984537399 0.03617940000000 0.01645106666667 -1.82491551371803 0.00563762351023 0.00113402225041 -0.00574113643075 0.00031887831558 -0.00226981726980 -0.16356629543762 0.35310071956628 9.80177667381059 -0.00210852450907 -0.00200920710467 9.80950073092287 -0.00060199900070 -0.00020602748028 0.00042545565281 -0.00059504233603 -0.00022127158010 0.00042759760987 0.07888119629885 0.01345362404707 4.00000000000000 10.00000000000000 -1.00000000000000 -1.00000000000000 -1.00000000000000
49.009877433879 8.4176939927268 115.59727478027 0.036253 0.016514 -1.8251309803847 0.0017484242955939 -0.0024787489853874 -0.0010683886228646 0.0028389637941573 0.0033743415456579 -0.15858116752756 0.35844634950562 9.8114284143091 0.0034770956389142 0.0025318430384875 9.8192561937833 -0.00010071608950999 0.00014721454994069 0.00072971730722114 -8.8592044920409e-05 0.00012069566690703 0.00073618036701781 0.079202272694665 0.013453624047074 4 9 5 5 6
49.00987746877 8.4176941648412 115.5718536377 0.036215 0.016351 -1.8247129803847 0.011452750836831 0.0038353718160767 -0.012048987780709 -0.00083530436637564 -0.0064008576212513 -0.15353727821141 0.35287610035056 9.8106888135639 0.0070346309740631 -0.0027520559424567 9.8182335357362 -0.00049041166536083 -0.00019032669721888 0.00022806727208042 -0.00048674398671138 -0.00019846359637151 0.00022901771969649 0.078600254452514 0.013453624047074 4 10 5 5 6
49.009877473185 8.4176941817132 115.56831359863 0.036159 0.016401 -1.8247379803847 0.0097628361319551 0.0046929316988557 -0.010628640683204 -0.002090094936988 -0.0069409744639322 -0.16842512305846 0.36628142433706 9.7977921503623 -0.0077224165069884 0.011690463533423 9.8060757193241 -0.00038000112356664 0.00017564952246822 -0.00046545102905777 -0.00038747633294832 0.00019231069579681 -0.00045249281711335 0.078600254452514 0.013453624047074 4 10 5 5 6
49.00987746581860 8.41769411370781 115.57530924478800 0.03615180000000 0.01642746666667 -1.82483471371803 0.00709607321572 0.00248881146384 -0.00749341685871 -0.00062615373888 -0.00438637682560 -0.16543571840389 0.35109610833902 9.79815727112365 -0.00420313206456 -0.00371210090835 9.80584243235021 -0.00078998009239 -0.00033849324162 0.00031135753241 -0.00078496119519 -0.00034950929772 0.00031187907594 0.07876079265042 0.01345362404707 4.00000000000000 10.00000000000000 -1.00000000000000 -1.00000000000000 -1.00000000000000
49.009877404705 8.4176940421676 115.60838317871 0.036267 0.016635 -1.8254619803847 -0.010886647930243 -0.0038136765371951 0.011496300866749 0.00094771352541138 0.012512264657762 -0.16366625193783 0.35100903216206 9.8008338091682 0.00019523031300834 -0.0046381245893353 9.8084830432811 -0.00014026663871327 -0.0010276402727018 0.00066317216939285 -0.00012979402206034 -0.0010510412839222 0.00062768082604015 0.080430093870392 0.013453624047074 4 9 5 5 6
49.009877474816 8.4176941812065 115.56706237793 0.036183 0.01636 -1.8247649803847 0.0094970571181047 0.0046523313991144 -0.010361172851721 -0.0021175999737918 -0.0072545072320212 -0.15634192004796 0.34343000865553 9.8076803724213 0.0046096015814922 -0.011460173547729 9.8149312378945 0.0002117583102424 -0.00077574327987047 -0.001053497837445 0.00019403721130474 -0.00073712028285248 -0.0010841546866871 0.078600254452514 0.013453624047074 4 11 5 5 6
49.009877370688 8.4176940245422 115.59477233887 0.036244 0.016421 -1.8247779803847 0.010869443342613 -0.0011860727876998 -0.010222853182059 0.0038787374995867 -0.0016803431734377 -0.15141321770745 0.34504893590613 9.8129966297483 0.0099194927105714 -0.010985160889931 9.820219975489 -0.00051185811783335 -0.00019528629880779 -0.00045537063985805 -0.00051936799038341 -0.00017865236683765 -0.00045366576581698 0.078006409993026 0.013453624047074 4 8 5 5 6
49.009911158253 8.4177070853595 115.46270751953 0.033492 0.022705 -1.8191829803847 -3.7639688851699 -0.92901558992638 3.8768484570833 -0.023998440681293 0.0057665272740778 -2.1706322041114 0.31959163441297 9.8011360504721 -1.9492147409491 -0.0071810799521083 9.8527560206849 0.0025672401065504 0.0029490713669069 -0.0043758649061235 0.0024701440208116 0.0030934942802618 -0.0043307812828063 0.052325901807805 0.026172504656605 4 13 4 4 0
49.009877429228 8.4176941440108 115.59210968018 0.036087 0.017034 -1.8254379803847 -0.018873696544746 -0.00080339975435518 0.018467379868981 -0.0039771638682528 0.014785332622815 -0.1753756152988 0.35569146654143 9.7945406454527 -0.0084373847399092 0.0022332298027269 9.8025650042604 0.00017597746984087 1.3384285379967e-05 0.00033980742388322 0.00018176604681313 1.0865850149079e-06 0.00033706541521934 0.080919713296576 0.013453624047074 4 10 5 5 6
49.009899007777 8.4177021259952 115.46071624756 0.034945 0.023714 -1.8213469803847 -2.9692471214254 -0.73883072276927 3.0597240888545 -0.019725830397193 0.0031318215926676 -2.2944548454501 0.31222792472287 9.6537874080129 -2.0652488692813 -0.025918949016547 9.7104092298403 -0.001498929643966 0.0003795563476808 -0.0044364061871346 -0.0016028803225521 0.00053479907660011 -0.0043830164353696 0.070724818840348 0.030413812651491 4 13 4 5 0
49.009877542533 8.4176941401861 115.57683563232 0.036125 0.017073 -1.8256889803847 -0.019488581548896 -0.00082838748282795 0.019067776363026 -0.0041122934559025 0.01564014015807 -0.15543747536921 0.34920985044389 9.7991715308216 0.012156286952123 -0.004792185083265 9.8066165484649 0.00028897578652011 -0.00023021124669845 -0.00027377551670499 0.00028411593677886 -0.00022019587907927 -0.00028678870212722 0.081565924257621 0.014866068747319 4 9 5 5 6
49.009878913047 8.4176951055222 115.52903747559 0.036058 0.01629 -1.8267239803847 0.018635605754825 0.022304626600099 -0.023673757533045 -0.016862624168125 0.01862269409773 -0.057593700028828 0.36353218910691 9.8372637913533 0.10410433281986 0.0084286841965538 9.8435981046445 -0.00025416884661979 -0.0028645094005759 -0.00083388723583558 -0.00026931204003546 -0.0028325273452632 -0.00093251639473013 0.11244998888395 0.0367695526217 4 7 5 5 0
49.009926470152 8.4177129746485 115.46479034424 0.032629 0.022051 -1.8178359803847 -4.5549077941159 -1.1261900249683 4.6920168048351 -0.021595420933082 0.00045300770439187 -2.0694012121594 0.36097272833129 9.7982106177881 -1.851727334701 0.043723004150641 9.8482212960012 0.0048133181592287 -0.0017242335268278 -0.00054985123085553 0.0047989239739174 -0.0017055211362247 -0.00071165667640236 0.052325901807805 0.026172504656605 4 13 4 4 0
49.009877454073 8.4176941456289 115.58885955811 0.036036 0.017085 -1.8255429803847 -0.019228947415086 -0.00093350448885314 0.018843812381372 -0.0039414086143099 0.014757865119297 -0.16029666494751 0.35515263340563 9.8006863356544 0.0066477387733953 0.0016039180908478 9.8084283110687 -0.00049348054712189 0.0010264610156229 -0.00091248618349243 -0.00050829728139673 0.0010586571304025 -0.00086642157708882 0.080919713296576 0.013453624047074 4 10 5 5 6
49.009896252629 8.4177009069848 115.45959472656 0.035141 0.02359 -1.8217399803847 -2.7522926141902 -0.69002772083941 2.837437259776 -0.014350949652097 0.0037153628863656 -2.2579231545051 0.30147752041336 9.8359112746941 -2.0252776862663 -0.043487543879744 9.8909430497474 0.00098884943537593 -0.00029637208827907 -0.0049280040395961 0.00087224255649178 -0.00012341258802954 -0.0049571412966713 0.070724818840348 0.030413812651491 4 4 5 5 0
49.009877435403 8.4176940223391 115.60886383057 0.03627 0.01666 -1.8254639803847 -0.0071461971415072 -0.0046361617229559 0.0080836462422179 0.0026864100463825 0.011128782517898 -0.17298146949061 0.35792480291162 9.7886381397604 -0.010074911962155 0.0025604890087877 9.7967026938989 -0.00042762410257765 0.00069570636400384 1.9369185252441e-06 -0.00042707300791968 0.00069516687220898 3.4307527525584e-05 0.080430093870392 0.013453624047074 4 9 5 5 6
49.00987762817 8.4176943058956 115.61698150635 0.036195 0.017198 -1.8262959803847 -0.018424364635493 0.0024782298219947 0.017199939680395 -0.0070541386924326 0.029510709932776 -0.15314425132604 0.34706580867064 9.816148843652 0.015926904909785 -0.0083386249579524 9.823463203217 3.5991321090507e-05 -0.00013470999174467 -0.00015837232596609 3.3205010141959e-05 -0.00012892702490294 -0.00016364172156282 0.087206651122492 0.018439088914586 4 9 5 5 6
49.00987839319 8.4176950934223 115.58642578125 0.036015 0.016982 -1.8266599803847 0.0051843835964664 0.021082399305521 -0.010350662922712 -0.019084182973398 0.030213231556923 -0.21235981209841 0.35599542754812 9.7963317817882 -0.046479124301312 0.0028830837305616 9.8049943865081 -0.0005108676744791 0.00038416992426472 -0.00086489761636873 -0.00052524113925223 0.00041509501886897 -0.00084166827695247 0.11204463396343 0.031144823004795 4 7 5 5 6
49.009879108471 8.4176947375195 115.49153137207 0.035948 0.015225 -1.8266579803847 0.016240432526008 0.018308036224115 -0.020343754892387 -0.013604745257193 0.013290256168448 0.043301083470616 0.35406306948542 9.8018895939369 0.20626833223385 0.0015280365735314 9.805938461 -1.3831228345208e-05 -0.024688939548508 -0.00083254634074124 -4.0313877926893e-05 -0.024643135554516 -0.0017174373405284 0.11244998888395 0.0367695526217 4 4 5 5 0
49.009877378949 8.4176940785535 115.60710144043 0.036229 0.016944 -1.8255359803847 -0.017042845227072 -0.0031822293040279 0.017294769530321 -0.0012150775415561 0.015456903673063 -0.16223812607532 0.35356826524099 9.8007745863065 0.00363149891405 -0.0015777850902572 9.8084937853319 -6.5761594427029e-05 0.00078552071882512 7.9979590218389e-05 -6.3895963673876e-05 0.00078211948341312 0.00010949541105437 0.080280757345705 0.013453624047074 4 9 5 5 6
49.009970792451 8.4177290953187 115.4504776001 0.028459 0.022659 -1.8154619803847 -6.2779273895169 -1.5573268298264 6.4681987748767 -0.0075575380952399 -0.022623313677255 -1.992633602033 0.18190051941669 9.7891009016213 -1.7684750983176 -0.089778711527382 9.8333437545003 0.012766062280593 -0.0037055709361952 -0.0057382972380467 0.012629216179446 -0.0035456806810193 -0.0061277802890054 0.04172529209005 0.023345235059858 4 13 4 4 0
49.009877570736 8.4176941533301 115.57901000977 0.036159 0.017117 -1.8257989803847 -0.01983880254747 -0.00092886000370732 0.019431500656756 -0.0041058003858731 0.017194638002182 -0.1778493229325 0.35446747642782 9.7890276152733 -0.010276814474565 0.00084268676997201 9.7970542213313 0.00090815617997234 0.00024544690641641 -8.3819525007242e-05 0.00090674104320464 0.00024834177868553 -9.0438060398706e-05 0.081565924257621 0.014866068747319 4 10 5 5 6
49.009877386892 8.4176940764188 115.58332824707 0.036222 0.016419 -1.8246209803847 0.010824820991491 0.00069308694274046 -0.010652025867095 0.0020473060419338 -0.0044287886290283 -0.16636759759577 0.35170793388559 9.7961195354642 -0.0052214504309527 -0.0034681453787761 9.8038441283549 -0.00042628027978032 -0.00038596621826655 6.1188580551891e-05 -0.00042546913845902 -0.00038790112453875 5.4125773603236e-05 0.078006409993026 0.013453624047074 4 8 5 5 6
49.009889712209 8.4176981710257 115.45960998535 0.035863 0.023659 -1.8232899803847 -2.1571524856021 -0.54892658291545 2.2258892437087 -0.0067240009596712 0.0034339309788385 -2.2141355999836 0.35466998448115 9.7313219742217 -1.9826620315663 0.0066547528199493 9.7875398013846 0.0021375676507036 -0.0010755639801103 -0.0047312042412252 0.0020240510262024 -0.00090582120096187 -0.0048160500057862 0.070724818840348 0.030413812651491 4 4 5 5 0
49.009877469519 8.4176941517993 115.57556152344 0.036255 0.016431 -1.8247179803847 0.01188139035094 0.0032579203439353 -0.012318803730437 -0.00016894929118511 -0.0056303601243233 -0.16744447259636 0.36333410435148 9.7954290450519 -0.006860711369821 0.0081463441102286 9.8035925336376 2.2214847464938e-05 0.00084945277705064 -0.00023372880294732 1.892303399309e-05 0.00085736266335209 -0.00020307807355674 0.078600254452514 0.013453624047074 4 10 5 5 6
49.009878550363 8.4176952066348 115.57696533203 0.036038 0.01684 -1.8266709803847 0.0089975890349293 0.02250384606161 -0.014400452860659 -0.019493617596607 0.028143370753372 -0.11139314748059 0.35999965442486 9.8156461463199 0.052954599306384 0.0064759237666439 9.8227347284412 0.00033825186170951 0.0011140855985389 -0.00030101480682923 0.00033373782959423 0.0011242486305466 -0.0002663860489753 0.11204463396343 0.031144823004795 4 7 5 5 6
49.009918435311 8.4177099321584 115.46430969238 0.032454 0.02252 -1.8186229803847 -4.1657825172126 -1.0204799542528 4.2888390747978 -0.031421290654526 0.0030381548492322 -2.2246477612299 0.20833809929349 9.6922661836609 -2.0063299092684 -0.10585966052012 9.7414733915126 0.00052199643213192 0.00074866407649266 -0.005018211454488 0.00040967685656085 0.00091082471551161 -0.0050018985499682 0.052325901807805 0.026172504656605 4 13 4 4 0
49.009879081712 8.4176948326073 115.49806213379 0.036149 0.016121 -1.8265329803847 0.031116258482283 0.018803100244899 -0.034861649354185 -0.01031673849507 0.012452010547827 -0.047282863272977 0.38018155517626 9.8270063472716 0.10850363988778 0.02542032986949 9.8337547268794 0.0011525046672931 0.0048807021834039 0.0017266639751481 0.001182687090524 0.0048151594182306 0.0018834044863065 0.11244998888395 0.0367695526217 4 7 5 5 0
49.0099305442 8.4177144439584 115.4647064209 0.032001 0.02208 -1.8177109803847 -4.730602156041 -1.1736549239948 4.8739857211406 -0.018094282039939 -0.0015938343208402 -2.0167062917552 0.26278848993259 9.7846438200791 -1.7992257316575 -0.04528208426503 9.8303766788315 0.0093342402811174 -0.0016778349784051 -0.00010263338592789 0.0093283958873706 -0.001674034336709 -0.00036190522829648 0.052325901807805 0.026172504656605 4 13 4 4 0
49.00987743506 8.4176939936555 115.60650634766 0.036266 0.016612 -1.8253889803847 -0.0036006844193473 -0.0041533751988088 0.0045308384832656 0.0031123796128933 0.0084125975121463 -0.16403262916683 0.35956591176485 9.7992928283695 -0.0014473312687122 0.0038478151626843 9.8072596641136 -0.00028887861384113 0.0006742814738265 0.00081013863253153 -0.0002749910466232 0.00064446573688569 0.00083871762358969 0.07981227975694 0.013453624047074 4 9 5 5 6
49.009877865343 8.4176945852259 115.61803436279 0.036121 0.017151 -1.8264169803847 -0.0091001793821368 0.010358761880525 0.006184935718525 -0.01232327360137 0.032773246907965 -0.14244635633787 0.35137644715599 9.8193255642532 0.025492475546703 -0.0036308112307999 9.8266110781471 -0.00051774709223527 0.00065730891243194 0.00041354728444857 -0.00051019408518566 0.00064194092654698 0.00044579416283585 0.11204463396343 0.031144823004795 4 7 5 5 6
49.00987744549340 8.41769403671989 115.58928731282201 0.03621620000000 0.01648253333333 -1.82502324705137 0.00369302390291 -0.00067236336749 -0.00340476252681 0.00157892105487 0.00055226213793 -0.16107373148259 0.35577353453595 9.80660254405985 0.00068428556492 0.00026131796691 9.81437846235309 -0.00035135754510 -0.00002940646517 0.00057758648002 -0.00034181719047 -0.00005028795659 0.00058188898844 0.07904173449676 0.01345362404707 4.00000000000000 10.00000000000000 -1.00000000000000 -1.00000000000000 -1.00000000000000
49.009949448817 8.4177213693812 115.45715332031 0.030036 0.021877 -1.8171359803847 -5.496714831567 -1.3636927271256 5.6633251514901 -0.016875731385637 0.00048589767759121 -2.3459001148191 0.204378092826 9.7734728344487 -2.1318243012044 -0.085388625263402 9.8241538334597 0.007156407080145 0.00044509804505252 -0.0028044199511203 0.007093774500689 0.00052776976822345 -0.0029465920013673 0.04172529209005 0.023345235059858 4 13 4 4 0
49.009879109597 8.4176946960728 115.48924255371 0.035943 0.018228 -1.8264479803847 0.066725500295142 0.028261362112208 -0.071703898492268 -0.010465258860198 0.01424273848878 0.36915563304053 0.37392148550174 9.7594330186186 0.56105090277039 0.02182817579414 9.7580401492034 -0.0020514177907711 -0.025227551335531 0.0018479987029725 -0.0020328338840429 -0.025277757929029 0.00097691450872936 0.11244998888395 0.0367695526217 4 4 5 5 0
49.009877534934 8.4176941392096 115.5756149292 0.036128 0.017106 -1.8256379803847 -0.0202073379491 -0.0010311006379436 0.019814527567547 -0.0040968375231364 0.015333860162242 -0.15716003736786 0.35577105547603 9.8065302537282 0.010533739689544 0.001421554540376 9.8142357040835 0.00019427974680527 0.00042173681579198 0.00018383645261983 0.00019769843603206 0.00041482988921404 0.00019562482701695 0.080919713296576 0.013453624047074 4 9 5 5 6
49.009878059393 8.4176947148573 115.60263824463 0.036155 0.017096 -1.8264649803847 -0.0017412725118763 0.013245031904483 -0.0016649302393873 -0.013254835175831 0.030999370390596 -0.18958458034856 0.3550141538003 9.7846757262052 -0.022136216829041 0.001357449748833 9.7929268018718 0.00041055966875605 -0.00031981522621169 -0.00013728284876993 0.00040797388083732 -0.00031463844264369 -0.0001557577543273 0.11204463396343 0.031144823004795 4 7 5 5 6
49.009877495029 8.4176941508119 115.5827331543 0.03606 0.017019 -1.8255019803847 -0.018653816165855 -0.00047693816112386 0.018172112246086 -0.0042387182347888 0.014453189191231 -0.15198708743561 0.3492388389836 9.8169472298223 0.015373910410733 -0.0051739144422952 9.8243227639899 -0.00043783156535792 -0.00018878902077729 -0.00015777373458248 -0.00044059367847616 -0.0001829805012544 -0.00015698885310258 0.080919713296576 0.013453624047074 4 10 5 5 6
49.00987746291500 8.41769410270953 115.57730611164999 0.03616100000000 0.01643533333333 -1.82486164705137 0.00660992331389 0.00203721505936 -0.00690932338272 -0.00031114305406 -0.00368085697367 -0.16481257741513 0.35176431208144 9.79936373868597 -0.00350492954607 -0.00314446964046 9.80706186520777 -0.00072731972849 -0.00029433798784 0.00034939023921 -0.00072165490881 -0.00030676339185 0.00035045192058 0.07880092719990 0.01345362404707 4.00000000000000 10.00000000000000 -1.00000000000000 -1.00000000000000 -1.00000000000000
49.009877388702 8.4176940601419 115.61031341553 0.036231 0.016784 -1.8254949803847 -0.014342386233634 -0.0039325486744748 0.014870517898711 0.00019207484436281 0.014748332393969 -0.1619286336012 0.3435257564782 9.8018902127194 0.0030364400954298 -0.011968899585648 9.8092398699817 -0.00033709389050623 -0.00045126559915895 -0.00017909913463685 -0.00034030620202542 -0.00044451281772613 -0.00018958382981315 0.080280757345705 0.013453624047074 4 9 5 5 6
49.0098772713 8.4176939511973 115.60766601562 0.036209 0.016497 -1.8247479803847 0.0087733778695876 -0.0030439683752237 -0.0077272088626244 0.0051505494448507 0.00010325068797513 -0.15109247095541 0.34413614436025 9.8192316323858 0.010974892697648 -0.011571768228348 9.8264110305014 -1.2385321873875e-05 -8.0723436746758e-05 0.0002202612525009 -8.757476830378e-06 -8.8619140771289e-05 0.00021741721880595 0.078006409993026 0.014212670403552 4 8 5 5 6
49.009877438777 8.4176939905082 115.60540771484 0.036249 0.016542 -1.8253059803847 -0.0028806792887472 -0.0042158141674097 0.0038495461978384 0.00335444462938 0.0079629523496588 -0.1529494324152 0.34523522276021 9.8145375094135 0.0096929841602076 -0.010799624069838 9.8217903303637 -0.00021896923671032 -0.00022954095505613 0.0012497259134569 -0.00019844312765055 -0.00027466414672392 0.0012441116938303 0.07981227975694 0.013453624047074 4 9 5 5 6
49.009877472676 8.417694191612 115.56838989258 0.036192 0.016386 -1.8247159803847 0.010600563468168 0.0048045198586047 -0.011467596819517 -0.0019873579572035 -0.006987028811332 -0.17508454852576 0.360529625389 9.7852783024074 -0.014705459947748 0.0060740670155612 9.7934726908579 -0.00031651183230398 0.00013924115454014 0.00039574393041737 -0.00030990115091697 0.00012484525221138 0.00040573022996172 0.078600254452514 0.013453624047074 4 10 5 5 6
49.009877437573 8.4176939957724 115.60666656494 0.036289 0.016588 -1.8255219803847 -0.0049911952829655 -0.0047446445303821 0.006025628796379 0.0033339864021562 0.0092740008967623 -0.16834914688969 0.36366235939812 9.7982499538812 -0.0057857808268835 0.0080099303382878 9.8064374852931 0.00017290475337343 0.00020151098608596 -0.0005329044319622 0.00016417693609328 0.00022072972594127 -0.00052797646729285 0.080430093870392 0.013453624047074 4 9 5 5 6
49.009877411233 8.4176940327947 115.60832977295 0.036281 0.016651 -1.8254719803847 -0.0096051059745416 -0.004050411475878 0.010315713361874 0.0014999698680718 0.011694440120559 -0.16716643970904 0.34730196203071 9.7950824397707 -0.0037323742239062 -0.0081277226842282 9.8026598173552 0.00011541919897392 -0.0001704171500189 5.9717334678522e-05 0.00011632082298092 -0.00017247440842457 5.1618425938328e-05 0.080430093870392 0.013453624047074 4 9 5 5 6
49.009877518695 8.4176941381757 115.57634735107 0.036137 0.017076 -1.8255879803847 -0.01982146185775 -0.00086350897282349 0.019399016751724 -0.0041610577139732 0.014851282572122 -0.16072347840111 0.34861087169704 9.8115084637259 0.0069553765903406 -0.0059373194121651 9.8190132586244 0.0002667211559087 3.4671070740387e-05 0.00054932466056536 0.00027616855806867 1.4877691812965e-05 0.00054563448259429 0.080919713296576 0.013453624047074 4 9 5 5 6
49.009877391223 8.4176940815277 115.5803527832 0.036304 0.016416 -1.8246289803847 0.010785866134929 0.00080378025636961 -0.010642070211668 0.0019306506422272 -0.0049928222624231 -0.16328088334024 0.3626679363728 9.8052382819266 -0.0021603070549889 0.0070252569628111 9.8133021569382 0.00078067557940632 -0.00013454993051456 0.00036210292106918 0.00078639920640287 -0.00014758111150887 0.00034416393775357 0.078006409993026 0.013453624047074 4 8 5 5 6
49.00987747452940 8.41769414670263 115.56931864420200 0.03612420000000 0.01640386666667 -1.82475391371803 0.00855452292121 0.00384360067726 -0.00924569728666 -0.00157118579335 -0.00650293638140 -0.16730514137016 0.34909149711177 9.79453786843671 -0.00629773962006 -0.00541499471204 9.80218413377755 -0.00097796118408 -0.00047095900295 0.00019725941200 -0.00097488005436 -0.00047774701535 0.00019616054201 0.07864038900199 0.01345362404707 4.00000000000000 11.00000000000000 -1.00000000000000 -1.00000000000000 -1.00000000000000
49.009877392384 8.4176940507027 115.60969543457 0.036232 0.016707 -1.8255089803847 -0.012632738530962 -0.0040670334639962 0.013249905348677 0.00075292361780882 0.013687583207131 -0.15320830566181 0.34771024280291 9.8118204486761 0.011401089437325 -0.0081943629419035 9.819167429493 -0.00044482181851091 -0.00088367811975796 -0.00023992969518631 -0.00044934929590392 -0.00087438852439579 -0.00026435954703642 0.080430093870392 0.013453624047074 4 9 5 5 6
49.009877438925 8.4176939841874 115.60408782959 0.03628 0.016563 -1.8253579803847 -0.0020916876044607 -0.0041105448660716 0.0030594061525787 0.0034513318347205 0.0073384838708757 -0.17652567292813 0.36519085154355 9.7891103747809 -0.014501072863299 0.010020968033133 9.7974969251543 0.00030565058971972 0.00047272386853772 -0.00019108972331149 0.00030272308790781 0.00047933637380737 -0.00017876568863167 0.07981227975694 0.013453624047074 4 9 5 5 6
49.009891844199 8.4176989844527 115.45827484131 0.035553 0.023673 -1.8227969803847 -2.368241919421 -0.60006279534117 2.4430660741697 -0.008638816604634 0.0038935929156748 -2.2065959064863 0.3635322209086 9.7495349404821 -1.9748581130329 0.017149219953929 9.80584047149 0.00048677950566455 -0.00057127971362579 -0.0056019698784695 0.00035358378012488 -0.00037197326759747 -0.005628635627616 0.070724818840348 0.030413812651491 4 4 5 5 0
49.009877466905 8.4176941590248 115.57301330566 0.036229 0.016352 -1.8247319803847 0.011555613602768 0.0035299922812632 -0.012071826716237 -0.00051391930987698 -0.0062273441561781 -0.15666119166398 0.34115528052342 9.8111447406812 0.0039859520814934 -0.014543625173553 9.8183161073379 -0.00032219077763208 -0.00025459287231223 -0.00012555714469358 -0.0003243651299965 -0.00024987452540979 -0.00012937166161488 0.078600254452514 0.013453624047074 4 10 5 5 6
49.00987745130060 8.41769405871644 115.58529357909799 0.03619780000000 0.01646680000000 -1.82496938038470 0.00466532370657 0.00023082944146 -0.00457294947878 0.00094889968523 -0.00085877756594 -0.16232001346010 0.35443712705111 9.80418960893522 -0.00071211947207 -0.00087394456888 9.81193959663798 -0.00047667827290 -0.00011771697273 0.00050152106641 -0.00046842976325 -0.00013577976835 0.00050474329916 0.07896146539780 0.01345362404707 4.00000000000000 10.00000000000000 -1.00000000000000 -1.00000000000000 -1.00000000000000
49.009877246099 8.4176939545163 115.60768127441 0.036218 0.01657 -1.8247419803847 0.008191582579624 -0.0028355388335277 -0.007216522948207 0.0048025006633892 7.28358175272e-05 -0.17658023395689 0.36629939576983 9.7858561220206 -0.014749928193282 0.011733525175091 9.7942858784126 0.00019044838891205 0.00051412769381227 -1.3784612441128e-05 0.00019052448033374 0.0005142693620795 1.6952105938943e-06 0.078006409993026 0.014212670403552 4 8 5 5 6
49.009878982418 8.4176950176361 115.51761627197 0.036096 0.016629 -1.8265889803847 0.028534590480118 0.020988414653254 -0.032916825543972 -0.013085015327817 0.016944925330661 -0.17127519104588 0.37121689577048 9.754292824627 -0.0087497734522984 0.019363729155799 9.7628302855117 0.00088848064582535 -0.00075139349706644 0.00089056675689395 0.00090291909166379 -0.00078298281088614 0.00084784933261684 0.11244998888395 0.0367695526217 4 7 5 5 0
49.009877471001 8.4176941833432 115.56927490234 0.036218 0.016342 -1.8247199803847 0.010148733882237 0.0045712919112815 -0.010971639234094 -0.0018752634803757 -0.0065871221958914 -0.15373226907217 0.34997230329787 9.8156761947584 0.0071232013973632 -0.0055448269852328 9.8231149770592 0.00016068870120352 -0.00062243673863679 0.00012230851166344 0.00016229634053725 -0.00062648562088017 9.7110078148322e-05 0.078600254452514 0.013453624047074 4 10 5 5 6
49.00987748003 8.4176941674287 115.56582641602 0.036202 0.016384 -1.8246739803847 0.0092174539061482 0.0043966858033238 -0.010026275077674 -0.0019406312791396 -0.0071204087328362 -0.15609084610532 0.35641834201393 9.8092620031133 0.0049953315947063 0.0014270846560461 9.8169773498554 0.0004764211745998 -0.00048096454738463 6.9561996484512e-05 0.00047726869729252 -0.00048316666071533 4.4327009362219e-05 0.078600254452514 0.013453624047074 4 11 5 5 6
49.009877959947 8.417694648832 115.60969543457 0.036202 0.01704 -1.8265109803847 -0.0039645163668222 0.012573898136591 0.00065597453445903 -0.013167785129909 0.030479022774277 -0.15049176002915 0.35757768913574 9.7959388735378 0.016807444303031 0.0034163357894884 9.8036045645668 0.00095320864919206 -0.00095847273876662 -0.0011802745885829 0.00093236365667415 -0.00091518892488919 -0.0012302525960343 0.11204463396343 0.031144823004795 4 7 5 5 6
49.009877415756 8.417694102379 115.57600402832 0.036244 0.016356 -1.8247249803847 0.011282810434961 0.0015077685780302 -0.011299805827954 0.0013745380809289 -0.0056054555488709 -0.15247325199358 0.34719569129712 9.8118413632009 0.0084841728488068 -0.0084932929257058 9.819162031469 7.8236701430037e-05 -0.0008939955259783 -0.00046375552706901 7.0171048973466e-05 -0.00087661020454953 -0.00049701730541731 0.078006409993026 0.013453624047074 4 8 5 5 6
49.009877378669 8.4176941077456 115.60247802734 0.036218 0.016889 -1.8255659803847 -0.01838495437967 -0.0021691359285246 0.018338371166516 -0.0025330507198146 0.015419130631337 -0.15220896990004 0.34808642256465 9.8158150744939 0.014414340063045 -0.0071024932248455 9.8231538127662 0.00062891372657906 -0.0011866930275786 -0.00098048061073564 0.00061155122746864 -0.0011504041811356 -0.001033255100152 0.080280757345705 0.013453624047074 4 10 5 5 6
49.009877372964 8.4176940400672 115.59247589111 0.036285 0.016471 -1.8247319803847 0.010817854610808 -0.00053294256442875 -0.01033708303599 0.0032333421820739 -0.0022907060481893 -0.16583759085471 0.36505956364755 9.8010103991263 -0.004571214616192 0.0094230560151881 9.809204817002 0.00011849193823645 0.0004695091988654 -0.00010790048148468 0.00011701976507618 0.00047307756840002 -9.26308277931e-05 0.078006409993026 0.013453624047074 4 8 5 5 6
49.009939647732 8.4177177916517 115.46218109131 0.030544 0.022513 -1.8174969803847 -5.0975543349881 -1.2531761606956 5.2492554720086 -0.028678480668936 0.0090627039142596 -2.0549184996139 0.27728913516446 9.7651443431639 -1.8369772102545 -0.020355683180436 9.8123800022902 0.0014053678180878 0.0042726630447418 -0.0031695037360629 0.0013372804442475 0.004367248546602 -0.0030681305437205 0.052325901807805 0.026172504656605 4 13 4 4 0
49.009886237477 8.4176969502116 115.46277618408 0.036374 0.02291 -1.8245149803847 -1.7639482474017 -0.45195803943364 1.8209222467698 -0.0047938059861783 0.0018709847389415 -2.0957116324753 0.33198776840664 9.7575267885601 -1.8700521635942 -0.021760469476712 9.8088859664394 0.0025802111119016 -0.0026644263342771 -0.0037406908297978 0.0024907804580709 -0.0025274069346483 -0.0038931471806326 0.070724818840348 0.030413812651491 4 4 5 5 0
49.009880725455 8.4176950187101 115.47106933594 0.036439 0.022427 -1.8259699803847 -0.85396510284688 -0.2111620088887 0.87961471066354 -0.011097652369452 0.0091783793692547 -1.9308549499521 0.37885265026813 9.6972464678767 -1.7119015232694 0.024124233063267 9.7456336616392 -0.0020614139812986 -0.0015808615333129 -0.0020407644881032 -0.0021080238407263 -0.0015052494038501 -0.0020502351279052 0.085562842402529 0.031112698372208 4 4 5 5 0
49.009877589492 8.4176941640489 115.58088684082 0.036153 0.017075 -1.8258369803847 -0.019542045141731 -0.00062999951417505 0.019068923754096 -0.0043202324964402 0.017783309688872 -0.14555878602585 0.35261019654503 9.8151462136813 0.022356782324465 -0.001928504446455 9.8225332175437 0.00078399880005841 -0.00020839891771494 -0.00037550900874201 0.00077732018852733 -0.00019467092044567 -0.00039610142002327 0.081565924257621 0.014866068747319 4 10 5 5 6
49.009877766422 8.4176944921103 115.62842559814 0.036155 0.017143 -1.8263779803847 -0.010528600894752 0.008466256923521 0.0080458261040944 -0.010853258106948 0.03332781872048 -0.15777749326088 0.35049295430732 9.8117273385622 0.010844243939073 -0.0041744623977537 9.8192493217709 0.00025511435086213 -0.00066962090806659 0.00059968441810411 0.00026495550581231 -0.00069085462774533 0.00057068856942055 0.087206651122492 0.018439088914586 4 7 5 5 6
49.00987743678260 8.41769400372507 115.59527791340800 0.03624380000000 0.01650613333333 -1.82510404705137 0.00223457419742 -0.00202715258091 -0.00165248209885 0.00252395310934 0.00266882169373 -0.15920430851632 0.35777814576320 9.81022194674679 0.00277889312042 0.00196421177059 9.81803676092575 -0.00016337645341 0.00010305929616 0.00069168460042 -0.00015189833131 0.00007794976103 0.00069760752237 0.07916213814519 0.01345362404707 4.00000000000000 9.00000000000000 -1.00000000000000 -1.00000000000000 -1.00000000000000
49.009877390861 8.4176940574924 115.61024475098 0.036265 0.016837 -1.8255259803847 -0.013511980417096 -0.0037742845943508 0.014027014877449 0.00024832754202135 0.014524245046438 -0.16488651631335 0.36055987842321 9.8039159070657 -4.1327764602465e-05 0.0050170890313012 9.8119302898408 0.00028742959146605 0.00078257224478777 -0.00089279177901547 0.00027282496693858 0.00081440954975414 -0.00086850114338575 0.080280757345705 0.013453624047074 4 9 5 5 6
49.00987746001140 8.41769409171126 115.57930297851199 0.03617020000000 0.01644320000000 -1.82488858038470 0.00612377341206 0.00158561865489 -0.00632522990674 0.00000386763076 -0.00297533712174 -0.16418943642638 0.35243251582386 9.80057020624828 -0.00280672702757 -0.00257683837256 9.80828129806532 -0.00066465936459 -0.00025018273406 0.00038742294601 -0.00065834862242 -0.00026401748597 0.00038902476523 0.07884106174937 0.01345362404707 4.00000000000000 10.00000000000000 -1.00000000000000 -1.00000000000000 -1.00000000000000
49.009935226264 8.4177161793929 115.46405029297 0.030967 0.022314 -1.8177389803847 -4.9202369658507 -1.214754617268 5.0679169532838 -0.024116562818029 0.002487649514245 -2.0332559879017 0.19096600402437 9.7044144246361 -1.8150028011104 -0.1073850454774 9.748873170435 0.0041568930087478 -0.0023654969674932 -0.0021710198040037 0.0041054693979009 -0.0022977937143164 -0.0023362561718654 0.052325901807805 0.026172504656605 4 13 4 4 0
49.00987923438 8.4176945584749 115.47664642334 0.036078 0.021666 -1.8265549803847 -0.3603972964157 -0.083775362174914 0.36986906627032 -0.010059464578143 0.011085886190962 -1.7541275523213 0.32375219517138 9.7637004616419 -1.5408864500919 -0.029049739302658 9.8049256719642 -0.00066024457569628 -0.0022218668918535 -0.002203078292886 -0.0007097844104749 -0.0021408953225862 -0.0022669621319038 0.085562842402529 0.031112698372208 4 4 5 5 0
49.00987744258980 8.41769402572162 115.59128417968400 0.03622540000000 0.01649040000000 -1.82505018038470 0.00320687400108 -0.00112395977196 -0.00282066905082 0.00189393173969 0.00125778198986 -0.16045059049383 0.35644173827837 9.80780901162216 0.00138248808342 0.00082894923480 9.81559789521064 -0.00028869718120 0.00001474878861 0.00061561918682 -0.00027851090409 -0.00000754205072 0.00062046183309 0.07908186904623 0.01345362404707 4.00000000000000 9.00000000000000 -1.00000000000000 -1.00000000000000 -1.00000000000000
49.009877440969 8.417693984059 115.59900665283 0.036288 0.016505 -1.8253199803847 0.00092138385004367 -0.0029426442304271 -0.00015086553258402 0.0030798275077109 0.0043903240402824 -0.16199272830027 0.36042222788917 9.802576558529 -8.522946680338e-05 0.0046984827051656 9.810539282447 0.00029813164202926 1.8522234578661e-05 -0.00056115443798594 0.0002888699146252 3.8884728661357e-05 -0.00056494552947671 0.07981227975694 0.013453624047074 4 9 5 5 6
49.009877399947 8.4176940487757 115.608543396 0.036261 0.016738 -1.8254619803847 -0.011917273549794 -0.0037756387850012 0.012484092343088 0.00065135502485128 0.013080491410249 -0.17304461461511 0.3626853630184 9.7975761019586 -0.0088120701911456 0.0072988941026664 9.8058089351226 0.00011278994823813 -4.1752188312947e-06 0.00024800395656339 0.00011688759111309 -1.3174173592808e-05 0.00024576651039496 0.080430093870392 0.013453624047074 4 9 5 5 6
49.009877439493 8.4176940014875 115.60639953613 0.036213 0.016567 -1.8254789803847 -0.0056516101213151 -0.0044994137089808 0.0066029352985348 0.0029303015603318 0.0095781498527432 -0.1732872549061 0.34764818164255 9.7938823337342 -0.010556797319988 -0.0077243664399266 9.8015764274006 -0.0010242893005814 -0.00050363660706419 0.00027963125126794 -0.0010198202149807 -0.00051342722123882 0.00027823399564252 0.080430093870392 0.013453624047074 4 9 5 5 6
49.009904883032 8.4177045475641 115.46091461182 0.035155 0.022902 -1.8202279803847 -3.3781315319952 -0.84140800554139 3.4812981500398 -0.017462557519221 0.0063359779356578 -2.1967169266694 0.37491268791202 9.8620129935603 -1.9706677549496 0.032742510256943 9.9167396794501 0.0082079224741768 0.00042220118689066 -0.0058449804967228 0.0080725614354945 0.00062469856384334 -0.0060125125898065 0.070724818840348 0.030413812651491 4 13 4 5 0
49.00987744839700 8.41769404771817 115.58729044596001 0.03620700000000 0.01647466666667 -1.82499631371803 0.00417917380474 -0.00022076696301 -0.00398885600279 0.00126391037005 -0.00015325771401 -0.16169687247135 0.35510533079353 9.80539607649753 -0.00001391695358 -0.00030631330098 9.81315902949553 -0.00041401790900 -0.00007356171895 0.00053955377321 -0.00040512347686 -0.00009303386247 0.00054331614380 0.07900159994728 0.01345362404707 4.00000000000000 10.00000000000000 -1.00000000000000 -1.00000000000000 -1.00000000000000
49.009877476103 8.4176941765874 115.57062530518 0.036221 0.016364 -1.8246899803847 0.011286917589118 0.0043454699107144 -0.012016606396507 -0.0013707098701751 -0.0066460137775758 -0.16880793349152 0.3534094585087 9.7914316629755 -0.0083035204689229 -0.0015320902754228 9.7992617464181 -0.00040759974515512 -0.00026999516623822 0.00068448731457602 -0.00039647574467923 -0.00029463949775506 0.00068080939221511 0.078600254452514 0.013453624047074 4 10 5 5 6
49.009877455896 8.4176941354018 115.57722473145 0.036299 0.016416 -1.8246729803847 0.012132569251019 0.0026874432690281 -0.012418641510016 0.00044608510062545 -0.0051165848017089 -0.17592215763841 0.36453592247542 9.7865168363355 -0.015433688549639 0.0094114978672901 9.7948703718382 0.0004541786705245 0.00036445214956694 0.00031384542353363 0.00045946403053967 0.00035284067852535 0.00031939012603419 0.078600254452514 0.013453624047074 4 10 5 5 6
49.009877211779 8.4176939567446 115.60768890381 0.036175 0.016543 -1.8247789803847 0.0069769066986548 -0.0028775900692216 -0.0060302086423251 0.0045380880990345 -0.0002096104060268 -0.15292754702927 0.33885310334337 9.8146375370717 0.0096032209390905 -0.016404590862678 9.8216599309775 2.846904921749e-05 -0.00039873561777634 -0.00054032778757285 1.9243241159885e-05 -0.00037890477991987 -0.00055477177064709 0.078006409993026 0.014212670403552 4 8 5 5 6
49.009877391746 8.4176940583202 115.6091003418 0.036272 0.016804 -1.8255019803847 -0.015330143012541 -0.0040517717275029 0.015856437920279 5.8057240606005e-05 0.015257839925163 -0.15277884289254 0.35477261599169 9.8130242916028 0.012491171506014 -0.0012299457868709 9.8206191128619 7.584923079209e-05 -0.00012640582630842 0.00034477868734929 8.1536464607565e-05 -0.00013881011810233 0.00033867649886658 0.080280757345705 0.013453624047074 4 9 5 5 6
49.009879032647 8.4176945239074 115.47952270508 0.036156 0.0214 -1.8265089803847 -0.21114685600249 -0.046508325412099 0.21604494411106 -0.0083987548211713 0.01348070099848 -1.7706789439764 0.35248913579839 9.817564240114 -1.55890455816 -0.0022916299548216 9.8597130623059 0.00064511584191896 -0.0021249585099323 -0.00035983586606025 0.00063550079944554 -0.0021105870206264 -0.00045002605348656 0.085562842402529 0.031112698372208 4 4 5 5 0
49.009954383047 8.4177231690742 115.45519256592 0.029267 0.021908 -1.8167799803847 -5.7042930657361 -1.4098200473404 5.8758940019595 -0.020454468724683 -0.00077494718725021 -2.2967799941217 0.2757176355457 9.7916274090356 -2.0844641962108 -0.0094837933595309 9.8429048656925 0.0030126167434154 0.0049952996013117 -0.0030197318103211 0.0029499069260207 0.0050810295704023 -0.0029371858898659 0.04172529209005 0.023345235059858 4 13 4 4 0
49.009877353727 8.417693996985 115.59832763672 0.036287 0.016483 -1.8247669803847 0.01078948229218 -0.0020157035996113 -0.0099370187291116 0.0046617204599001 -0.00099939239411419 -0.15711146948309 0.35749455837779 9.81178312794 0.0043312942263686 0.0015801249217864 9.8195526125118 0.00050035240805762 0.00057978752482925 -0.00022686508504257 0.00049690330128914 0.00058766077598644 -0.00021387032639655 0.078006409993026 0.014212670403552 4 8 5 5 6
49.00987758734 8.4176941708674 115.58168029785 0.036101 0.017141 -1.8257729803847 -0.019185662146661 -0.00017326377352653 0.018608920245474 -0.0046719964172296 0.018025950544878 -0.179745949735 0.36491717215833 9.7915465042631 -0.011770341637522 0.011213679491251 9.7999808660976 -0.00017975478162346 0.00012701848961565 0.0004614015735158 -0.00017177059804214 0.00011026590273363 0.00046873485702351 0.081565924257621 0.014866068747319 4 10 5 5 6
49.009879588523 8.4176946563339 115.47440338135 0.036148 0.021852 -1.8262819803847 -0.52683583677898 -0.12685998192981 0.54179548027545 -0.010339635697878 0.0085143765853391 -1.7896618822393 0.37315326253781 9.8184332699864 -1.5745187201662 0.017222352323274 9.862272263556 -0.0014710587550276 -0.00011781602929405 -0.0013902092088832 -0.0015011545867585 -6.7375173841084e-05 -0.0013612885948355 0.085562842402529 0.031112698372208 4 4 5 5 0
49.00987746872220 8.41769412470608 115.57331237792600 0.03614260000000 0.01641960000000 -1.82480778038470 0.00758222311755 0.00294040786831 -0.00807751033469 -0.00094116442370 -0.00509189667754 -0.16605885939265 0.35042790459660 9.79695080356134 -0.00490133458306 -0.00427973217625 9.80462299949266 -0.00085264045629 -0.00038264849540 0.00027332482561 -0.00084826748158 -0.00039225520360 0.00027330623129 0.07872065810094 0.01345362404707 4.00000000000000 11.00000000000000 -1.00000000000000 -1.00000000000000 -1.00000000000000
49.009881484092 8.4176952749237 115.46893310547 0.036646 0.022602 -1.8257969803847 -1.0306433064681 -0.25950648066066 1.0627762417956 -0.0086929412027441 0.0086520634858589 -2.0936027687829 0.34815332315832 9.7663602663862 -1.8721545602887 -0.010272427132607 9.8173960623577 -0.00054489005886945 -0.00017089027941056 -0.0021712865673802 -0.00059397950359268 -9.1116296733919e-05 -0.0021631903870562 0.085562842402529 0.031112698372208 4 4 5 5 0
49.009879054914 8.4176948809209 115.50194549561 0.036045 0.016262 -1.8265919803847 0.010787063360938 0.01859097812677 -0.015139690260211 -0.015256814368788 0.019444184349219 -0.048031423240088 0.37537333787571 9.8791105646805 0.11174991628761 0.018652466579296 9.8856957220242 -0.00080207892018386 0.0016281391764133 -0.00012336358937185 -0.00080310493255234 0.0016315444405561 -5.1406813840613e-05 0.11244998888395 0.0367695526217 4 7 5 5 0
49.00987908283 8.4176947893222 115.49523925781 0.035947 0.01534 -1.8268079803847 0.025461003012967 0.018102076605445 -0.029214313800463 -0.011065875261107 0.012222492633617 -0.35776134234528 0.30866125422806 9.7763102674823 -0.2066362460144 -0.042991988303015 9.7852704637462 -0.00012756572670995 -0.0020660117702188 -0.0007535989388361 -0.00014008899199278 -0.0020376057720365 -0.00082476456586452 0.11244998888395 0.0367695526217 4 4 5 5 0
49.009877816044 8.4176945360447 115.62670135498 0.036136 0.017208 -1.8264359803847 -0.010117348541324 0.0093760010462061 0.0074177661395286 -0.011629562836078 0.033556961721951 -0.18690928834374 0.35110756020549 9.7903099208104 -0.018430970293944 -0.0027992497971081 9.7983731399355 -0.00012155067414619 -3.6405186707314e-05 -0.00021399497187462 -0.00012526336976398 -2.8664734793111e-05 -0.00021295503678981 0.087206651122492 0.018439088914586 4 7 5 5 6
49.009884837571 8.4176964572281 115.4640045166 0.036725 0.022791 -1.8247359803847 -1.5862003228226 -0.40664038365312 1.6374878970699 -0.0046149776247845 0.0031460632349136 -2.0759789725412 0.36728282831695 9.8002842374566 -1.8514200411824 0.0091545522130241 9.8520293167852 0.0037210782953657 -0.00092371993416237 -0.0021393212818353 0.0036703809005873 -0.00084517007711593 -0.0022557407765679 0.070724818840348 0.030413812651491 4 4 5 5 0
49.009877480981 8.4176941510043 115.58441162109 0.036043 0.017012 -1.8255189803847 -0.018803522726938 -0.00045488846894498 0.018311590198854 -0.0042971139135951 0.014403580546934 -0.15886336816969 0.34615993771369 9.8020095770214 0.0081427238488012 -0.0074777319445511 9.8094021216392 -0.00040791633567996 -0.00024478894320799 -0.00073895643127464 -0.00042054799428972 -0.00021799598552527 -0.00074027727870837 0.080919713296576 0.013453624047074 4 10 5 5 6
49.009877440341 8.4176939839491 115.60034942627 0.036267 0.016482 -1.8252569803847 -8.8695821349194e-05 -0.0036234692345527 0.000998107273406 0.0034844110337049 0.0052883327783239 -0.15762330130461 0.35342436329944 9.810266035467 0.0043697156244419 -0.0024459791030716 9.8178963070676 0.00018290391523798 -0.00027115161957807 0.00059534400817893 0.0001925222808007 -0.00029255428459357 0.00058202968627766 0.07981227975694 0.013453624047074 4 9 5 5 6
49.009877365814 8.4176940060105 115.59745025635 0.036272 0.016507 -1.8248019803847 0.011054528656864 -0.0015062744539193 -0.010321519617171 0.0042352951993154 -0.0013575033977854 -0.1770183226176 0.36074933859945 9.7874016401901 -0.015909040857914 0.0057134866669197 9.7956355267376 0.00010493855128287 0.00096600236058588 -0.0007061504750901 9.3848636756373e-05 0.00099095289202411 -0.00067240956023721 0.078006409993026 0.013453624047074 4 8 5 5 6
49.009878269564 8.4176948175883 115.59481811523 0.036167 0.016869 -1.8264659803847 0.0027207253192866 0.015990414143528 -0.006677071974046 -0.014782023019162 0.029827396079066 -0.10451779905554 0.35802648155307 9.8235068945227 0.061663121543341 0.0030209744011988 9.8303924173668 0.00046354216816469 -0.00087941435637244 0.00073203232634055 0.00047528107638402 -0.00090525538025712 0.00069188404848804 0.11204463396343 0.031144823004795 4 7 5 5 6
49.009877310604 8.4176939764168 115.59909057617 0.036242 0.016519 -1.8246769803847 0.0095607840423112 -0.0024227510603861 -0.0086456526873433 0.0047466859777606 -0.0012649973564492 -0.15160253299769 0.34982685550787 9.81404257548 0.010336252639323 -0.0058551857486894 9.82144042833 0.00026883396279278 0.00035051487759493 0.00065514367854065 0.00027985253358882 0.00032656062833302 0.00066286285614153 0.078006409993026 0.014212670403552 4 8 5 5 6
49.009877638907 8.417694331025 115.62104034424 0.036178 0.017225 -1.8262989803847 -0.016529458655758 0.0036939601514859 0.015059255667545 -0.0077515711162946 0.029971995649448 -0.15512029037181 0.36018444278386 9.7992398607969 0.013563759455718 0.0055534284624902 9.8070763670466 2.2743004020529e-05 0.00046640974589523 -0.00014540319858963 2.0532051914003e-05 0.00047135436266164 -0.00012872976791054 0.087206651122492 0.018439088914586 4 9 5 5 6
49.009878728977 8.4176953504357 115.56075286865 0.035981 0.016601 -1.8267739803847 0.016954755717935 0.02549520955368 -0.022856499214671 -0.020372791372507 0.025056528491104 -0.15703151494571 0.35228142697945 9.8002716238302 0.0063409622647419 -0.00048923306835577 9.8078609448659 7.7321151541774e-05 -0.0012809224027455 -0.00062377820806571 6.6211152247494e-05 -0.0012576632538213 -0.00067068231413952 0.11204463396343 0.031144823004795 4 7 5 5 6
49.009882402364 8.4176955929139 115.46675109863 0.036671 0.022705 -1.8256059803847 -1.2131571060876 -0.30608130923414 1.2511388927301 -0.0093046241618031 0.0065310093448221 -2.066840747492 0.38111679565912 9.7548803742121 -1.8448870578958 0.022655058472951 9.8066680226846 -0.00084778819557932 0.00032951611903167 -0.0033281962402243 -0.00092271968343595 0.00045158245566328 -0.0032937641525614 0.085562842402529 0.031112698372208 4 4 5 5 0
49.009914880244 8.4177085514248 115.46364593506 0.033057 0.022369 -1.8188159803847 -3.9712011831714 -0.98327037292877 4.0910664171452 -0.021017620308645 0.0015291702457131 -2.1812629482569 0.29191271263916 9.7545351470603 -1.9623031228418 -0.027505804348098 9.8052760178661 0.0054614941816773 -0.00039419257235179 -0.0031492610965885 0.0053893435245543 -0.0002907858858485 -0.0032814283530151 0.052325901807805 0.026172504656605 4 13 4 4 0
49.00988005925 8.4176948057722 115.47283172607 0.036297 0.021803 -1.8261419803847 -0.67949791752079 -0.16652517992003 0.69952786947777 -0.010421379048173 0.0047795351369975 -1.7898657430948 0.3320288501837 9.754078432933 -1.5739286126825 -0.023213303511917 9.7968643606991 -0.0018240281047318 -0.0049931993195031 -0.0013473981732647 -0.0018573032096631 -0.0049408276143074 -0.0014875144056229 0.085562842402529 0.031112698372208 4 4 5 5 0
49.009877428551 8.4176940059885 115.60733795166 0.036295 0.016671 -1.8254999803847 -0.0066048896316076 -0.0045525989909478 0.0075388207571329 0.0027416987234925 0.010381251005515 -0.15586735813205 0.35975544336492 9.8019747103779 0.0072222176707801 0.0038249920595857 9.809810710174 -3.5500239139385e-05 0.00073460142489103 -0.00027952075740095 -3.9724330446101e-05 0.00074421340095731 -0.00025201055271326 0.080430093870392 0.013453624047074 4 9 5 5 6
49.009907954287 8.4177057909348 115.46062469482 0.034332 0.022785 -1.8197609803847 -3.5705310352186 -0.88563757240025 3.6786739426039 -0.020235568935189 0.0017688854787943 -2.2126307699726 0.24755657950186 9.8159709160195 -1.988015812073 -0.085442207334549 9.8666600793146 0.0070998374896747 -0.00096844047395129 -0.0062630624661032 0.0069542757323905 -0.00075501032106446 -0.0064539735099309 0.052325901807805 0.026172504656605 4 13 4 5 0
49.009893954091 8.4176999013975 115.45893096924 0.035521 0.023636 -1.8223809803847 -2.55984824304 -0.64648868426998 2.6402030216231 -0.01011984590005 0.0054812751451799 -2.2131845159965 0.33549951227547 9.739431966954 -1.9818263383325 -0.0090616901541182 9.7948851610596 0.0024697641542142 -0.0011448395779347 -0.006992839446908 0.0023027334095501 -0.00089660956848658 -0.0070857075740225 0.070724818840348 0.030413812651491 4 4 5 5 0
49.009877438247 8.4176939912204 115.59766387939 0.036242 0.016459 -1.8250969803847 0.0014322269057427 -0.0027886847357486 -0.00068429093073123 0.0030593650863621 0.003637167806449 -0.15671190140894 0.34483124258899 9.8148971088379 0.0053608743248489 -0.011290797485592 9.8221989078282 -0.00040853539542197 -0.00065408434602241 0.00171376180935 -0.00038063807437187 -0.00071579755896348 0.0016954664656336 0.07981227975694 0.013453624047074 4 9 5 5 6
49.009879043869 8.4176949203434 115.50534820557 0.036066 0.016583 -1.8267009803847 0.017030163337353 0.018833374433364 -0.021242390454666 -0.013909456541472 0.021509522451909 -0.33756569942086 0.31667400266546 9.7744770691922 -0.1773012238223 -0.035749234362698 9.7837753344101 0.00042176272764939 0.0033936865899791 -0.00031996256469259 0.00041860306870707 0.0034030043428236 -0.00020453786486082 0.11244998888395 0.0367695526217 4 7 5 5 0
49.009877379048 8.4176940672918 115.60905456543 0.036221 0.016885 -1.8255459803847 -0.015936847881493 -0.0035421124729572 0.01631513331644 -0.00058848367217954 0.015284201262486 -0.17171200289482 0.35311641165328 9.790016271973 -0.006375703683622 -0.0018084961025003 9.7978870284685 -0.00047452968522535 0.00033920346755485 0.00028226058689839 -0.00046947279772418 0.00032876062756621 0.00030234652615651 0.080280757345705 0.013453624047074 4 9 5 5 6
49.009877726584 8.4176944487978 115.63011932373 0.036169 0.017168 -1.8263789803847 -0.013386240168764 0.0065678894620508 0.011290854266869 -0.009738813522002 0.033303977894917 -0.14810689977999 0.35332063479418 9.8007563646797 0.020403038077923 -0.0010510034456397 9.8082217430491 0.00036303661484069 -0.00031998137801608 0.00013920800663653 0.00036512744663699 -0.0003248164755754 0.00012132753040547 0.087206651122492 0.018439088914586 4 7 5 5 6
49.009878771957 8.417695277978 115.55219268799 0.035951 0.016816 -1.8267049803847 0.015998296045494 0.023786385442291 -0.02149785540811 -0.018962604928927 0.024427523509372 -0.22276665061628 0.35491082037287 9.786504887948 -0.058495029588656 0.002681405672178 9.795301353158 -0.00032276055730988 0.0004415412875002 -0.00011994429794091 -0.00032445911288856 0.00044555045372886 -9.8503992380992e-05 0.11204463396343 0.031144823004795 4 7 5 5 6
