49.014265583272 8.4169655549091 107.27017974854 -0.005996 0.014252 1.9771553267949 -0.015767066214728 -0.0011304566733837 -0.014038190514248 -0.0072670778688731 -0.0085968925118872 -0.14066643835687 -0.055343605987389 9.8093087825395 -0.0008798960442548 0.0036290414243892 9.8104726474152 0.00017999646666154 -7.3862290680828e-05 0.00082220226240078 0.00019171013196433 -6.8945620061615e-05 0.00081999465132072 0.39826875348187 0.042426406871193 4 5 0 4 0
49.014265753186 8.4169658437175 107.28472900391 -0.005828 0.014485 1.9832653267949 -0.003532279535614 0.0074798780904454 -0.0062340605135471 0.0054371731468891 -0.0051506431314051 -0.14110574559769 -0.062819199058978 9.8085664534764 0.00050713504518429 -0.0055712379778537 9.8097808062124 0.00018112041961512 0.0007866470519964 0.00010516879821218 0.00018248013307689 0.0007872680544133 9.7936974609249e-05 0.38225645841503 0.02475883680628 4 5 4 4 0
49.014265566015 8.4169655362442 107.26953125 -0.006036 0.014248 1.9766753267949 -0.016415067559952 -0.0016109945269665 -0.01444780486582 -0.0079568943384786 -0.0086639725762665 -0.14907781757807 -0.059448589445331 9.8114488611064 -0.0093653601689386 -0.0001844135208645 9.8127571085573 -1.9696389348798e-05 2.4332705115702e-05 0.0009998821973336 -5.4577724963877e-06 3.0373736368037e-05 0.00099992243539738 0.39826875348187 0.042426406871193 4 5 0 4 0
49.014265655094 8.4169656441275 107.27801513672 -0.005943 0.01431 1.9785913267949 -0.013069180223485 0.00093285814803819 -0.012368601981671 -0.0043236753687856 -0.007689194481662 -0.14454602539608 -0.062344995085555 9.813691841989 -0.0040084561708636 -0.0038866191611254 9.8149526411759 0.00013253861533874 -0.00029132463190899 0.00030956518998552 0.00013698298504035 -0.00028947741931143 0.00030934176148407 0.39826875348187 0.042426406871193 4 5 4 4 0
49.014265741817 8.4169658370906 107.27671051025 -0.005862 0.0145 1.9847363267949 -0.0016619190688464 0.0077193334460897 -0.0046251787548528 0.0063999258333909 -0.0055687793627238 -0.14358868182338 -0.058937614195547 9.8051986488749 -0.0016590352168053 -0.0016815928206483 9.8064271882455 -0.00035333307717008 0.00035831124981987 -7.2281613935629e-05 -0.00035438641234204 0.00035786821279905 -6.9262051855238e-05 0.38225645841503 0.02475883680628 4 5 4 4 0
49.014265731199 8.4169657419345 107.29074859619 -0.005881 0.014357 1.9802823267949 -0.0094879469099545 0.0035292623040348 -0.010108828580903 -0.0005382801226386 -0.0059497568204705 -0.14005279312518 -0.058154858724488 9.8091039401791 0.00059607332474852 -0.00034513495642377 9.810275851305 0.00020255116203974 0.00023740154204334 0.00069536943743127 0.00021246802713327 0.00024149186404242 0.00069096626093984 0.39826875348187 0.042426406871193 4 5 4 4 0
49.014265746053 8.4169658168096 107.25611114502 -0.005833 0.014555 1.9884743267949 0.0038025127056174 0.0074986272615413 0.00043603681099713 0.0083964800471583 -0.0063774885801499 -0.1458577033089 -0.059941289234594 9.8104440123024 -0.0031103823068044 -0.0026378063149686 9.811710623187 0.00015652983198778 -5.0613421143901e-05 0.00049044544805196 0.00016363989330388 -4.7738695448318e-05 0.00048839691760628 0.3789050012866 0.029 4 5 4 4 0
49.014265758926 8.4169658113883 107.25023651123 -0.005853 0.014625 1.9891643267949 0.0049963206994928 0.0074742436545484 0.0015319233382616 0.0088591286633731 -0.0066293629608836 -0.14327225531109 -0.056746956972717 9.8037673443378 -0.00031441771033758 0.00052977457233885 9.8049784586271 -0.00019603742343332 0.00054589508220375 0.00012737864087921 -0.00019420998675298 0.00054664134222029 0.00012704867669794 0.3789050012866 0.029 4 5 4 4 0
49.014265764663 8.4169658088373 107.29441070557 -0.005866 0.014429 1.9815583267949 -0.0065683420643468 0.005937106489563 -0.0083921796329264 0.0028221416241275 -0.0048724446657573 -0.14525697094821 -0.061950353445119 9.8063495698134 -0.0040317689449819 -0.0044406496341391 9.8076195522313 -2.5890440413237e-05 0.00041282518309984 0.0010350867830868 -1.10040838328e-05 0.00041888496109782 0.0010329261786367 0.38225645841503 0.020518284528683 4 5 4 4 0
49.014265752268 8.4169657809365 107.29563140869 -0.005869 0.014343 1.9809263267949 -0.0078579595212587 0.0048582687034628 -0.0091433136447687 0.0013233283627977 -0.0051808315393809 -0.13713136281955 -0.058045744290496 9.8120923453038 0.0037000461991694 -0.00031079595361811 9.8132220409255 0.00026412543412735 -0.00021509773090635 0.00123399592458 0.00028183643918513 -0.00020777713257599 0.0012313042864451 0.38225645841503 0.020518284528683 4 5 4 4 0
49.014265772869 8.4169658159946 107.29279327393 -0.005924 0.014411 1.9819883267949 -0.0059720992509442 0.0062030595236161 -0.0079529120749016 0.0033009886344837 -0.0048576809336613 -0.13694161203033 -0.059635438809819 9.8071745597409 0.0042727304705148 -0.0020697897463959 9.8083108692176 -0.00095641748040858 0.00011442900214869 0.0014404256411227 -0.00093558499816782 0.00012291524314205 0.0014533224758649 0.38225645841503 0.020518284528683 4 5 4 4 0
49.014265818823 8.4169657989767 107.2287902832 -0.00581 0.014681 1.9933783267949 0.01408556725444 0.0065068227568095 0.010179136234357 0.011710171685235 -0.0087296045986434 -0.1458756169731 -0.062347194109166 9.8091113704442 -0.0018173776334475 -0.0052058717455181 9.810392867348 0.00032200534502416 -0.00012209385860803 0.00072519017711793 0.00033261797812309 -0.00011787195621707 0.00072109327029739 0.37612364988126 0.033241540277189 4 5 4 4 0
49.014265719336 8.4169657286936 107.28948974609 -0.00591 0.014334 1.9799743267949 -0.010060527710832 0.0031434797005537 -0.010480907376635 -0.0011170932888822 -0.0061755401033051 -0.14096330235157 -0.060091183786178 9.8067906316827 -0.00039120306274628 -0.0022478178598111 9.8079874143198 -0.00025535316098411 -7.6202747782177e-05 0.0002280043663769 -0.00025203073832629 -7.4838076007015e-05 0.00023209536843755 0.39826875348187 0.042426406871193 4 5 4 4 0
49.014265765392 8.4169658169739 107.29159545898 -0.005846 0.014425 1.9823573267949 -0.0054030984535497 0.0064507072351213 -0.0075317131066041 0.0037522984681659 -0.0049675329381477 -0.14783075533715 -0.062334768014504 9.8115616789126 -0.006309177725204 -0.0050312721330782 9.812870143685 -9.6843085388392e-05 -5.8931405554491e-05 0.0012195688075313 -7.9229109142055e-05 -5.1772923091633e-05 0.0012211342958081 0.38225645841503 0.020518284528683 4 5 4 4 0
49.014265803069 8.4169658103982 107.23854827881 -0.005801 0.014621 1.9904793267949 0.0077118731194949 0.0073049982988897 0.0040699523225278 0.0098120695639887 -0.007553669605362 -0.14430341951594 -0.057746469789936 9.8091204666972 -0.00096043487272089 -0.00063498959375435 9.8103517477594 0.00034302499483318 -0.00012798347174627 0.00015575751824475 0.00034527299790402 -0.00012701438981569 0.0001514843685341 0.3789050012866 0.029 4 5 4 4 0
49.014265541086 8.4169655218252 107.26982116699 -0.006066 0.014241 1.9760563267949 -0.017269059169246 -0.0019090586904236 -0.015119486793607 -0.0085595963214112 -0.0089362828680082 -0.13790307970295 -0.063615647057493 9.8095587768594 0.0017682992572864 -0.0041687512801757 9.8107337715331 -0.0001421644329061 -6.2481170125824e-05 0.00091627099379743 -0.00012907265419789 -5.6944611385358e-05 0.00091858292544234 0.3974581739001 0.042426406871193 4 5 0 6 0
49.01426575198 8.4169658360841 107.28631591797 -0.005844 0.014442 1.9830373267949 -0.0039670110735508 0.0071406238010768 -0.0064950893392722 0.0049538002686071 -0.0050758476875377 -0.14015266320928 -0.056293459995219 9.8043410128105 0.0014697810063101 0.00092923730391552 9.8055046600081 -0.00011336804096952 -9.8306068750834e-05 0.00053939328158202 -0.00010557301839993 -9.515935216134e-05 0.00054158305856096 0.38225645841503 0.02475883680628 4 5 4 4 0
49.014265737793 8.416965755364 107.29307556152 -0.005846 0.014325 1.9803843267949 -0.0088493141620631 0.0038932012516339 -0.0096677802880074 4.7892834335693e-05 -0.0055852362429851 -0.14251668278985 -0.060901420373396 9.8088401140114 -0.0018294511959491 -0.0031782200127285 9.8100639597041 0.00069148960063287 -0.00034820647353521 0.00036107058443865 0.00069660653987057 -0.00034609849927052 0.0003531671390245 0.38225645841503 0.020518284528683 4 5 4 4 0
49.014265824926 8.4169658060635 107.23117828369 -0.005842 0.014686 1.9919603267949 0.010624931628101 0.0071222388688236 0.0067893038587123 0.010840979799056 -0.0082927089686786 -0.14586427886824 -0.061823087858344 9.8131372041458 -0.0018804411509065 -0.0046627851533493 9.8144148154105 -0.00030147034635827 1.8565756990043e-05 0.0011853856141305 -0.00028404596654761 2.5469419860289e-05 0.0011895416968423 0.3789050012866 0.029 4 5 4 4 0
49.014265703112 8.4169657079383 107.28657531738 -0.005932 0.014349 1.9797093267949 -0.010732287958885 0.0025123997703884 -0.010846885490844 -0.0019597876222264 -0.0065428695277904 -0.1365582510504 -0.056757872644261 9.8075366415592 0.0040460325222769 0.0013254683088538 9.8086505038949 -0.00022279364313082 0.00014303852308928 0.0011199801116137 -0.00020672997433533 0.00014967990937517 0.0011222132526438 0.39826875348187 0.042426406871193 4 5 4 4 0
49.014265628758 8.4169656124129 107.27474975586 -0.00595 0.014319 1.9781533267949 -0.013785718064487 0.00032923971624636 -0.012789394437998 -0.0051564423558053 -0.0079379570765861 -0.13676956614801 -0.056965180012711 9.8043509046533 0.003471986299082 0.0017636849864461 9.8054696938097 0.00062056691960607 0.00017135838299414 0.00072370205301836 0.00063081430144405 0.00017568732740446 0.00071370268791421 0.39826875348187 0.042426406871193 4 5 4 4 0
49.014265774794 8.4169658125118 107.24542236328 -0.005834 0.014561 1.9897473267949 0.0062749666465765 0.0074325192783265 0.0027115169298105 0.0093417862179521 -0.0071031200427935 -0.13722525244755 -0.059822795676198 9.8113380983949 0.0058527420193532 -0.0025732014619849 9.812478111272 8.0467972555056e-06 -0.00055972589954811 0.00093914126750002 2.1790004552874e-05 -0.00055423890265464 0.00094217141129398 0.3789050012866 0.029 4 5 4 4 0
49.014265754449 8.4169658288359 107.28894042969 -0.005839 0.014419 1.9827803267949 -0.0044550204046947 0.0069969251154985 -0.0068834421585922 0.0046285065346821 -0.0049857221304381 -0.15162096619518 -0.062176584441022 9.8111111131257 -0.010000895706482 -0.0049856218245159 9.8124732557996 -0.00016324664816353 -0.00030743205446754 0.0011499143851378 -0.0001466093258335 -0.00030071789998037 0.0011539269832442 0.38225645841503 0.020518284528683 4 5 4 4 0
49.014265832676 8.4169657970596 107.22800445557 -0.005815 0.014661 1.9931443267949 0.01358433425611 0.0064883746096885 0.0097324114480558 0.011485442268962 -0.0086292131857929 -0.1349566461309 -0.054577375112319 9.8085293560547 0.0091732512243846 0.0026489846006935 9.8096050885777 0.00038940292324734 -0.00060389249673668 0.0013569352255127 0.00040936155978215 -0.00059594224903436 0.0013545300291874 0.37612364988126 0.033241540277189 4 5 4 4 0
49.014265669383 8.4169656667622 107.28025817871 -0.005976 0.014335 1.9789883267949 -0.012203048032178 0.0015578289727994 -0.01181961648945 -0.0034117907192429 -0.0072250034957736 -0.14107781179958 -0.05612079117621 9.804455099727 -0.00067665472846012 0.0021790430350765 9.8056309068314 -0.000600385261428 0.00019580747053535 0.00093133786511789 -0.00058699413535967 0.000201335505927 0.00093862986082723 0.39826875348187 0.042426406871193 4 5 4 4 0
49.014265746552 8.4169658389134 107.28172302246 -0.005835 0.014486 1.9839343267949 -0.0028476293824631 0.0075749547350734 -0.005647284282031 0.0057964549429789 -0.005309556208542 -0.13766641540491 -0.058041943176563 9.8074028501158 0.0041763314647686 -0.00075460048105449 9.8085398149854 0.00010671375899451 0.00027064854847037 0.0019759541117313 0.00013529500699667 0.00028220828139162 0.0019725954644542 0.38225645841503 0.02475883680628 4 5 4 4 0
49.014265731421 8.4169658297964 107.27201843262 -0.005814 0.014523 1.9859953267949 5.4932810652521e-05 0.0078003174236129 -0.0030941520172528 0.0071606939146562 -0.0055655597468482 -0.14007825023179 -0.05751552547838 9.8089844084918 0.0022339977222383 -0.00027675204287709 9.8101529383793 0.00040258393147061 0.00015415223720697 0.0014857879421625 0.00042407267422817 0.00016278812845026 0.0014788680602207 0.38225645841503 0.02475883680628 4 5 4 4 0
49.014265690568 8.4169656911011 107.28406524658 -0.005913 0.014286 1.9794043267949 -0.011495132806062 0.0021626094932332 -0.011408811283439 -0.0025799821587244 -0.0069354083505615 -0.14477446696848 -0.061782694692439 9.8102452356646 -0.0042483444926297 -0.0035298524290517 9.8115065305464 0.00035605855014696 -0.0007669827765357 0.0011492782937269 0.00037250544987953 -0.00076015411310397 0.0011485788535459 0.39826875348187 0.042426406871193 4 5 4 4 0
49.01426573583 8.4169658256898 107.26344299316 -0.00584 0.014523 1.9873553267949 0.0021934671780449 0.0077777266078817 -0.0011390904953749 0.0080005430405769 -0.0059414672597331 -0.14516857885745 -0.060410048194382 9.8097155238364 -0.0026772500446639 -0.0032029722992766 9.8109746292817 -0.00012580054177189 -0.00015084142351574 0.0011649752518102 -0.00010886176789201 -0.00014406168792133 0.0011675383345597 0.3789050012866 0.029 4 5 4 4 0
49.014265756613 8.4169658011397 107.29566192627 -0.005865 0.014398 1.9812293267949 -0.0070613334239613 0.0055550319609972 -0.0086912341130972 0.0022767912299765 -0.0049081232109917 -0.13676548599383 -0.057622104153879 9.8072656066567 0.0042406847108277 -5.392923051826e-05 9.8083878304664 0.00010189304897645 0.00032751719997359 0.00038124305218932 0.00010736140619886 0.00032973768450046 0.00037782213335152 0.38225645841503 0.020518284528683 4 5 4 4 0
49.014265742986 8.4169658211584 107.25941467285 -0.005855 0.014535 1.9879213267949 0.0030063802690324 0.007563196065492 -0.00031323195696531 0.008132923343113 -0.0061058976351317 -0.1448510919978 -0.054845507628067 9.8075821791241 -0.0022003952994223 0.0024977311380025 9.8088042947426 -0.00012019730373782 -0.00030083660646359 0.0005601373669548 -0.00011202395019175 -0.00029755829114267 0.00056357129652412 0.3789050012866 0.029 4 5 4 4 0
49.014265611807 8.4169655873435 107.27278900146 -0.005989 0.014307 1.9776983267949 -0.014845667632986 -0.00042859437263462 -0.013465854062262 -0.0062651424937759 -0.0082955130958074 -0.1432703176703 -0.061849417458032 9.8102260017895 -0.0032513459582016 -0.0029227157730869 9.8114662841692 0.00017451223220095 0.00047469428081112 0.00032640259052971 0.00017901316672725 0.00047664827220491 0.00032098908139447 0.39826875348187 0.042426406871193 4 5 0 4 0
49.014265731112 8.4169658259046 107.26638793945 -0.005859 0.014529 1.9869173267949 0.0014337600636136 0.0077382771931113 -0.0018147937335149 0.0076580083974287 -0.0058564960007583 -0.13470856361907 -0.059966833148455 9.8054566009854 0.007771814491519 -0.00264955546807 9.8065618462848 -0.00020764958793611 -0.00012740370657502 0.00083818729846371 -0.00019544685691787 -0.00012252553654012 0.00084184796696206 0.3789050012866 0.029 4 5 4 4 0
49.014265736508 8.4169658340984 107.2737121582 -0.005856 0.014509 1.9855293267949 -0.00050556552597445 0.0078756359171706 -0.0036346042921923 0.0070051442469655 -0.0055143061313311 -0.14905786347329 -0.061555578058471 9.8105141095931 -0.0068619744136174 -0.0042392909010655 9.8118363823961 -0.00019527397333281 0.00016033463861153 0.00033217205880141 -0.0001905035951127 0.00016224806195513 0.00033404234169254 0.38225645841503 0.02475883680628 4 5 4 4 0
49.014265830314 8.4169658007439 107.22950744629 -0.005823 0.014684 1.9924793267949 0.011855372550878 0.0068523370947781 0.0080161935923632 0.011101835774863 -0.0084141095345988 -0.13676311786661 -0.058088745495649 9.8068859709324 0.007297654376335 -0.0010226245633104 9.8080088595958 -4.1539945615228e-05 -0.00025726864512714 0.0012221176481459 -2.3557649477215e-05 -0.00025015197971274 0.0012240718711768 0.3789050012866 0.029 4 5 4 4 0
49.014265821311 8.4169658112917 107.23419952393 -0.005784 0.014647 1.9911563267949 0.0091507970909599 0.0073018573339148 0.0053782094578827 0.010398791853238 -0.0078647998646868 -0.14179946637988 -0.059949128216934 9.8093431807842 0.0017974251017984 -0.0029315445756922 9.8105506980239 0.00048718306826413 -8.132713545937e-05 0.0008388873683654 0.00049939930059889 -7.6416183444929e-05 0.00083210193837633 0.3789050012866 0.029 4 5 4 4 0
49.014265744107 8.4169658395641 107.27928161621 -0.005792 0.014465 1.9843343267949 -0.0021768071602432 0.0076862798059694 -0.005080713772851 0.006164856786555 -0.0052677209592753 -0.14065989118448 -0.055176958454739 9.8111154627211 0.001174005648188 0.001971930142497 9.8122787056838 0.00060182054520885 6.4129578911661e-05 0.00073054931201969 0.00061232641889143 6.838947312253e-05 0.00072139474116615 0.38225645841503 0.02475883680628 4 5 4 4 0
49.014265738963 8.4169658383316 107.27529907227 -0.005821 0.014448 1.9850833267949 -0.0010412394517877 0.0077666362952308 -0.00407835051146 0.00669126158564 -0.0055218859417856 -0.1362854116246 -0.059099539921096 9.8094883968912 0.0057013865047713 -0.0018466947469395 9.8106114125207 0.00031998554245917 -0.00052240150572828 0.00086480692633244 0.00033250628628237 -0.00051734062635285 0.00086310926735549 0.38225645841503 0.02475883680628 4 5 4 4 0
49.014265749169 8.4169657729091 107.29518127441 -0.005851 0.014387 1.9806463267949 -0.0082220112309829 0.004457150935189 -0.0093170626219398 0.0008130306066769 -0.0054136653778108 -0.14778723385593 -0.06238139687758 9.807938608334 -0.0069704843369557 -0.0047239581282205 9.8092470044902 0.00046840725124489 0.00047422766654458 0.0013242428237038 0.00048735241970314 0.00048198243426057 0.0013145733602881 0.38225645841503 0.020518284528683 4 5 4 4 0
49.014265729495 8.4169658255536 107.2691192627 -0.005841 0.014545 1.9864973267949 0.00066390049011943 0.0077487894274478 -0.0025198776663017 0.0073577248663858 -0.0055762065917603 -0.14350405077822 -0.062424038488306 9.8048276262769 -0.0011854248373515 -0.0051029944396544 9.8060747844533 0.00012083141454388 0.00039807341376667 0.00056599422858135 0.0001289949014018 0.00040135514955849 0.00056183255918578 0.38225645841503 0.02475883680628 4 5 4 4 0
49.014265754499 8.4169657924916 107.29616546631 -0.005882 0.014388 1.9811023267949 -0.0075007203487397 0.0051912590890646 -0.0089487290022796 0.0017694396320848 -0.0050353667082612 -0.14367748570621 -0.05746357351616 9.8075586702667 -0.0027484141862006 0.00015430763234172 9.8087793223384 -0.00014300248337311 0.00029391791881189 0.0014864266933065 -0.00012164484589808 0.00030266969293366 0.0014865786474158 0.38225645841503 0.020518284528683 4 5 4 4 0
49.014265759329 8.4169658229184 107.29033660889 -0.005841 0.014456 1.9825713267949 -0.0048009271167558 0.0066709567758683 -0.0070689276242977 0.0041930658059115 -0.0048785378054924 -0.14099165560702 -0.055715622385102 9.8084725887254 0.00064826869058106 0.0016480495003285 9.8096440419142 0.00013532307691537 0.00022927824132077 0.0013789704703038 0.00015519794094295 0.00023732849163073 0.0013755029163494 0.38225645841503 0.020518284528683 4 5 4 4 0
49.014265835769 8.4169657977713 107.22817230225 -0.005862 0.014675 1.9929153267949 0.012797727926138 0.0066673269454011 0.0089459183994593 0.011322985986016 -0.008718923668534 -0.14147956198938 -0.062709849759033 9.8092253616904 0.0026288004645645 -0.0054460493228918 9.8104441166189 -0.0003910533850933 -0.00038284149769431 0.0015710752240043 -0.00036789734734728 -0.00037363739856777 0.0015788464647309 0.37612364988126 0.033241540277189 4 5 4 4 0
