49.014233927711 8.4170102788149 114.10556030273 -0.006787 0.01385 1.8302553267949 -0.0024530727815708 -0.0033850940241544 -0.0015024267131806 -0.0039011767636179 -0.021342286829536 -0.13317158280778 -0.06531287695925 9.8109544809728 0.0028659797605436 0.00085934822128182 9.8120756401617 -0.00065834748462399 -0.0003925195462651 -0.00012539114812475 -0.00065996490784528 -0.00039335828024978 -0.00011361073820297 0.41003048667142 0.040311288741493 4 4 4 4 0
49.014233972966 8.4170103370166 114.02722930908 -0.00674 0.014019 1.8301253267949 0.0081305244658868 -0.0081031774364992 0.0099365829052461 -0.0057472767768571 -0.021879648661773 -0.13958123155204 -0.06803018981015 9.8080624599126 -0.0025178959246263 -0.0016097848178232 9.8092910678593 0.00061854283791887 0.00080991074977071 0.00045985468560529 0.000624831668131 0.00081299547098781 0.00044569035981073 0.41326988760373 0.04101219330882 4 4 4 4 0
49.014233919372 8.4170103017375 114.10815429688 -0.006694 0.013849 1.8303133267949 -0.0031664289392926 -0.0028025058568001 -0.0023413472934552 -0.0035211385020714 -0.021240080919328 -0.13124092104067 -0.059880193742505 9.8057437051429 0.0046204799704122 0.0059247529894524 9.8068020795015 0.00036174730328836 -0.00026609611869387 0.00045986218423277 0.00036809451216014 -0.0002630033445306 0.00045656746734282 0.41003048667142 0.040311288741493 4 4 4 4 0
49.014233936246 8.4170102695959 114.09787750244 -0.006798 0.013877 1.8301983267949 -0.00054719424940679 -0.0046563792785549 0.00066551422873882 -0.0046409478617888 -0.021076267056136 -0.13793264055692 -0.064595247063738 9.8086165155848 -0.001755063044508 0.0017629128686723 9.8097987467268 -0.00055180260793956 -0.00017164172465741 0.00015082894649309 -0.00054964707412775 -0.00017062601775803 0.00015962720335698 0.41064096239903 0.04101219330882 4 4 4 4 0
49.014233933733 8.4170103736206 114.01815795898 -0.00676 0.013917 1.8303453267949 0.0082818688023046 -0.0084086406629369 0.010162252805076 -0.0060019255349091 -0.021863687158036 -0.13419082263605 -0.065584288078441 9.808530998857 0.0024358154974904 0.00082361049971102 9.8096677430865 0.00019375030858271 -0.00022275827378049 0.00031121540383294 0.00019813760251481 -0.00022063659900631 0.00031000533250038 0.41326988760373 0.04101219330882 4 4 4 4 0
49.014233956258 8.4170102829691 114.07669067383 -0.006794 0.013899 1.8300883267949 0.0019606258069094 -0.0058624023644487 0.0033981060475077 -0.0051637942712702 -0.021274394848297 -0.13319507888492 -0.063664482655595 9.8081347104638 0.0031205845650799 0.0027244574155478 9.8092446216667 -0.00044024393975961 -0.00010991410929233 0.00097018426579922 -0.00042671778213206 -0.00010331090043128 0.00097692329290461 0.41064096239903 0.04101219330882 4 4 4 4 0
49.01423388482 8.4170106517003 113.99394226074 -0.006701 0.013916 1.8318263267949 0.009310356258071 -0.0070607358814854 0.010815962416667 -0.0044216383433162 -0.021448482255667 -0.13815588514588 -0.063705265719618 9.8084590172443 -0.0016763480302978 0.0022560292675072 9.809638301356 0.00037830016089359 0.00013765042449822 -0.00066571767361006 0.00036897222877555 0.00013317920758369 -0.00067182048929367 0.41326988760373 0.04101219330882 4 4 4 4 0
49.014233848197 8.4170107316734 113.98928070068 -0.006678 0.013827 1.8326203267949 0.0088208870529992 -0.0064316507466355 0.010183268294174 -0.0039336647162878 -0.021332625009156 -0.13191920889941 -0.063585774231418 9.8121314184346 0.0042255317683256 0.0022840810690289 9.8132233019051 0.00054718564744924 -0.00073948643088857 0.0023795196718077 0.00058011949456791 -0.00072357426416377 0.0023766362094709 0.41326988760373 0.04101219330882 4 4 4 4 0
49.014234032713 8.4170103365633 114.04187011719 -0.006744 0.013942 1.8301593267949 0.0066889573325978 -0.0066790675796308 0.0081780428341473 -0.0047404194377396 -0.022451151302259 -0.13059337216168 -0.061406134538357 9.8073227998978 0.0063762751791121 0.0048483816341622 9.8083813672553 0.00021029845128088 -0.00048145879741282 0.00040199270266457 0.00021591922550559 -0.00047872887485884 0.00040222857392587 0.41125296351516 0.040311288741493 4 4 4 4 0
49.014234000517 8.4170102948475 114.05919647217 -0.006775 0.013964 1.8299813267949 0.0044002663641574 -0.0065411913220261 0.0059298562506703 -0.0051948407064311 -0.021836769124534 -0.14162582448347 -0.064538445810336 9.8048500022935 -0.0047496422142368 0.0018955549859669 9.8060837153297 7.5594620540906e-06 -1.5081283177741e-05 -0.00022714392414094 4.3729071531863e-06 -1.6643464249233e-05 -0.00022711109970689 0.41125296351516 0.040311288741493 4 4 4 4 0
49.014234032729 8.4170103455837 114.03739929199 -0.006737 0.013929 1.8301923267949 0.00727827951485 -0.0069839276132766 0.008825933652037 -0.0048837924953538 -0.022303440112955 -0.13405304685422 -0.062423650836167 9.8095938536305 0.0029485421163161 0.0038583248181097 9.8107074988881 0.0003634963855474 -0.00068308572885431 0.00032482409736249 0.00036803395777486 -0.00068088422223022 0.00032431506977996 0.41125296351516 0.040311288741493 4 4 4 4 0
49.014233948468 8.4170102728639 114.08251190186 -0.006747 0.013892 1.8301153267949 0.0012943991356439 -0.005493640568768 0.0026598439098708 -0.0049780414150741 -0.021047488177356 -0.13849222356579 -0.067255548124776 9.8090405492895 -0.0022454746027747 -0.0008436551704714 9.8102483642547 0.0004445308320538 -5.5454781948771e-05 0.00062317794380987 0.00045314854116049 -5.1236324683524e-05 0.00061728893538735 0.41064096239903 0.04101219330882 4 4 4 4 0
49.014234031446 8.4170103503657 114.03465270996 -0.006752 0.013994 1.8302213267949 0.0075213466645973 -0.0071357445977625 0.0091001116818499 -0.0049676391431586 -0.022537913608347 -0.13963131334293 -0.065368731592774 9.8054185087544 -0.0026037418378696 0.00088226437079256 9.80663029411 0.00011442557917194 0.00034091713185231 -0.00033292659238521 0.00010973987090112 0.00033872273772567 -0.00033677864723217 0.41125296351516 0.040311288741493 4 4 4 4 0
49.014233768493 8.4170109182569 113.98094177246 -0.006674 0.013809 1.8341963267949 0.0075278999946348 -0.0045139456397445 0.0084423245596108 -0.0024019979361962 -0.021319932100495 -0.13367477815173 -0.058800526792077 9.8064733215282 0.0020079819355962 0.0067977014854832 9.807558200878 0.00019069412873534 -0.00036385149796285 0.00088439542564244 0.00020293940124987 -0.00035792586862259 0.00088406132189684 0.41326988760373 0.04101219330882 4 4 4 4 0
49.014233917099 8.4170103147957 114.11331939697 -0.006764 0.013862 1.8302773267949 -0.0037468635267065 -0.0024191379158527 -0.0030006430168087 -0.0032996002477548 -0.021165715526019 -0.13940686220624 -0.066574579598473 9.8092946945214 -0.0037521465412585 -0.00076338050130544 9.8105107412562 -0.00091186119697222 0.00049797033850316 -5.3774997062823e-06 -0.00091194818433842 0.0004978908190583 3.8396362670726e-06 0.41003048667142 0.040311288741493 4 4 4 4 0
49.014233985408 8.417010335042 114.03072357178 -0.006799 0.013953 1.8301563267949 0.0081078670882188 -0.0080198317886308 0.0098937646598219 -0.005671724394491 -0.021938895433296 -0.13120108737715 -0.060473600832252 9.8108228426882 0.0058451232271122 0.0059773222238969 9.8118829273765 -0.0003563712652531 -0.00026787424061693 0.00059409469806529 -0.00034798088566087 -0.00026385913180531 0.00060080452424777 0.41125296351516 0.040311288741493 4 4 4 4 0
49.014233964992 8.4170102815763 114.07109069824 -0.006795 0.013907 1.8300743267949 0.0026721095147177 -0.0061488917673354 0.0041591553507745 -0.0052583714898949 -0.021448423226335 -0.13959978690022 -0.066850027737606 9.8087612051584 -0.0030163983919372 -0.0003405502536326 9.8099820947139 -0.00024539534688517 -0.00040622414153084 0.00090593085302159 -0.0002326996830279 -0.00040007787588873 0.00091197292144875 0.41064096239903 0.04101219330882 4 4 4 4 0
49.014233928917 8.4170102820377 114.08574676514 -0.006773 0.013862 1.8301893267949 0.00042727462776773 -0.0052374122157338 0.0017562421559471 -0.0049526486397487 -0.021129835370962 -0.13033977297005 -0.066584068633291 9.8060897748957 0.0056565313791255 -6.5746026648508e-05 9.8071803744655 0.00019341195216893 -0.0002154600289072 0.00067448529235695 0.0002027477953625 -0.00021089870422282 0.0006731795736687 0.41064096239903 0.04101219330882 4 4 4 4 0
49.014233956545 8.4170102541394 114.10199737549 -0.006721 0.013901 1.8302223267949 -0.0011052928436119 -0.0042129717437014 1.2405659860825e-05 -0.0043555310622805 -0.021103291920262 -0.13535762731808 -0.064691022986734 9.8111007225879 0.00093722014365682 0.0014514024798917 9.8122475765313 0.00040960426198739 4.7296397755464e-05 0.0003364022378301 0.00041421591900105 4.9549202843999e-05 0.00033033547373293 0.41064096239903 0.04101219330882 4 4 4 4 0
49.014233799154 8.4170108366712 113.98484802246 -0.006687 0.013886 1.8333283267949 0.0081973733669252 -0.0055420141539994 0.0093531684983236 -0.0032290976034897 -0.021494890925485 -0.13807528631716 -0.065298205119675 9.809527490012 -0.0019790728155809 0.00045582209438363 9.8107164583773 0.00019628411488527 0.00038877005876912 -0.0002212534084833 0.00019313766897513 0.00038727905817218 -0.00022654997974219 0.41326988760373 0.04101219330882 4 4 4 4 0
49.014234002095 8.4170103485518 114.032081604 -0.006759 0.013991 1.8302823267949 0.0079141883060276 -0.0075057066577103 0.0095751878730568 -0.0052235776127579 -0.022141244836898 -0.13778441916108 -0.066880544406531 9.8074584283053 -0.00067486942682993 -0.00066507116358299 9.8086546197 -7.3929854801589e-05 0.00019308230931807 0.00023169790243888 -7.0691478122301e-05 0.00019468371664142 0.00023139012185695 0.41125296351516 0.040311288741493 4 4 4 4 0
49.014233925652 8.41701027427 114.09459686279 -0.006795 0.013861 1.8301753267949 -0.00024869629886837 -0.0048849337105285 0.001012562826026 -0.0047853065042285 -0.021006245704633 -0.1353829535767 -0.064281213567146 9.8064254173977 0.00066109759314492 0.0022109224746133 9.8075702313767 -0.00022034496838532 -0.00024086928737264 8.9586599589074e-05 -0.00021905866732952 -0.00024024417013381 9.427564963835e-05 0.41064096239903 0.04101219330882 4 4 4 4 0
49.014233961112 8.4170103459384 114.0234375 -0.006758 0.013974 1.8302033267949 0.0081826430303277 -0.0083301643713217 0.010045382164566 -0.0059529497971935 -0.021938107413293 -0.13146003504606 -0.059300972890161 9.80738891225 0.0055862852463483 0.0070645453431036 9.8084451337117 0.00018089852097656 3.103815852721e-05 0.00033176897891806 0.00018550939569901 3.3345879744223e-05 0.00032899596790065 0.41326988760373 0.04101219330882 4 4 4 4 0
49.014233908963 8.4170104210427 114.01696014404 -0.006766 0.013878 1.8306263267949 0.0084312024198208 -0.0082942872302715 0.010278481852956 -0.005850888819769 -0.021387670053105 -0.13839828518861 -0.070090320652046 9.8062583704522 -0.0020127715964711 -0.0037509591588146 9.8074847137147 -3.4359103302177e-05 -0.00053235609837461 0.00059186144255727 -2.6089059563307e-05 -0.00052835473222497 0.00059584978095953 0.41326988760373 0.04101219330882 4 4 4 4 0
49.014233915006 8.4170102829639 114.09218597412 -0.006846 0.013905 1.8302603267949 -0.00019491428047333 -0.0049731348628453 0.0010872365177127 -0.0048567455435149 -0.020945184575456 -0.13954128131517 -0.064344578239308 9.8081374123063 -0.0034220970182664 0.0022391569898226 9.8093403518824 -0.00099888688950742 0.00044789240616554 0.0010516235826809 -0.00098425008340862 0.00045502903845203 0.0010622995425467 0.41064096239903 0.04101219330882 4 4 4 4 0
49.014233910702 8.4170105429519 114.00230407715 -0.006772 0.013939 1.8309913267949 0.0090994040459738 -0.0078901931676721 0.010822610841302 -0.0052844093989926 -0.021271733253266 -0.13747285957827 -0.0642528825977 9.8055816593417 -0.00096306428548119 0.0019315113268231 9.8067558319206 -0.00041968584290972 0.00028000116901339 -0.00064103972880195 -0.0004285827244012 0.00027565981979099 -0.00063701762274701 0.41326988760373 0.04101219330882 4 4 4 4 0
49.014234025755 8.4170103307728 114.04689788818 -0.006739 0.013919 1.8301593267949 0.0057719728336744 -0.0065806154175387 0.0072663464589506 -0.0048805799020011 -0.022183720446308 -0.13500479355077 -0.068052162300116 9.8112736828451 0.0019597021867653 -0.0016713480683073 9.8124383355016 0.00044736377894537 -0.00081644150108859 0.00060408435456889 0.000455810461837 -0.00081233956893439 0.00060328008036231 0.41125296351516 0.040311288741493 4 4 4 4 0
49.014233913562 8.4170105763826 113.99751281738 -0.006757 0.013884 1.8312573267949 0.0093717403534386 -0.0074520971537695 0.010974161432722 -0.0047885436431157 -0.021391661081905 -0.13411900097536 -0.068259215261962 9.8077618035851 0.002379715581921 -0.00219170559974 9.8089157761733 -0.0003832322626096 -0.00059515329348909 0.000356967849249 -0.0003781601446942 -0.00059277174607639 0.00036623466411235 0.41326988760373 0.04101219330882 4 4 4 4 0
49.014233944805 8.4170102635072 114.10405731201 -0.006727 0.013881 1.8301683267949 -0.0017033795890258 -0.0038886628493379 -0.00064885022127065 -0.0041955120411165 -0.021236144313584 -0.13561326737765 -0.064441802254954 9.8062662778781 0.00054564757013883 0.0018191190545371 9.8074154233042 0.00059241685899432 -0.00022387848168426 -0.00059559978213012 0.00058411475490008 -0.00022787933304696 -0.00060225174175288 0.41064096239903 0.04101219330882 4 4 4 4 0
49.014233906728 8.4170105042167 114.00788879395 -0.006754 0.013925 1.8308763267949 0.0087791688076529 -0.0079876810954333 0.010537367832973 -0.0054626538809704 -0.021265381346814 -0.1343818083332 -0.063415090897436 9.8068551432902 0.0021013107851252 0.002764012041202 9.8079802814632 -0.00013774777174108 0.00010107364307114 0.00021436084770501 -0.00013474317766778 0.00010250710071414 0.00021558142314687 0.41326988760373 0.04101219330882 4 4 4 4 0
49.01423391055 8.4170103985472 114.01779937744 -0.006744 0.013956 1.8303753267949 0.0083311076889064 -0.0084617808449826 0.010223905638455 -0.0060399441908123 -0.021560975766724 -0.13587356285319 -0.063156569694508 9.8056269690251 0.00067478020745221 0.0031802693501155 9.8067712494327 0.00040227731156563 0.00056311559817019 -0.00077855894574714 0.00039137874838598 0.00055781642742447 -0.00078789315691311 0.41326988760373 0.04101219330882 4 4 4 4 0
49.01423372668 8.417011018117 113.9779586792 -0.006679 0.013802 1.8350553267949 0.0067925024177231 -0.0035870061965731 0.0074926054423035 -0.0016921237664777 -0.021349856845939 -0.14078812061091 -0.066484633401964 9.8106000111026 -0.0051893134574701 -0.00089698424240151 9.8118338513971 1.827734577999e-05 -0.00017454210594642 0.0002008089663525 2.1063901950742e-05 -0.00017315396387171 0.00020170104792565 0.41326988760373 0.04101219330882 4 4 4 4 0
49.014233940527 8.4170103585666 114.02067565918 -0.006812 0.013966 1.8302633267949 0.0081410302444166 -0.0084867526990197 0.010045658417093 -0.0061144204985913 -0.02194288430331 -0.13654115343845 -0.065333152995408 9.8086952426118 0.00045032806165808 0.0011273107536659 9.8098635311551 -0.00060832582370823 4.4455734284794e-05 -6.4732194458265e-05 -0.00060915863942462 4.4034320879686e-05 -5.6512189589761e-05 0.41326988760373 0.04101219330882 4 4 4 4 0
49.01423392133 8.4170103878954 114.01778411865 -0.006751 0.013931 1.8303283267949 0.0083528076720322 -0.0082769647770953 0.010197139650609 -0.0058562643661014 -0.021710323818768 -0.13552669058411 -0.064143870577463 9.8085743022089 0.0010538558407543 0.0022553138475669 9.8097198666957 0.00035241337437124 0.0001225548771273 -7.7239452203612e-05 0.00035130376195855 0.00012203959942218 -8.2983831349611e-05 0.41326988760373 0.04101219330882 4 4 4 4 0
49.014233984927 8.4170102874339 114.06393432617 -0.006776 0.013988 1.8300233267949 0.0036887165145024 -0.0063916634296006 0.0052038991629042 -0.0052325420837 -0.021559630201477 -0.13216194779912 -0.061987950323464 9.811709191458 0.0047343674097009 0.0045002979399319 9.8127929197273 -2.9952900212931e-06 0.00051621006582893 0.00018582341212427 -4.6613144031207e-07 0.00051744395684341 0.00018231464644458 0.41125296351516 0.040311288741493 4 4 4 4 0
49.014233908179 8.417010449961 114.01368713379 -0.006745 0.013869 1.8307113267949 0.008658586062865 -0.0080359963293049 0.010432493013632 -0.0055417633806871 -0.021159778330429 -0.13683016290677 -0.063698475227291 9.8101981842798 -0.00037987793721469 0.0025191413626322 9.8113588410063 7.5147680204846e-05 -0.00073056513229496 0.00083634294375352 8.6844001746921e-05 -0.00072490154968127 0.00084012154941774 0.41326988760373 0.04101219330882 4 4 4 4 0
49.01423401735 8.4170103098166 114.05326080322 -0.006778 0.013961 1.8300133267949 0.0051753785839681 -0.0066512301117136 0.0067072781202399 -0.0051025288484771 -0.021986474095203 -0.13810636965602 -0.06345322522889 9.809248177389 -0.0010684378323443 0.0030743933135676 9.8104249715539 5.1867842052184e-05 -0.00024674475788981 -0.00017937279509827 4.9404501522993e-05 -0.0002479611328532 -0.00017841171216221 0.41125296351516 0.040311288741493 4 4 4 4 0
49.014234015575 8.4170103561948 114.03369140625 -0.006749 0.013936 1.8303363267949 0.007726562586066 -0.0070549130115903 0.0092781572111158 -0.0048360407113132 -0.022212988131041 -0.13300253643035 -0.067573002972328 9.8122640912506 0.004146288798778 -0.0012170586241323 9.813397652761 0.00028918817287118 -0.00068971224442301 -5.9543404303346e-05 0.00028839812084005 -0.00069006929930272 -5.8920621243894e-05 0.41125296351516 0.040311288741493 4 4 4 4 0
