49.014215256784 8.4170596416565 114.81242370605 -0.006345 0.013886 2.1209573267949 -0.0047492465145668 0.0064806899410013 -0.0074365506499354 0.0030417862372746 -0.010413453965325 -0.14007242837325 -0.06404139498001 9.8099799421719 -0.0037232622276222 -0.0018258991997783 9.8111880008396 -2.4394302937549e-05 -0.00025525763961011 0.00082914888963228 -1.2828154520579e-05 -0.00024999392542674 0.00083102797305742 1.5552237781104 0.094752308678997 4 9 4 0 0
49.014215483243 8.417058962276 114.75797271729 -0.00645 0.013985 2.1221823267949 -0.0050014471771084 0.007912259929185 -0.008405288149115 0.0041194385756233 -0.010753100954058 -0.13552637229378 -0.060243839379469 9.7994834450356 0.0017035661430335 0.0031509361792185 9.800605618939 0.00038720025874715 -0.00034536764350513 -0.00047033192324117 0.00038061930999527 -0.00034835316296683 -0.00047349662189707 1.5560205654168 0.094752308678997 4 9 4 0 0
49.014215244046 8.417059665997 114.81455993652 -0.006382 0.013898 2.1209003267949 -0.0049477605639872 0.0061303607024762 -0.0074225239351501 0.0026396829933866 -0.010438963121828 -0.13353539115978 -0.068773592545271 9.8061395087172 0.0028080750372125 -0.0064511871009502 9.807287254886 -0.00043052795968088 -0.00011744637995068 0.00063088771149769 -0.00042171943977612 -0.00011344382181676 0.00063755257810912 1.5552237781104 0.094752308678997 4 9 4 0 0
49.014215309927 8.4170595224744 114.80361175537 -0.006338 0.013913 2.1211433267949 -0.0050972394707883 0.0064306242761879 -0.0077076206969394 0.0028155653414643 -0.010481216955506 -0.1365493750763 -0.067679809932178 9.8091249934192 -3.9843006111566e-05 -0.0054266165656929 9.8103073880178 0.00019510502279432 -8.6967337133415e-05 0.00039616989192871 0.00020057337029512 -8.4435785408979e-05 0.0003939457019696 1.5552237781104 0.094752308678997 4 9 4 0 0
49.014215509996 8.4170588660335 114.74968719482 -0.006412 0.014038 2.1222933267949 -0.0050548340139808 0.0066696166665663 -0.0078000878355485 0.0030321046650545 -0.010572785297631 -0.14191316165771 -0.070260464903795 9.8106722796462 -0.0041661827931354 -0.0075155549505882 9.8119465185388 -0.00024606526519236 -5.796435686013e-05 -0.00048804668649691 -0.0002528819185799 -6.1082943495473e-05 -0.00048416272077773 1.5560205654168 0.094752308678997 4 9 4 0 0
49.014215374634 8.4170593494819 114.79014587402 -0.006245 0.013891 2.1214943267949 -0.0049380053750762 0.0073490763077423 -0.0080534488259518 0.0036789911266544 -0.010758818826414 -0.13558205345134 -0.070045470249401 9.8037412966857 0.00073733948246383 -0.0082919590486324 9.8049255666207 0.00098875076849817 -0.00026659882171608 0.00071295159042854 0.00099855466873177 -0.00026213822495193 0.00070078913944162 1.5552237781104 0.094752308678997 4 9 4 0 0
49.014215577735 8.4170586232222 114.72840881348 -0.006562 0.013978 2.1227913267949 -0.0052807910501964 0.0063555577710761 -0.0078290909097855 0.0026429538839731 -0.010662296345019 -0.13604266898552 -0.061304140074811 9.8096358175353 0.001479810026574 0.002809522001308 9.8107703266842 -0.00042570907765279 -0.00074432303139257 0.00093320312230191 -0.00041252745493442 -0.00073817316156352 0.00094392304853237 1.5560205654168 0.094752308678997 4 9 4 0 0
49.014215591407 8.4170585852112 114.72538757324 -0.006542 0.013993 2.1228343267949 -0.0050351083614751 0.0063833881136631 -0.0076346680299787 0.002794975627108 -0.010309590532148 -0.14217638561641 -0.066356436459534 9.8143248603674 -0.0046209618532016 -0.0020301708380187 9.8155776263399 0.00025759641487542 -0.00041823331664096 0.00047967628969054 0.00026434701577079 -0.00041506324908543 0.00047872626727066 1.5560205654168 0.094752308678997 4 9 4 0 0
49.014215431768 8.4170591532991 114.77423095703 -0.006365 0.01389 2.1218393267949 -0.0051728140057474 0.0067435748756167 -0.0079379132865944 0.0030369905282472 -0.010555873316826 -0.14333357793752 -0.062982402177316 9.8167293292124 -0.0069581608176796 -0.0006279022660395 9.8179751636331 -0.00018674802188587 -4.8056363273279e-05 -0.00019076719146234 -0.00018939578914664 -4.9265535557535e-05 -0.00018781404500485 1.5552237781104 0.094047860156412 4 9 4 0 0
49.014215407465 8.4170592390606 114.78151702881 -0.006347 0.013877 2.1217063267949 -0.00510654960354 0.0072784103306486 -0.0081609497886526 0.0035286143686696 -0.010579364034546 -0.13767536406061 -0.069261251795451 9.8069651261923 -0.0015044572982967 -0.0071180143194447 9.8081735530823 -0.00013516714727571 -0.00015916927622871 0.00011456673726172 -0.00013355733763697 -0.00015844095499749 0.00011744406821224 1.5552237781104 0.094047860156412 4 9 4 0 0
49.01421543847 8.4170591297081 114.77208709717 -0.006324 0.013906 2.1219443267949 -0.0049113472832253 0.0080811853413135 -0.0084158357447671 0.0043128824465956 -0.0096583133715457 -0.13955832076109 -0.079245943597633 9.8139682104904 -0.0032450545208633 -0.016823121187768 9.8152650893109 0.00067738254144158 0.00027147165453037 0.00038020924319379 0.00068254073035848 0.00027389653139645 0.00036897773120022 1.5552237781104 0.094047860156412 4 9 4 0 0
49.014215365485 8.4170593765891 114.79249572754 -0.006321 0.013905 2.1213793267949 -0.0051461511480456 0.0067162259503457 -0.0078994549429767 0.0030313604263028 -0.010323222619434 -0.14169379487945 -0.069890908825752 9.803095299796 -0.0052815805625653 -0.007783419524774 9.8043638806568 0.00030481299674887 -0.00018932338950352 -1.2880072151777e-05 0.00030460894853508 -0.00018938826712704 -1.5926270324192e-05 1.5552237781104 0.094752308678997 4 9 4 0 0
49.014215452765 8.4170590826789 114.7682723999 -0.006216 0.013975 2.1220013267949 -0.0041142165456638 0.0078611631785544 -0.007621803306595 0.0045423544130543 -0.0097985518493974 -0.12925694743567 -0.05204047954214 9.8004188933443 0.007306824953981 0.0094999121968817 9.8014024751323 0.0011585416970443 0.00068448891636714 0.00012917190222353 0.0011601265229072 0.00068540561139639 0.00010874753736267 1.5552237781104 0.094047860156412 4 9 4 0 0
49.014215234032 8.4170596865303 114.81674194336 -0.006335 0.013882 2.1207743267949 -0.0052172384796115 0.0057987056488932 -0.0074786864727441 0.0022166843803453 -0.010428866967617 -0.13880459680708 -0.06499404147581 9.8070588098149 -0.0024994956094393 -0.0028236638226501 9.8082557815493 0.00012655333765158 -0.00030842083634098 -0.00019481653162349 0.00012387100898034 -0.00030964857397832 -0.00019458639000359 1.5552237781104 0.094752308678997 4 9 4 0 0
49.014215472306 8.4170589991186 114.76114654541 -0.006564 0.014012 2.1221553267949 -0.0053384997220815 0.0076662032872796 -0.0085632663860116 0.0037338580165298 -0.009970986957391 -0.13742089490048 -0.080629581057287 9.8063869160599 -0.00018805158614416 -0.016416763150154 9.8076678104065 -0.00024493567246062 0.00029208286696229 0.00033423912467642 -0.00024025171815019 0.0002943108900545 0.00033570465086234 1.5560205654168 0.094752308678997 4 9 4 0 0
49.014215385783 8.4170593158648 114.78783416748 -0.006304 0.013898 2.1216343267949 -0.0052978398440815 0.0067177982066887 -0.0080301153138596 0.0029517509784655 -0.010558613096178 -0.13537625501555 -0.05437264183609 9.8076801580501 0.00090637369939401 0.0074234680535407 9.8087621703976 -2.9321563225071e-05 1.3952315310698e-05 0.00094364418170841 -1.619380717031e-05 1.9870803084116e-05 0.00094383648692135 1.5552237781104 0.094047860156412 4 9 4 0 0
49.014215349931 8.4170594237698 114.79602813721 -0.006318 0.013945 2.1213333267949 -0.0048518524059606 0.006417736127754 -0.0074922497819845 0.0029315490493168 -0.010611415436549 -0.14443299748854 -0.063325737549032 9.8074917475152 -0.0078286979003482 -0.0012389708493189 9.8087564872459 0.00026040647852921 0.00027454786696013 0.00057789663119043 0.00026841592453392 0.00027818773500336 0.00057246062633437 1.5552237781104 0.094752308678997 4 9 4 0 0
49.014215295958 8.4170595541666 114.80601501465 -0.00638 0.013912 2.1211383267949 -0.0052114925692549 0.0061654015923944 -0.0076661639400555 0.0025301491631377 -0.010436984715439 -0.14148387956467 -0.063048117256562 9.808332643501 -0.0051908728560016 -0.00095178285626164 9.8095544233423 -0.00083355264518412 0.00026722577640057 0.001202623732267 -0.00081677219435797 0.00027486725416965 0.0012123500325133 1.5552237781104 0.094752308678997 4 9 4 0 0
49.014215467766 8.4170590170237 114.7629699707 -0.006527 0.013942 2.1220443267949 -0.0061972243544038 0.0056846620028902 -0.0082565720062838 0.001596896284026 -0.010127469661626 -0.14822005944562 -0.075320676516646 9.8106762663069 -0.011420016124177 -0.012017772669242 9.8120727919541 -0.0012656004667808 -4.5101389854219e-05 6.4435745573029e-06 -0.0012654089333776 -4.5023718082098e-05 2.4359914155355e-05 1.5560205654168 0.094752308678997 4 9 4 0 0
49.014215326594 8.4170594862688 114.80111694336 -0.006323 0.013875 2.1212483267949 -0.0048925830775577 0.006796474795262 -0.0077247676420474 0.0032338084137644 -0.010414303530732 -0.14117986654769 -0.063838865424167 9.812538185116 -0.0045912791410489 -0.0015670608380545 9.8137599633685 0.00044017403145365 -0.00081825496944965 0.00080193870057971 0.0004513655571288 -0.00081314418884646 0.00080090383519985 1.5552237781104 0.094752308678997 4 9 4 0 0
49.014215492692 8.4170589295761 114.75495910645 -0.006398 0.013997 2.1222523267949 -0.004623003912226 0.00736614502547 -0.0077969771650562 0.0038522047254354 -0.010563403508619 -0.13447533709695 -0.05735165828719 9.8179055382215 0.0029583926339302 0.0056036195763746 9.8189919371419 0.00029540451413895 -3.9159943630327e-05 5.4364242957057e-05 0.00029614787105684 -3.8819053381474e-05 5.0466101946392e-05 1.5560205654168 0.094752308678997 4 9 4 0 0
49.014215533508 8.417058773853 114.74172210693 -0.006499 0.014039 2.1225233267949 -0.0055996344027572 0.0064804409042291 -0.0081653978622614 0.0025842266489157 -0.010600095948211 -0.13606963040692 -0.061783100472949 9.807016362261 0.0014528027011019 0.0016048395608525 9.8081547673433 -0.00059866332692838 0.00026720040885576 0.00076694964415394 -0.00058782171500644 0.0002721435939857 0.0007734938635941 1.5560205654168 0.094752308678997 4 9 4 0 0
49.014215336303 8.4170594649287 114.79941558838 -0.006319 0.013981 2.1212943267949 -0.0048669543585215 0.0065667024799677 -0.0075829965947466 0.0030507344126209 -0.010409459823189 -0.13535904783553 -0.059045370066297 9.8067841334157 0.0012888889791602 0.0030571273294261 9.8078953890618 0.00027389868541693 0.00081091712359377 0.00017721430050573 0.00027626283677049 0.00081203033993133 0.00016825697471155 1.5552237781104 0.094752308678997 4 9 4 0 0
49.014215554445 8.4170586925612 114.73458099365 -0.006529 0.014016 2.1226863267949 -0.0053478709366283 0.0065313147291969 -0.0079781463949254 0.0027580676420705 -0.010468371686984 -0.13887690008389 -0.057981262009412 9.8105169972069 -0.0010777437401305 0.0060499945750029 9.8116693716684 -5.5351275894025e-06 -0.00054120059456968 0.00052539490030619 1.8577332807144e-06 -0.00053771875671644 0.00052892932498173 1.5560205654168 0.094752308678997 4 9 4 0 0
49.014215423394 8.4170591841105 114.77660369873 -0.006302 0.013936 2.1217513267949 -0.0047533380947023 0.0066505670495753 -0.0075316194805154 0.003177870320703 -0.010524519793775 -0.13560774605587 -0.053507852309642 9.8001112049606 0.0007259522979376 0.0081580011321165 9.8011921806551 -0.00012062600858342 0.00041986487198866 -0.00059392061639134 -0.00012891131183353 0.00041610728569826 -0.00059481448239337 1.5552237781104 0.094047860156412 4 9 4 0 0
49.014215566797 8.4170586552131 114.73142242432 -0.006531 0.01403 2.1227213267949 -0.0052502223828022 0.0064347670096133 -0.0078444923886828 0.0027267223322137 -0.010439946218937 -0.13667604232298 -0.070236312157714 9.8036375917191 0.00089100176671206 -0.0060997201277488 9.8048395226258 0.00023172459402482 -6.5737064302685e-05 0.00034523512690702 0.00023656308560789 -6.3466768648825e-05 0.0003423828529977 1.5560205654168 0.094752308678997 4 9 4 0 0
49.014215271876 8.4170596082524 114.80950164795 -0.006329 0.013945 2.1209523267949 -0.0049720470841894 0.0063883268250729 -0.0075783588178034 0.0028461280746497 -0.010486914813885 -0.13766289615934 -0.056631866171188 9.8073476685185 -0.0013643271994657 0.0054616131264974 9.8084753600705 9.2977231451379e-05 0.00081740135359259 -0.00026664365168333 8.9192493839115e-05 0.0008157020998016 -0.00027309623159189 1.5552237781104 0.094752308678997 4 9 4 0 0
49.014215549506 8.4170587119906 114.73644256592 -0.006533 0.014044 2.1226763267949 -0.0051494865311926 0.0068445396620199 -0.0079732886582359 0.0031291980723641 -0.010538817689226 -0.13739368274662 -0.066961662700887 9.8068712035361 0.00019642969142664 -0.0028823333757066 9.8080619001086 4.2132042138213e-05 0.00022433312124959 0.0011567332793614 5.8318469699404e-05 0.00023191672098091 0.0011545418357684 1.5560205654168 0.094752308678997 4 9 4 0 0
49.014215525289 8.4170588076799 114.74478149414 -0.006434 0.014029 2.1224463267949 -0.0057442047330468 0.0066952180549595 -0.0084009481166476 0.0026917587235577 -0.010608631769993 -0.13792957819723 -0.06128743683512 9.8083239493743 -0.00038318509208302 0.0016451912153117 9.8094851558626 -0.0002632399936328 7.979779116131e-05 0.00021107377376612 -0.00026025353750349 8.1135942956516e-05 0.00021423381929659 1.5560205654168 0.094752308678997 4 9 4 0 0
49.014215500803 8.4170589005806 114.75234985352 -0.006385 0.014019 2.1223033267949 -0.0046036142385001 0.0065392561004712 -0.0073474010413426 0.0031576493851479 -0.010480868108326 -0.13769842460471 -0.049967236881163 9.8084634811322 -0.00027531245045725 0.012587099324014 9.8095492297122 -7.9159405951396e-05 0.00013514529061549 5.224718185943e-05 -7.8441522832243e-05 0.00013545685675248 5.2512003991375e-05 1.5560205654168 0.094752308678997 4 9 4 0 0
49.014215514952 8.4170588471204 114.74786376953 -0.006379 0.013977 2.1223253267949 -0.0051665820077071 0.0072153736945973 -0.0081813261652304 0.0034381806696263 -0.010559626040934 -0.14115173028841 -0.057107890603042 9.8066347383561 -0.0037776350736007 0.0056361475578749 9.8078147585922 0.00038393577661896 -0.00057039010566983 -0.00032144879305294 0.00037947048358096 -0.00057244889606449 -0.00032312878907288 1.5560205654168 0.094752308678997 4 9 4 0 0
49.014215393188 8.4170592894315 114.78546905518 -0.006321 0.013909 2.1216123267949 -0.0053499317216672 0.0068899837635995 -0.0081647740311191 0.0030708271317875 -0.010615854739326 -0.14140587631007 -0.069166509643146 9.8103012143901 -0.0049970481279054 -0.0071266629169953 9.8115600743108 9.501394444482e-05 5.9376301016587e-05 -0.00024417205161956 9.1593532308703e-05 5.782774539661e-05 -0.0002458400980232 1.5552237781104 0.094047860156412 4 9 4 0 0
49.014215543333 8.417058734392 114.73857879639 -0.006518 0.014042 2.1225533267949 -0.0055406898631258 0.0065126464539297 -0.0081321873374938 0.0026422436949943 -0.010252048261601 -0.13733257528372 -0.069624167478384 9.8077614025689 0.0001834352127203 -0.0057073966639768 9.8089682714572 2.3121200656778e-05 0.00035102400325831 0.0006006194934758 3.1511807914863e-05 0.00035490392869683 0.00059793061096565 1.5560205654168 0.094752308678997 4 9 4 0 0
49.014215416407 8.4170592096574 114.77892303467 -0.006251 0.0139 2.1217813267949 -0.0044807305496209 0.0075344168558476 -0.0077619186703327 0.0040739637401668 -0.010349091951397 -0.13057654341874 -0.062886031019585 9.8125277610572 0.0056431434397075 -0.00095236088032616 9.8135965188003 0.001101450200488 0.00029617600907961 0.00063188456110568 0.0011100921910863 0.00030015499766003 0.00061465410122162 1.5552237781104 0.094047860156412 4 9 4 0 0
49.014215459572 8.4170590536681 114.76554107666 -0.006379 0.01394 2.1220563267949 -0.0052125999099885 0.0057377159800959 -0.0074455613755607 0.0021577489324865 -0.010317682145315 -0.14629563463135 -0.03962194998473 9.8049760856373 -0.0094403079493952 0.022215885045404 9.8061180428504 -0.001232610376081 -0.00033616909776263 0.00019774092046976 -0.0012297197924521 -0.00033490133374947 0.00021707227415896 1.5552237781104 0.094047860156412 4 9 4 0 0
