49.014238760939 8.4169785405941 118.35161590576 -0.007066 0.014099 2.1338873267949 -0.0024502208875521 -0.021836697556322 0.0095846692289913 -0.019773189587563 -0.01165916967961 -0.13979051349586 -0.066741233771111 9.8065063916892 -0.0018880601075646 0.0025591751275232 9.8077294233568 7.9009335858015e-06 0.00064692571635193 0.0004573748641083 1.4237277851688e-05 0.00065015430411567 0.00045264875644601 0.94174571939563 0.092633687176966 4 4 4 0 0
49.014238696915 8.4169789544937 118.33848571777 -0.007114 0.01415 2.1332143267949 0.00010981081785934 -0.023276492376869 0.012504718961054 -0.019632603621543 -0.012341922776113 -0.13351736166576 -0.070785427959333 9.809513172156 0.0050754279232046 -0.0012663239877745 9.8106760498186 -0.00049792715616298 0.00039098085869498 0.00080002355491061 -0.00048660873277075 0.00039665971380188 0.00080417458873154 0.96813222237461 0.093338095116624 4 4 4 0 0
49.014238582426 8.4169795494002 118.32231140137 -0.007154 0.014238 2.1322913267949 0.0040446498825973 -0.026498982660804 0.017533759375489 -0.020276146297508 -0.013193452683336 -0.13903590386556 -0.064078189753117 9.8039083380385 0.0006376939960527 0.0058753275227242 9.8051017862601 -0.00031862205021828 -0.00013425684639418 9.0934998385986e-05 -0.00031725820096454 -0.00013358348502109 9.6406225137299e-05 1.0031575150494 0.093338095116624 4 4 4 0 0
49.014238564181 8.4169796166564 118.32057189941 -0.00711 0.014231 2.1322333267949 0.0046758157985062 -0.025760650364085 0.017673138243908 -0.019316695130865 -0.013032766943489 -0.13540524390501 -0.062242479506915 9.8054750440738 0.0041242424747903 0.0075811865481881 9.8066038055226 0.0001889825610922 4.412624325782e-05 0.00065233094657795 0.00019824507462073 4.8750483911878e-05 0.00064927170148954 1.0031575150494 0.093338095116624 4 4 4 0 0
49.014238762104 8.4169785176943 118.35218048096 -0.007033 0.014065 2.1338483267949 -0.0025156475713217 -0.021765745296908 0.0094912950058328 -0.019748206179161 -0.011482312937277 -0.13173973485981 -0.066099009897362 9.8123564929932 0.0062514243715895 0.0032234850942234 9.8134608767318 0.0005728088002506 3.7489141770488e-05 -0.00017663985798732 0.00057024995991985 3.6233535275738e-05 -0.00018496192893505 0.94174571939563 0.092633687176966 4 4 4 0 0
49.01423875848 8.4169785810778 118.34992218018 -0.007066 0.014087 2.1338233267949 -0.0020888544702339 -0.022293391446247 0.010132963482858 -0.019967014969539 -0.01183759663592 -0.13354570050087 -0.063098986004628 9.8026923914365 0.0044655523657374 0.0059574012850183 9.8038023076318 -0.00036869200150132 0.00015130788897041 0.00025260335617939 -0.00036511703117305 0.00015309243716936 0.00025668545412216 0.94174571939563 0.092633687176966 4 4 4 0 0
49.014238681975 8.4169790246469 118.33644104004 -0.007035 0.014125 2.1331903267949 0.001547966444123 -0.024027980598386 0.014121775314485 -0.019501679631271 -0.012517351742162 -0.13656529112622 -0.061686505527793 9.8095667422895 0.0021567660780133 0.0076103910516834 9.8107080395638 0.00050579445544796 -0.00027606987035821 0.00052178708180885 0.00051314158669912 -0.0002723811302227 0.00051649041785917 0.96813222237461 0.093338095116624 4 4 4 0 0
49.014238750083 8.4169786653793 118.34659576416 -0.007012 0.014047 2.1336333267949 -0.0011287292496951 -0.022738493428195 0.01117894094828 -0.019832912698623 -0.012022901067003 -0.13317333683753 -0.071110529705398 9.810625807024 0.0049915310478496 -0.0021234308872465 9.8117860370816 0.00036324762205424 -0.00063466085415953 4.4872906020006e-06 0.00036338915599567 -0.00063461155870276 3.8332819789946e-06 0.95598169438541 0.093338095116624 4 4 4 0 0
49.014238637614 8.4169792102482 118.33094787598 -0.007049 0.014208 2.1328133267949 0.0019220202763969 -0.024171123187215 0.014507999743128 -0.019428201660526 -0.012876774928093 -0.14167124496818 -0.059241528886808 9.807671123573 -0.0024418645415238 0.010068207273681 9.8088676289902 0.00032978881612765 0.00022855979278235 -0.0003210174956436 0.0003251079172434 0.00022631363408173 -0.00032730883076401 0.97955500100811 0.093338095116624 4 4 4 0 0
49.014238598186 8.4169794513358 118.32527160645 -0.007089 0.014189 2.1324453267949 0.0036312335769299 -0.024775178941704 0.016269092635226 -0.019034499662662 -0.012866847282312 -0.13971332244094 -0.063599517326293 9.8053611337118 -0.00017750815953439 0.0062670323767712 9.8065608671406 0.00064311097740316 -0.00071000714968312 -6.7883833765852e-06 0.00064304553376984 -0.00071000598153709 -1.0868956288371e-05 0.99098335001149 0.093338095116624 4 4 4 0 0
49.014238630082 8.4169792467559 118.33023071289 -0.007083 0.014165 2.1327533267949 0.0018125226117075 -0.024187591493684 0.014423201519597 -0.019501183108409 -0.012993576166783 -0.13268591344735 -0.071941798930879 9.8082196209319 0.0065584219074629 -0.002681311515444 9.8093784234135 -0.00036763183700264 -0.00053379518202386 -0.00043644505787977 -0.00037370419080181 -0.00053692155978834 -0.00042742521773844 0.97955500100811 0.093338095116624 4 4 4 0 0
49.014238727649 8.4169788020468 118.34245300293 -0.007081 0.014139 2.1333873267949 -0.00034456663362631 -0.023426743057081 0.012204682616822 -0.019999426068875 -0.01191624777636 -0.13302270158362 -0.068427595661212 9.8093910249067 0.005493423968081 0.00074950115150801 9.8105302964657 -0.00049915525104008 0.00033654377906907 -6.1011253698429e-05 -0.00049996598994586 0.00033613067434357 -5.6332991493793e-05 0.95598169438541 0.093338095116624 4 4 4 0 0
49.014238741504 8.4169787363139 118.34465026855 -0.007042 0.014111 2.1335923267949 -0.00079240122975496 -0.022954941442065 0.011577269537983 -0.01983743660498 -0.011957030517096 -0.1358695812427 -0.065565389258096 9.8104316037823 0.0023401338324513 0.003180441472808 9.8115908645416 -0.0006213933290868 0.00041690723951669 0.00090732200563438 -0.00060860852697986 0.00042323614780817 0.00091302645351824 0.95598169438541 0.093338095116624 4 4 4 0 0
49.014238724145 8.4169788187533 118.34177398682 -0.007078 0.014144 2.1334063267949 5.3088650913565e-05 -0.022952052811409 0.012287700939273 -0.01938587819443 -0.012109978724433 -0.13569693815631 -0.07260676533623 9.8028585402289 0.0028366503982374 -0.0032358367721287 9.8040657663479 -2.0439402797274e-05 0.0002275318129861 0.00033139755310415 -1.5758274815727e-05 0.00022985435697626 0.0003300348001427 0.96813222237461 0.093338095116624 4 4 4 0 0
49.014238601538 8.4169794216333 118.32553863525 -0.007162 0.014271 2.1325173267949 0.0034685048996734 -0.025060984965558 0.01628436291133 -0.019362424617076 -0.013089530755878 -0.13318669334759 -0.074407086841744 9.8113959368845 0.006474842530361 -0.0042456788390197 9.8125791671277 -0.00019010151025139 0.00065236902201469 0.00039102615816242 -0.00018460808414901 0.00065516452782257 0.00038903596474436 0.99098335001149 0.093338095116624 4 4 4 0 0
49.014238754356 8.4169786422581 118.34745025635 -0.007046 0.014105 2.1336663267949 -0.0014965196546284 -0.022964315624253 0.010988552892427 -0.020220068255244 -0.011965920852946 -0.13320888885944 -0.066667605806315 9.803955138896 0.0048957977104071 0.0023834568431126 9.8050853627118 -4.4756071894423e-05 0.00032317138838756 0.00050593618114235 -3.7640805259132e-05 0.00032671412902654 0.00050420166376581 0.95598169438541 0.093338095116624 4 4 4 0 0
49.014238721005 8.4169788429805 118.34117126465 -0.007052 0.01412 2.1333703267949 0.00041400244706579 -0.023000221661055 0.012618251312755 -0.019234383853009 -0.01226655382278 -0.12772932244188 -0.058994161257139 9.8050598001234 0.010838785843322 0.010203851657194 9.80605814143 9.8303058791446e-05 -0.00020174595409239 0.00016405437214899 0.00010063530411532 -0.00020057383706399 0.00016406646481406 0.96813222237461 0.093338095116624 4 4 4 0 0
49.014238586274 8.4169795350649 118.32299041748 -0.007109 0.014275 2.1323723267949 0.0043683733184488 -0.025736389329718 0.01740291807955 -0.019457200861491 -0.012995075899901 -0.13200728689519 -0.052564158419666 9.8106708793581 0.0078918250553472 0.017447152737446 9.8116811273219 0.00048184971163097 0.00028417261037419 0.00053655570120691 0.00048940216809847 0.00028797194366662 0.00052758842296691 1.0031575150494 0.093338095116624 4 4 4 0 0
49.014238620876 8.4169793009218 118.32904815674 -0.007058 0.014249 2.1327703267949 0.0028060256550205 -0.024673248197215 0.015522058044557 -0.019383207834891 -0.012610336783714 -0.13027084400746 -0.049696605359972 9.8057941593879 0.009156869146975 0.019535629159059 9.8067615715304 3.3644224020405e-05 0.00054487688749798 0.00054992966818636 4.13848864288e-05 0.00054874372266323 0.00054552269594765 0.97955500100811 0.093338095116624 4 4 4 0 0
49.014238763876 8.4169785031917 118.35289001465 -0.007051 0.014055 2.1338023267949 -0.00261494845716 -0.02157764222008 0.0093072729670948 -0.019641981127037 -0.011480911831608 -0.13582900556955 -0.064288863056846 9.8060848501135 0.0019831113161634 0.0049986091400097 9.8072347483048 0.00027712513747662 3.8845506704738e-05 -0.0012537636284471 0.00025947940365927 2.9999834720998e-05 -0.00125776416753 0.94174571939563 0.092633687176966 4 4 4 0 0
49.014238702198 8.4169789217451 118.33888244629 -0.007068 0.014147 2.1332433267949 5.3472523950952e-05 -0.0233594227595 0.012502439993921 -0.019732059943992 -0.012548212682422 -0.13657108114867 -0.060827246121126 9.8076010743303 0.0020832098097795 0.0084626484084655 9.8087367256076 -4.4136367226502e-05 0.00017512414746822 2.6342589766492e-05 -4.3782939645028e-05 0.00017531407698652 2.5736421368707e-05 0.96813222237461 0.093338095116624 4 4 4 0 0
49.014238588277 8.4169795135546 118.3233795166 -0.007147 0.014265 2.1324183267949 0.0043503614354312 -0.025316519413945 0.017164560923128 -0.019110983781423 -0.013120268829671 -0.13213611615096 -0.072088633465145 9.8073180450521 0.0075696864613185 -0.0018983213985796 9.8084702731383 0.00016103563734329 0.00036807999658809 0.00078471163935902 0.00017216402370772 0.00037366165535932 0.00077968299333856 1.0031575150494 0.093338095116624 4 4 4 0 0
49.014238746235 8.4169787010302 118.34601593018 -0.006966 0.014096 2.1336343267949 -0.0009079868156651 -0.02288209414965 0.011441708419553 -0.019836886454919 -0.011846592294776 -0.12963370184469 -0.060009402120472 9.8072270392139 0.0085029101014104 0.0087128682969015 9.8082598448331 0.0007148086609939 0.00020442334041291 0.00070397634409364 0.00072467050994309 0.00020933885984884 0.00069239307980368 0.95598169438541 0.093338095116624 4 4 4 0 0
49.014238614404 8.4169793409015 118.32795715332 -0.007128 0.014197 2.1326323267949 0.0030918935617519 -0.024377317038433 0.015604222670249 -0.018982156282103 -0.012836138959998 -0.13069074693442 -0.073766260569319 9.8068498975854 0.0087938879514731 -0.0038572999864436 9.8079934598766 1.4145339674028e-05 -0.00044513574629978 4.1814382839916e-05 1.479001169588e-05 -0.00044481883801179 4.4810786971081e-05 0.99098335001149 0.093338095116624 4 4 4 0 0
49.014238754628 8.4169786274365 118.34797668457 -0.00704 0.014072 2.1336273267949 -0.0015040752809048 -0.022628969037726 0.010804208161596 -0.019939951527956 -0.011815785572343 -0.13675050038338 -0.061852617115792 9.808389275849 0.0012501910772284 0.0071814218067967 9.8095348850291 -5.8681542247877e-06 5.9107836075764e-05 -0.0011493062607446 -2.200829885491e-05 5.101252775853e-05 -0.001149488512379 0.95598169438541 0.093338095116624 4 4 4 0 0
49.014238542182 8.4169796877722 118.31854248047 -0.007081 0.014235 2.1321573267949 0.0047465737595906 -0.026647979286506 0.018204350159046 -0.020031144872984 -0.01332978742516 -0.133321651045 -0.069989863324653 9.8058097185615 0.0062293351617274 -0.00029798252273927 9.8069642401253 0.00046140418189789 8.4568077903547e-05 0.00034987864227334 0.00046635728944807 8.7046677115626e-05 0.00034271167207862 1.0031575150494 0.093338095116624 4 4 4 0 0
49.014238760288 8.4169785684474 118.35066223145 -0.007035 0.014067 2.1338363267949 -0.0021156249805891 -0.022066044283899 0.0099894325206238 -0.019788820617688 -0.01165511618255 -0.1394280531913 -0.066587708145253 9.8074636311976 -0.0013951480683357 0.0025701014831604 9.8086803084471 0.00028953166549274 -0.00012261715749527 0.00019628899553674 0.00029228560221746 -0.00012122283699809 0.00019302613069907 0.94174571939563 0.092633687176966 4 4 4 0 0
49.014238625893 8.4169792678878 118.32947540283 -0.007051 0.01419 2.1327893267949 0.0027931107181134 -0.023539041008967 0.014906903398737 -0.018430208112275 -0.012576281713126 -0.13454453311726 -0.071165810719196 9.8137991159558 0.0048019231550264 -0.0017206575704979 9.8149782067305 0.00045315143218874 -0.00015846053385721 0.00050073960377398 0.0004602444704399 -0.00015491347208074 0.00049535024437832 0.97955500100811 0.093338095116624 4 4 4 0 0
49.014238559005 8.4169796342986 118.31982421875 -0.007087 0.014299 2.1323023267949 0.0046050372869919 -0.026462861886214 0.017987319974634 -0.019948578674343 -0.013390827914501 -0.12997806717464 -0.056882867291283 9.8044352415185 0.0097867947935437 0.012607536428471 9.8054488348057 6.5223144932593e-06 0.00077910234473636 0.0015877535942542 2.9022102479811e-05 0.00079039394179721 0.0015819422762356 1.0031575150494 0.093338095116624 4 4 4 0 0
49.014238707343 8.4169789068849 118.33978271484 -0.007075 0.014145 2.1333423267949 0.00049306640235511 -0.0232579422154 0.012821402746779 -0.019410996274489 -0.012236905190273 -0.13435725033198 -0.066127740509338 9.8027642116343 0.0043742703495354 0.003125450429303 9.8039066540004 -0.00019542374754143 -0.0001187006402954 0.00087555371969006 -0.00018304476881322 -0.00011248762880704 0.00087904587780799 0.96813222237461 0.093338095116624 4 4 4 0 0
49.014238603109 8.4169794097797 118.32607269287 -0.007154 0.014229 2.1325673267949 0.0029062248987978 -0.025615773293487 0.016104754887463 -0.020130845871797 -0.01334269972756 -0.13259806689609 -0.071692007289115 9.8055392209499 0.0070456436557177 -0.0019484305801624 9.8066953046955 -0.00072850002634271 -0.00020457358895366 0.00066763575402192 -0.00071890526852881 -0.00019983073992624 0.00067939415930253 0.99098335001149 0.093338095116624 4 4 4 0 0
49.014238552204 8.416979664395 118.31939697266 -0.007099 0.014246 2.1322073267949 0.0045058901890181 -0.026927159366219 0.018150824286763 -0.020394179587349 -0.013201388873069 -0.13898724466668 -0.066685222167473 9.8087480928405 0.00075487481356557 0.002972309449027 9.8099590531529 4.0335672983782e-05 1.8122756526844e-05 -8.4016409023348e-05 3.9162084647004e-05 1.750492508661e-05 -8.4725498995835e-05 1.0031575150494 0.093338095116624 4 4 4 0 0
49.014238756407 8.4169786071974 118.34924316406 -0.007086 0.014063 2.1338493267949 -0.0018447624917665 -0.022474991098219 0.010435948513799 -0.019990483073313 -0.011720217872333 -0.13594089676965 -0.071832707042315 9.8104217003457 0.0021233704712808 -0.0025506334017294 9.8116261617658 -0.00043673172727368 -0.00017608357425969 0.0011333396421193 -0.00042073137239017 -0.00016805557590717 0.0011406103682831 0.94174571939563 0.092633687176966 4 4 4 0 0
49.014238694524 8.4169789671264 118.33792114258 -0.007066 0.014123 2.1332413267949 0.00088315618868206 -0.022936712391474 0.012978216550276 -0.018932471168143 -0.012146618694674 -0.12785552548675 -0.071628805270703 9.8115364843511 0.010690105965458 -0.0021283195990983 9.8126248018583 0.00030243883567811 4.8311634848871e-05 0.00070887059084462 0.00031241371161062 5.3342296256518e-05 0.0007041309020874 0.96813222237461 0.093338095116624 4 4 4 0 0
49.014238669699 8.4169790808663 118.33460235596 -0.007036 0.014143 2.1330283267949 0.0011260540663225 -0.023548605169762 0.013505782270618 -0.01932352454843 -0.012736180646167 -0.1367699901238 -0.063963477475804 9.8069129511504 0.0021535044118587 0.0052446978932002 9.8080734331662 0.00037165802207725 -0.0004003665040455 0.00070338130315062 0.0003816029795285 -0.00039543337108256 0.00070083997846478 0.97955500100811 0.093338095116624 4 4 4 0 0
49.014238755363 8.4169786188247 118.34860229492 -0.007016 0.014049 2.1337363267949 -0.00155713903194 -0.02235898338704 0.010616331527282 -0.01973936408114 -0.011879249444142 -0.13283819234285 -0.064508098346564 9.8058033493508 0.0051448825362767 0.0045950176028327 9.8069131184804 0.00056437306006637 -0.00037936147201939 -9.4904678371431e-05 0.00056304543409082 -0.00038002077376415 -0.00010016929322866 0.94174571939563 0.092633687176966 4 4 4 0 0
49.014238644822 8.4169791828603 118.33232879639 -0.0071 0.014191 2.1328703267949 0.0021049745310144 -0.023997794400497 0.014571280978784 -0.01918341017142 -0.012552284820439 -0.13285920109013 -0.071583378997914 9.8075166194779 0.00622606880913 -0.0019952341944027 9.8086754464283 -8.6801541037609e-05 0.00018128713299756 0.0001462112983569 -8.4777059484102e-05 0.00018232200107249 0.00014612612150077 0.97955500100811 0.093338095116624 4 4 4 0 0
49.014238732447 8.4169787835387 118.34320068359 -0.007002 0.014143 2.1334053267949 -0.00043277567934136 -0.023238425542801 0.012030910760244 -0.019886399316614 -0.012028574488776 -0.13667780558912 -0.062123719775048 9.8069787295963 0.0017112388197812 0.0065486433816622 9.8081256625052 1.1679212865709e-05 0.00058565293003693 -0.00081611103837714 1.064233609776e-07 0.00057992212203104 -0.00082027393164107 0.95598169438541 0.093338095116624 4 4 4 0 0
49.014238640966 8.4169791979495 118.3316116333 -0.007079 0.014191 2.1329043267949 0.0022581060891805 -0.02382802168732 0.014610055049722 -0.01895837533047 -0.012774113661148 -0.13639469915588 -0.066674201671893 9.8027293893824 0.0027077517171692 0.0026393899623986 9.8039040973832 -0.00015413827385019 1.6761149588137e-05 0.00088440252026507 -0.00014157928188256 2.3037525002057e-05 0.00088633729406238 0.97955500100811 0.093338095116624 4 4 4 0 0
49.014238760108 8.4169785491844 118.3509979248 -0.007038 0.014048 2.1338593267949 -0.0022378106290355 -0.021959803680485 0.0098300898372159 -0.019763859213594 -0.01163694860091 -0.13202849905373 -0.061424041780774 9.8112936502597 0.0060407288685894 0.0078266906105909 9.8123694642484 0.00036637802042992 -0.00042284899138042 -0.00020993338478666 0.00036343486232507 -0.00042430644592519 -0.00021210199356426 0.94174571939563 0.092633687176966 4 4 4 0 0
49.014238652386 8.41697914869 118.33303070068 -0.007066 0.014163 2.1329323267949 0.0015817189581883 -0.024058649281302 0.014161949409403 -0.01951306694875 -0.01274491231229 -0.13436525014394 -0.066877411561338 9.8035596633387 0.0047105696295199 0.0024635004492724 9.8047070339763 0.00012405308165061 -0.00040252696607805 0.00021567094266596 0.00012712745418987 -0.00040098850027853 0.00021671586601208 0.97955500100811 0.093338095116624 4 4 4 0 0
49.014238672533 8.4169790732299 118.33534240723 -0.00704 0.014207 2.1330533267949 0.0012261980769212 -0.023414063701806 0.013520043098366 -0.019155426112394 -0.012648329355723 -0.1357644870395 -0.068966852975925 9.8033302470802 0.0031285781540325 0.00035545151678155 9.8045123060073 0.00054928381638412 0.00070353870741999 0.00022974370694098 0.00055240467841691 0.00070512060451027 0.00021694094620684 0.97955500100811 0.093338095116624 4 4 4 0 0
49.014238610656 8.416979363845 118.32722473145 -0.0071 0.014241 2.1326393267949 0.0034887669456532 -0.024152130136743 0.015819435175804 -0.018580705481085 -0.012629656382988 -0.13816708860255 -0.062676557885161 9.8103024664104 0.0013786942386911 0.0071217519842731 9.8114731822659 0.00024987453613106 0.0002997273563634 0.00066935706974317 0.00025931473357879 0.00030450488353554 0.00066363225822107 0.99098335001149 0.093338095116624 4 4 4 0 0
49.014238618498 8.4169793097818 118.32829284668 -0.007122 0.014214 2.1327463267949 0.0026023668934652 -0.024963675674341 0.015503391838825 -0.019738341906984 -0.013065458592588 -0.13856616694416 -0.071216708806752 9.8127375848543 0.0010499258559013 -0.0015352916040612 9.8139743468383 -0.0003680755475623 -0.00023685168938053 0.00091011331137035 -0.00035508756818953 -0.00023035374114942 0.00091692862482386 0.99098335001149 0.093338095116624 4 4 4 0 0
49.014238513473 8.4169797540404 118.31721496582 -0.007121 0.014175 2.1320823267949 0.00485103368792 -0.026541200691964 0.018234889558998 -0.019886095372653 -0.013407519825922 -0.13757147183042 -0.06819239483214 9.813815404795 0.0018651237667721 0.0014626485213804 9.8150162860187 -0.00041152199542151 -0.00055747036811994 0.00010947192985734 -0.00040985926714328 -0.00055667050660416 0.00011924533148351 1.0031575150494 0.093338095116624 4 4 4 0 0
49.01423868958 8.4169789884603 118.3371887207 -0.007043 0.014136 2.1331963267949 0.0014703299639505 -0.023582944302666 0.013819231693842 -0.019166274083914 -0.012285701455397 -0.12871317572184 -0.060608868444156 9.8055946246168 0.0098124683798742 0.0087141602183804 9.8066177750404 0.00048292623355937 0.000169750835691 0.00010007272978621 0.00048426234323633 0.000170475211144 9.2034934141938e-05 0.96813222237461 0.093338095116624 4 4 4 0 0
49.014238573923 8.416979577994 118.32137298584 -0.007171 0.014227 2.1322463267949 0.004377816343618 -0.025971284843635 0.017533455607126 -0.019653271752176 -0.013253455392535 -0.13490418845128 -0.078072871918448 9.8104250968467 0.0048280417133076 -0.0078705494383145 9.8116591438021 -0.00026691759542431 -0.00026793060901472 0.00041087697545382 -0.00026101628213737 -0.00026498010605871 0.00041655021022229 1.0031575150494 0.093338095116624 4 4 4 0 0
49.014238589802 8.4169795006675 118.32396697998 -0.007177 0.014239 2.1323763267949 0.0036799126502621 -0.025782170127805 0.016845255023411 -0.019862013429097 -0.012974731120571 -0.13117953195174 -0.07111614586341 9.8103746755071 0.0084268727922202 -0.00090158185123673 9.8115057770099 -0.00035514251073104 0.00018343183116751 -4.6552158154093e-06 -0.00035519515293102 0.00018337063317406 -9.1212583340744e-07 0.99098335001149 0.093338095116624 4 4 4 0 0
49.014238677589 8.4169790421688 118.33574676514 -0.00709 0.014149 2.1331473267949 0.0013404577513383 -0.023856044591072 0.013853663551716 -0.019467499389856 -0.012419651839801 -0.14142586185668 -0.06975705301193 9.8070156915199 -0.0026697058998293 -0.00041425909452776 9.8082831188227 -0.00033886216840617 1.1231034190082e-05 0.00044836175204159 -0.00033249724107479 1.4424086361389e-05 0.00045302321621138 0.96813222237461 0.093338095116624 4 4 4 0 0
49.014238743565 8.4169787110867 118.34512329102 -0.007052 0.014093 2.1335033267949 -0.00096696310946613 -0.023033472380324 0.011471116616812 -0.019997234688196 -0.012248741481488 -0.13650377755048 -0.064219673228225 9.8093363469046 0.0016676623447134 0.0045405764046025 9.810495380047 -0.00072345122406264 0.00013974507632816 -0.00050102924845027 -0.00073043195499408 0.00013627025092988 -0.00049179507236324 0.95598169438541 0.093338095116624 4 4 4 0 0
49.014238659659 8.416979125021 118.33392333984 -0.007093 0.014167 2.1329903267949 0.001327407520707 -0.023809932781149 0.013814952586332 -0.019437645452303 -0.012610253407687 -0.12859633698501 -0.063794963806352 9.807744854146 0.010376610959677 0.0054834626186906 9.8087882405071 -0.00052345954952751 -3.4522538875362e-05 0.00069697406827562 -0.00051353638348313 -2.9610363287361e-05 0.00070454452852964 0.97955500100811 0.093338095116624 4 4 4 0 0
49.014238740515 8.4169787456991 118.34407806396 -0.006988 0.014121 2.1335723267949 -0.00057925580765607 -0.022871873285438 0.011713321844319 -0.019653399727112 -0.01204195784509 -0.13587674747704 -0.066357682450357 9.8067079528524 0.0025454207944108 0.0022018180630118 9.8078730208127 4.9650371488933e-05 0.00011827905430689 0.00039007329715003 5.5144712217997e-05 0.0001210119668917 0.00038848200387053 0.95598169438541 0.093338095116624 4 4 4 0 0
49.014238715406 8.4169788656353 118.34045410156 -0.007099 0.014127 2.1333483267949 0.0003052949118668 -0.023519211057757 0.012802964253127 -0.019731465069373 -0.012052227516723 -0.13190118242787 -0.068070609002426 9.8074200864935 0.0067252925039743 0.001174914786449 9.8085409238765 -0.00067242568350543 -0.00012519525799156 -0.00015292840440014 -0.00067450499815085 -0.00012630249743318 -0.00014252108191024 0.96813222237461 0.093338095116624 4 4 4 0 0
49.014238607413 8.4169793833511 118.32662200928 -0.007075 0.014234 2.1325853267949 0.0030109490827426 -0.025030683522488 0.015882404030569 -0.019579322259694 -0.01283034884993 -0.13345198466955 -0.048146928009363 9.7991998812881 0.0060493043635675 0.021106366846332 9.8002024219775 -0.00013032668173906 -2.1952492808762e-05 0.00027022186818665 -0.00012646128507633 -2.0080786334241e-05 0.00027222943902423 0.99098335001149 0.093338095116624 4 4 4 0 0
49.014238594662 8.4169794672563 118.32434844971 -0.007199 0.014219 2.1324373267949 0.0034091591250148 -0.025672217630322 0.016558119455072 -0.019912649216853 -0.013277735956992 -0.13482587059994 -0.061554362612045 9.8068274687862 0.0045712223021458 0.0083605963572425 9.8079432645792 -0.0012297654093853 9.9958996762483e-05 0.00032081927656285 -0.0012251156829751 0.0001022774444016 0.00033748652883018 0.99098335001149 0.093338095116624 4 4 4 0 0
