49.014237030573 8.4169785766302 115.96129608154 -0.00706 0.014145 2.1361163267949 -0.011664792211305 -0.0055821846192861 -0.0068621491154177 -0.010960763660439 -0.036843546625372 -0.13645951805609 -0.064717169617694 9.809964148444 0.00236282244494 0.0042753056984861 9.8111254064406 -0.00047022625471281 -0.00011559521340245 0.0010912507295978 -0.00045474557001437 -0.00010790762186014 0.001098573713176 0.18298907071189 0.019104973174543 4 4 5 5 0
49.014236958416 8.416978733052 115.9192276001 -0.006873 0.014072 2.1334673267949 -0.013876203998188 -0.0019050703866347 -0.01071971724833 -0.0090148452172691 -0.040255831239984 -0.13920568670684 -0.069470113683394 9.8078982485481 -0.0011615313612225 -0.0014973728855969 9.8091318224889 0.00092904078579302 -4.4389187972347e-05 0.00015998699038583 0.00093122167639197 -4.3260812456325e-05 0.0001471946502202 0.18383960400305 0.021213203435596 4 4 5 5 0
49.014237034123 8.4169785913196 115.95966339111 -0.007035 0.014137 2.1357453267949 -0.011817454919795 -0.0053328248114442 -0.0071272742992951 -0.01083016757206 -0.037102025749607 -0.1371893921729 -0.067230649532602 9.8106221727476 0.0015224592548747 0.0017028518109475 9.8118114385293 -8.6728277129108e-05 -7.6181912325752e-05 -3.4876695341696e-05 -8.7216167882166e-05 -7.6434330684042e-05 -3.3109040441276e-05 0.18298907071189 0.019104973174543 4 4 5 5 0
49.014237005405 8.41697854085 115.96137237549 -0.007041 0.014112 2.1368123267949 -0.012046290173611 -0.0062732076427679 -0.0068033500669029 -0.01175502010496 -0.03666256800998 -0.14111396816719 -0.068584401952211 9.806872009262 -0.0026785781421512 0.00051411717615943 9.808126500301 0.00016585102973236 -6.841051913438e-05 -0.00024909968688799 0.00016236971337123 -7.0186810486661e-05 -0.00025090601643719 0.18474306482247 0.021931712199461 4 4 5 5 0
49.014236902778 8.416978890301 115.9022064209 -0.00688 0.014015 2.1353093267949 -0.014555602283295 0.00098766581608526 -0.012826142192742 -0.0069524432530107 -0.041722780379232 -0.13518886470058 -0.062802097030849 9.8007587036062 0.0022781738397123 0.0045053984558804 9.8018912042337 -0.00032197355075161 -7.1639310538819e-05 -0.00017488131126401 -0.00032436915290427 -7.2831487931652e-05 -0.00016982923991201 0.18383960400305 0.021213203435596 4 4 5 5 0
49.014236872867 8.4169786864505 115.93026733398 -0.007009 0.013978 2.1425113267949 -0.014383019470747 -0.0047496063236716 -0.0095421512080452 -0.011764045200432 -0.0397304035357 -0.13570313929421 -0.062826314295132 9.805935008702 0.0018475726806816 0.0060013748213799 9.8070732592684 4.1247696544229e-05 -0.00045060236355061 0.00092792906527623 5.4290362530112e-05 -0.00044408540484168 0.00093039294231614 0.18474306482247 0.021931712199461 4 4 5 5 0
49.014236872066 8.4169787759406 115.91583251953 -0.007015 0.014 2.1392053267949 -0.015687284170148 -0.0015225124377642 -0.012394056081802 -0.0097363158660732 -0.041537344370747 -0.14111367756236 -0.067412810249518 9.8065387157611 -0.0038882196554667 0.0010657047243023 9.8077848086274 -0.00059722729607404 -2.4349537546012e-06 0.00050451300627482 -0.00059009891896453 1.0756754856168e-06 0.00051283282051299 0.18383960400305 0.021213203435596 4 4 5 5 0
49.014236802953 8.4169788351487 115.90864562988 -0.006962 0.01398 2.1452003267949 -0.016624275170565 -0.0011122254484249 -0.013350716725974 -0.0099684989456047 -0.042619062334587 -0.13846472671808 -0.06382159327644 9.8074730883763 -0.001458630465674 0.0046282745243194 9.8086570667841 0.00020897727013009 0.00020832359458272 0.0008505681211926 0.00022084908946169 0.00021427408404951 0.00084607084291707 0.18474306482247 0.021931712199461 4 4 5 5 0
49.014236894577 8.4169787639074 115.91999053955 -0.006967 0.013972 2.1377123267949 -0.015369211584698 -0.0016725662621976 -0.012058656604796 -0.0096747615279974 -0.040974493230524 -0.13798018120621 -0.065822479715176 9.8073979495878 -0.00069443445220853 0.0025217140055676 9.8085890992047 -1.4218991294776e-05 -0.00060059618043548 -5.7016773498225e-05 -1.4945532679296e-05 -0.00060098801560064 -5.2625387744738e-05 0.18383960400305 0.021213203435596 4 4 5 5 0
49.01423693004 8.4169786167219 115.93922424316 -0.006998 0.014032 2.1400363267949 -0.013566941152664 -0.0052402741102033 -0.0086067361721937 -0.011723911246132 -0.039007084238504 -0.137915425239 -0.068970352551455 9.8086811280218 -3.9319131197304e-05 5.4076992996026e-05 9.8098928773726 0.00064701173510947 -0.00033855840364884 0.00029142645782307 0.00065107360955412 -0.00033651052536909 0.00028472553530829 0.18474306482247 0.021931712199461 4 4 5 5 0
49.014236904296 8.4169787559336 115.9211730957 -0.006947 0.014028 2.1369663267949 -0.015189747304825 -0.0017971458915155 -0.011850697214854 -0.0096706140921794 -0.040776243698489 -0.13849467490526 -0.064869259692029 9.8057748095785 -0.0010096666462864 0.0033650403538385 9.8069665697426 0.00016545181818537 2.4195071380781e-06 0.0016761562333896 0.00018895732897992 1.4077894366339e-05 0.0016736203286946 0.18383960400305 0.021213203435596 4 4 5 5 0
49.014237038093 8.4169786094164 115.95974731445 -0.006983 0.0141 2.1355433267949 -0.011999692312044 -0.0050707626189484 -0.0074237457573238 -0.01070478295012 -0.037156670924913 -0.13865808740384 -0.065795355693504 9.8076530249228 -2.1026865723253e-05 0.0029361942259286 9.8088534510262 0.00048678468228572 -0.00066644458429484 0.00035503113852975 0.00049182532343057 -0.0006639605226135 0.00035277701821676 0.18298907071189 0.019104973174543 4 4 5 5 0
49.014236949594 8.4169787181478 115.91961669922 -0.006952 0.014055 2.1336793267949 -0.014229330866211 -0.0019051269783362 -0.011010443942063 -0.0092129559996124 -0.040196670719828 -0.13529559606561 -0.063415947105327 9.8114084724857 0.002429505357374 0.0047254072631605 9.8125448031809 -9.8061519023517e-05 0.0001311564977841 -0.00083526535201579 -0.00010979991934965 0.00012540224281398 -0.00083472640476164 0.18383960400305 0.021213203435596 4 4 5 5 0
49.014236835612 8.4169787481944 115.92244720459 -0.007022 0.013985 2.1441753267949 -0.015453931936876 -0.0035351564827006 -0.011076964993574 -0.011342553613007 -0.040713506377907 -0.14189264108767 -0.067900803861572 9.8072885184257 -0.0046513884698555 0.0009386325229893 9.8085485278226 -0.00025171534585283 0.00015212134812792 0.0014090323183207 -0.00023200663400474 0.0001619645857586 0.0014112938943912 0.18474306482247 0.021931712199461 4 4 5 5 0
49.014236947846 8.4169786035185 115.9443359375 -0.007079 0.014034 2.1395293267949 -0.01327710049982 -0.0057094449444827 -0.0081186857529212 -0.011957039997791 -0.038593958125523 -0.13568998020774 -0.064323063630391 9.8034951800751 0.002273707507517 0.0046936177805216 9.8046438646628 -0.0007871333184758 -0.00054676317702035 0.0013620099958766 -0.00076784040327905 -0.0005371640334559 0.0013767393194052 0.18474306482247 0.021931712199461 4 4 5 5 0
49.014237014364 8.416978563331 115.96253967285 -0.007052 0.014056 2.1368933267949 -0.012018753249411 -0.0060632609684832 -0.0068937690608781 -0.011562401942106 -0.036659586743911 -0.13608578311204 -0.06486330953818 9.8128160068951 0.002360590357675 0.0041736741174082 9.8139728465059 -0.0002716025707069 -0.00092023847866335 0.00070579974825397 -0.00026156869171248 -0.00091523226419414 0.00071599485074843 0.18298907071189 0.019104973174543 4 4 5 5 0
49.014236920425 8.4169787430935 115.92251586914 -0.006968 0.014028 2.1353053267949 -0.014783286563742 -0.0016681429447333 -0.011593551073883 -0.0093230037934137 -0.040158078478511 -0.13919578523498 -0.066664715626929 9.8030878899054 -0.0017761709560006 0.0014069433157613 9.8043027623691 -0.00043883002598905 8.7691034992498e-05 0.00052740762115057 -0.00043139373859242 9.1376021859274e-05 0.0005328901474234 0.18383960400305 0.021213203435596 4 4 5 5 0
49.014236984049 8.4169785608939 115.95454406738 -0.007056 0.014129 2.1377633267949 -0.012353602459535 -0.006350162099013 -0.0070155283247201 -0.011988308267831 -0.037229211697086 -0.13805385719191 -0.061734782057485 9.8044774238642 0.00034562608560392 0.0073571026304658 9.8056410215619 -0.00022278881004976 0.00036521970174306 0.00062447538729403 -0.00021398403037061 0.00036966563552752 0.00062499192864252 0.18474306482247 0.021931712199461 4 4 5 5 0
49.014236954076 8.4169787544049 115.91781616211 -0.0069 0.014042 2.1336183267949 -0.0136875885729 -0.001249854601514 -0.010909747789668 -0.0083600289268857 -0.040337810445476 -0.13363167705684 -0.06434770837872 9.8098451307218 0.0043464582589129 0.003641313047118 9.8109648951444 0.0004649601160217 -0.00037954685808579 8.5286176582974e-05 0.00046612985634786 -0.0003789700018904 8.1385920192227e-05 0.18383960400305 0.021213203435596 4 4 5 5 0
49.01423696653 8.4169785795453 115.94954681396 -0.007067 0.014078 2.1385293267949 -0.012883513067348 -0.0061406892053848 -0.0075651808711061 -0.012102239005616 -0.037811259158232 -0.14220009381191 -0.06810197838891 9.8085436911794 -0.0039128793589957 0.00099358077149723 9.8098099910932 -0.00046209645682547 -0.00024059759150669 0.00018964776695561 -0.00045934862502707 -0.00023924455046144 0.00019783606692268 0.18474306482247 0.021931712199461 4 4 5 5 0
49.014236859017 8.4169787844054 115.9150390625 -0.006979 0.013985 2.1405413267949 -0.016158678388854 -0.0016127970733294 -0.012724970860392 -0.010088742494012 -0.041892563889773 -0.1438490746268 -0.067148556172702 9.8046112115015 -0.0067836157736143 0.0012386543199608 9.8058939985932 -0.00013024841996276 -0.00010248393720297 0.0012058380215032 -0.00011334552658175 -9.4122398663196e-05 0.0012082170835776 0.18383960400305 0.021213203435596 4 4 5 5 0
49.014237022757 8.4169785739845 115.96286773682 -0.007027 0.014104 2.1366313267949 -0.011842429239441 -0.005908748278064 -0.0068321524426423 -0.011334791698676 -0.036877061046649 -0.1424542796161 -0.063740724590744 9.8059020708011 -0.0039325621763531 0.0051107208520035 9.8071417245991 -0.00011671128287975 -0.00036222828975809 0.00018659618490735 -0.000114026972549 -0.00036089374774937 0.0001907921458668 0.18298907071189 0.019104973174543 4 4 5 5 0
49.01423692426 8.4169789442369 115.88999176025 -0.006897 0.014008 2.1341053267949 -0.013972740953775 0.0025316392480115 -0.013163572088572 -0.0053256356166955 -0.043228501580972 -0.13526618245721 -0.065798610138162 9.8026444656884 0.0020895241611799 0.0013365352550898 9.8037981216364 -0.0009801949081342 -0.00011268030729593 0.0010912374291599 -0.00096480563053437 -0.00010515297063811 0.0011056113035109 0.18383960400305 0.021213203435596 4 4 5 5 0
49.014236911636 8.4169788552791 115.9080657959 -0.006865 0.013987 2.1355123267949 -0.014087977375212 4.5938401527148e-05 -0.011932039042069 -0.0074908877868356 -0.040908761451756 -0.14115456485449 -0.064698376078067 9.8093471636304 -0.003430070197393 0.0029453014394724 9.8105748629827 0.00031641019197708 -0.00058186107035137 -0.00013810001940035 0.00031450490328772 -0.00058275233912646 -0.00013851370161896 0.18383960400305 0.021213203435596 4 4 5 5 0
49.014236909698 8.4169789283458 115.89392089844 -0.006848 0.014034 2.1348413267949 -0.014544224826089 0.0019522225455457 -0.013332751398617 -0.0061305050053568 -0.04252483697336 -0.13787482524733 -0.070753006452222 9.8073650421708 -0.00041423131424377 -0.0034692082210422 9.8085888202071 5.9747495306736e-05 0.00033895067269863 -0.00031689800186976 5.526292844637e-05 0.00033677287746453 -0.00032003397015307 0.18383960400305 0.021213203435596 4 4 5 5 0
49.014236801017 8.4169788277638 115.91092681885 -0.00696 0.013895 2.1459513267949 -0.016251593391004 -0.002022963367751 -0.012547709502265 -0.01052581207159 -0.041668408406113 -0.1397557458441 -0.068891394958548 9.808220668345 -0.0027721109867691 -0.00022471849974382 9.8094575868225 0.00048568857612399 -0.00093037655304251 0.00030447811644831 0.00049000726339448 -0.00092819910764107 0.00030418424257071 0.18474306482247 0.021931712199461 4 4 5 5 0
49.014236831184 8.416978795379 115.91219329834 -0.006959 0.013985 2.1425943267949 -0.016441890966317 -0.0014547798487247 -0.01302845027192 -0.010135196677756 -0.042284788339788 -0.1367975512738 -0.064933743738223 9.8088548955448 0.00030201203152795 0.0034834100969747 9.8100230919094 0.00030532712989793 -4.338994692915e-05 -9.1211350346805e-05 0.00030398922792353 -4.4033313687388e-05 -9.5179113659619e-05 0.18383960400305 0.021213203435596 4 4 5 5 0
49.014236916286 8.4169787481049 115.92269897461 -0.006958 0.014032 2.1359423267949 -0.015045315080627 -0.0016526821517743 -0.011815737967543 -0.0094594329601375 -0.040300656016281 -0.13706258407502 -0.064227902720621 9.8123762028467 0.00044816509603014 0.0040467169900255 9.8135429156288 -2.4575703069109e-05 0.00021310122147662 0.00067583852931692 -1.5066297722878e-05 0.0002178014149499 0.00067459983946482 0.18383960400305 0.021213203435596 4 4 5 5 0
