49.01424440661 8.4169851795278 113.89025878906 -0.006038 0.014449 2.1315553267949 0.011819884898184 0.01177080498836 0.0037505913185998 0.016254057296191 -0.0066819406842283 -0.14300216013706 -0.062649382923969 9.8076445535143 -0.0012995644414882 -0.003519552235995 9.8088861789854 -0.00012748365658932 4.307269924867e-05 0.00063231750356491 -0.00011833828281628 4.6846722967225e-05 0.00063383800903249 0.40233443799904 0.04101219330882 4 5 4 4 1
49.014246147727 8.4169867281392 113.64404296875 -0.006463 0.014177 2.1226483267949 -0.0087135324256602 -0.00012255565255718 -0.0073555934934496 -0.0046729134082531 -0.0033436941391567 -0.14183856856708 -0.066924221111285 9.802620581293 -0.0026086183248699 -0.00394656741055 9.8038743030589 -0.00062285494718999 -0.00051745257916083 0.00012996872210365 -0.00062088534673553 -0.00051662378250294 0.0001421555974246 0.40233443799904 0.04101219330882 4 5 4 4 1
49.014244181402 8.4169850565183 113.91084289551 -0.005972 0.014435 2.1315923267949 0.011528576681641 0.015481657109021 0.0015281523801212 0.019242002182178 -0.0067714695716977 -0.14091388473562 -0.061653900654017 9.8099343815705 0.00056874029368126 -0.0030116999701826 9.8111396418668 8.763702830751e-05 0.00024766834960586 0.00017340496697388 9.0074930949085e-05 0.00024872580792427 0.00017066452714472 0.40233443799904 0.04101219330882 4 5 4 4 1
49.01424425959 8.4169851009353 113.90559387207 -0.005991 0.014437 2.1316793267949 0.011408790017611 0.013736285830081 0.0023533137715254 0.017700515426409 -0.006581953647003 -0.14350047862955 -0.066781306994128 9.8052926942993 -0.0020920916714563 -0.0079958285736426 9.8065665437611 5.5190094023866e-05 0.00033660512327381 0.00047370275191731 6.1983753965624e-05 0.00033940081676771 0.0004708513106621 0.40233443799904 0.04101219330882 4 5 4 4 1
49.014245527881 8.4169860051426 113.74185180664 -0.006369 0.01427 2.1256363267949 -0.00553773109611 0.00032563066796393 -0.0048788002605501 -0.0026400900639274 -0.0029624081908154 -0.14700265536431 -0.069298966408388 9.8090612548605 -0.00668764960075 -0.0069031155915371 9.8104025556619 -0.0001149947549486 -0.00054476365991205 0.0010004075429734 -0.00010060125087273 -0.00053838509673758 0.0010053702231238 0.40233443799904 0.04101219330882 4 5 4 4 1
49.014244119182 8.4169845361651 113.91249847412 -0.005921 0.014542 2.1333883267949 0.017428818855891 0.0156684725177 0.0063908965066636 0.022548291396294 -0.0092508054770984 -0.13943367514018 -0.064886933603238 9.809371274146 0.003511946381304 -0.0067320290791214 9.810574513036 0.00031096925599703 -0.00061822855045094 0.00075632650567109 0.00032200175828245 -0.00061372282249194 0.00075538977638877 0.40233443799904 0.04101219330882 4 5 4 4 1
49.014244789981 8.41698562275 113.84226226807 -0.006051 0.014453 2.1298853267949 0.0073182710662673 0.0087892190968891 0.0015430338261513 0.011332565554834 -0.0057928662316388 -0.14371162527559 -0.06594104296101 9.8080789616543 -0.0020386336255804 -0.0064686872757345 9.8093512701144 0.00027704180275651 9.8188530031034e-05 0.00038655953031388 0.00028261972768014 0.00010051878732422 0.00038189704440306 0.40233443799904 0.04101219330882 4 5 4 4 1
49.014244217681 8.4169850863446 113.90855407715 -0.005986 0.014437 2.1316573267949 0.011483441776219 0.014640923556209 0.0019365616107079 0.01850611799056 -0.0065819081338738 -0.13647921438962 -0.064338042077969 9.8064513533886 0.0049924331071278 -0.0056028213701056 9.8076091952586 2.117088771709e-05 0.00025356642821915 0.0012299864955622 3.890302128084e-05 0.00026090243075603 0.0012280099845953 0.40233443799904 0.04101219330882 4 5 4 4 1
49.014244772123 8.4169855318676 113.84672546387 -0.006077 0.014475 2.1303553267949 0.0090662575517332 0.0088969319198238 0.0029624700388968 0.012352210356484 -0.0060552946350165 -0.14346381359363 -0.06310894303713 9.8118207132778 -0.0015646527498938 -0.0035872151865254 9.8130715264117 -0.00017463714826032 0.00012397893479958 0.0012500631264686 -0.00015654533040853 0.00013151956018962 0.0012516982854067 0.40233443799904 0.04101219330882 4 5 4 4 1
49.01424617539 8.4169867856466 113.63999176025 -0.006402 0.014231 2.1227993267949 -0.0080606561136751 0.00036144971081817 -0.0070530310870635 -0.0039191349752815 -0.0026994575594914 -0.14187008003688 -0.05781887237532 9.8055480101171 -0.0024323784027634 0.0049585832920677 9.8067433273602 8.1190669868479e-05 0.00016591385274757 0.0016907139817959 0.00010521872096487 0.00017674843508975 0.0016883216542237 0.40233443799904 0.04101219330882 4 5 4 4 1
49.01424431778 8.4169850980396 113.90185546875 -0.006052 0.014445 2.1317003267949 0.011704280396731 0.012540439633847 0.0032400798325323 0.016845003347651 -0.0064775167853845 -0.14666116151217 -0.064717550093818 9.8074192332434 -0.0051244557444356 -0.0055894023808116 9.8087264969252 -0.00036647120840802 0.00029491008727764 -7.750134279311e-05 -0.0003675713456819 0.00029438827664259 -7.3982379523174e-05 0.40233443799904 0.04101219330882 4 5 4 4 1
49.014244279328 8.4169850922236 113.90427398682 -0.005983 0.014426 2.1318003267949 0.011536015509841 0.013076603798343 0.002811515863113 0.017209660375008 -0.0064351783293714 -0.13936574062502 -0.061257763263955 9.8058528954573 0.0020839931982338 -0.002382648723232 9.8070340442576 0.00034011070298174 8.2677403134084e-05 0.0020003163975237 0.00036894422063469 9.4684513572498e-05 0.0019946618337503 0.40233443799904 0.04101219330882 4 5 4 4 1
49.014244220777 8.41698493057 113.90017700195 -0.005918 0.014515 2.1317853267949 0.014798085781836 0.017226407522938 0.0033671960700044 0.02245874751522 -0.0084216492783511 -0.13542416100245 -0.060996886728506 9.809060778847 0.0067287164483657 -0.0028313865732305 9.8101820842713 0.00021455446074693 0.00025937342135568 0.0011243702591308 0.00023080821529931 0.00026601084573931 0.0011195222594254 0.40233443799904 0.04101219330882 4 5 4 4 1
49.014244477501 8.4169852595015 113.87953948975 -0.006097 0.014444 2.1311813267949 0.01091097513126 0.01065410576462 0.0035790692565935 0.014823950857271 -0.0065509685438839 -0.13692415219877 -0.061299569177995 9.8068399169257 0.0047084224906536 -0.0016664373879006 9.8079863211249 -0.00030529817132836 1.5122116689224e-05 -0.00016721505373379 -0.00030763424520961 1.4119962873207e-05 -0.00016285554618833 0.40233443799904 0.04101219330882 4 5 4 4 1
49.01424434937 8.4169851230793 113.8974609375 -0.005993 0.014468 2.1316453267949 0.011809329968158 0.011994982648914 0.0036208147564858 0.016438653505402 -0.0066497484547955 -0.13539493242521 -0.064387715099896 9.8073285491431 0.0062797203061538 -0.0053109228359785 9.8084708051059 0.00058066859328873 0.000458797930202 0.00050541523078925 0.00058786832200563 0.00046181500299562 0.00049419059506719 0.40233443799904 0.04101219330882 4 5 4 4 1
49.014246060251 8.4169865729461 113.65768432617 -0.006394 0.014196 2.1229883267949 -0.0084330218253337 -0.00045063926609345 -0.0069435653237524 -0.0048068315751317 -0.0032893450252045 -0.13264173786902 -0.05826681810814 9.8066878379773 0.0067739643616228 0.0045106944543165 9.8077547994245 0.00013606595705948 -0.00039399348678513 0.0013407524812254 0.00015511653121016 -0.00038542681982558 0.0013411616738797 0.40233443799904 0.04101219330882 4 5 4 4 1
49.014244068748 8.4169844472162 113.92206573486 -0.005959 0.014593 2.1338083267949 0.017472821697459 0.014880541257435 0.0068386377361376 0.021908163319454 -0.0089887130435009 -0.14184958325552 -0.061860557358117 9.8060713775008 0.0012357240090748 -0.0035771643930763 9.8072917898694 -0.00010106338742263 -2.3944803102709e-05 0.00078244043830432 -8.963434552998e-05 -1.9274309387323e-05 0.00078395875432761 0.40233443799904 0.04101219330882 4 5 4 4 1
49.014245329135 8.4169859492187 113.76779174805 -0.006375 0.014311 2.1260453267949 -0.0065801035872028 0.0007280245248028 -0.0059757247306529 -0.0028493175545559 -0.0022382418095655 -0.13672365004988 -0.06414768296099 9.8049832224046 0.0034366533565303 -0.0016337675742122 9.8061453407109 2.4974162939894e-05 0.00033329320666121 0.0021061300416133 5.5053030277307e-05 0.00034671327687626 0.0021033799260132 0.40233443799904 0.04101219330882 4 5 4 4 1
49.014245897512 8.4169863330623 113.6770324707 -0.006377 0.014236 2.1233133267949 -0.0088528168265143 -0.00099525963754309 -0.0070136107390644 -0.0054929116554214 -0.003356046641865 -0.13844679024119 -0.061810997273188 9.8013095230736 0.0010385767063365 0.00092536033062637 9.8024822384321 0.00042920925935499 2.6378090987259e-05 0.0010144200250506 0.00044361812585507 3.2845469175864e-05 0.001008000761003 0.40233443799904 0.04101219330882 4 5 4 4 1
49.014244937746 8.4169859176578 113.80796813965 -0.006298 0.014333 2.1271953267949 -0.006945026713777 0.0038244213370458 -0.0079173533273841 -0.0004193553819381 -0.0022934543691612 -0.14646164939094 -0.061649565531688 9.8063893711604 -0.006001554960778 0.00022327014215924 9.8076752680888 0.00010887241156762 3.119781654353e-05 0.00062093298938526 0.00011776200744362 3.5108576270709e-05 0.00061911136907439 0.40233443799904 0.04101219330882 4 5 4 4 1
49.014244862176 8.4169857495128 113.82420349121 -0.00619 0.014445 2.1291173267949 0.0028327294480864 0.0071059439995908 -0.0013613915935776 0.0075277058506127 -0.0053579316796605 -0.13514601213807 -0.060384145469607 9.8045629188236 0.0061831019432604 -1.0811532065924e-06 9.8056779603902 -0.00065897702003163 0.0003783497544885 0.00086155204929177 -0.00064652477093781 0.00038361217801962 0.00086864105697429 0.40233443799904 0.04101219330882 4 5 4 4 1
49.014244194905 8.4169846701869 113.90059661865 -0.005932 0.014586 2.1328363267949 0.017029646112953 0.016245459744592 0.0057562756799565 0.022820889543424 -0.0093505135918037 -0.13673567047235 -0.061330948283199 9.8013622930252 0.0060074687593571 -0.0032450847460667 9.8025056090034 1.3550423735746e-05 0.00029294938273199 0.00076879324310094 2.4641727608973e-05 0.00029746220406121 0.00076672998936175 0.40233443799904 0.04101219330882 4 5 4 4 1
49.014244919441 8.4169858988993 113.80881500244 -0.00631 0.014366 2.1273833267949 -0.0063250963662597 0.0039397912995223 -0.0074517972841619 4.3382510635664e-06 -0.0026852784065064 -0.1353306541409 -0.060561029221706 9.8065143015139 0.0052153104352938 0.0011497904708275 9.8076330167665 -0.00034294940797034 0.00046496615703103 0.00028958200422454 -0.00033882413332774 0.00046675521021462 0.0002915077165325 0.40233443799904 0.04101219330882 4 5 4 4 1
49.014245811036 8.4169861231491 113.69602966309 -0.006361 0.014331 2.1247143267949 -0.0053445182643862 -0.00062693099195877 -0.0042159053518908 -0.0033441143037491 -0.0040304170654407 -0.13857012174756 -0.058423734561655 9.8087226248984 0.0018595169689811 0.0038585637432333 9.8098747662202 -0.00020592114580644 0.00018535491175071 0.00058085620379743 -0.00019755015254379 0.00018907101220725 0.00058254647005447 0.40233443799904 0.04101219330882 4 5 4 4 1
49.01424450254 8.4169852966798 113.87623596191 -0.006076 0.014464 2.1311733267949 0.010530396382619 0.010298634374349 0.0034471595142038 0.014320200468579 -0.0064032298092571 -0.1424084216679 -0.062053858380987 9.8069203204261 -0.00079350739115851 -0.0024293504554245 9.8081501401617 6.4482580186508e-05 0.00040750391286321 0.0014984753063266 8.6092440913655e-05 0.00041658452406451 0.001494876859969 0.40233443799904 0.04101219330882 4 5 4 4 1
49.014245886871 8.4169862280284 113.68231964111 -0.006324 0.0143 2.1240203267949 -0.006706839552299 -0.0007709313443548 -0.0053018996478168 -0.0041792061298612 -0.0040703462941152 -0.14143209245265 -0.061658232872514 9.8055841620663 -0.0014455202692798 0.0005082320884831 9.8067979213403 0.00022376607513928 0.00027497991619353 -2.8387530735374e-06 0.00022365832627255 0.00027497784783953 -7.7839700822603e-06 0.40233443799904 0.04101219330882 4 5 4 4 1
49.01424390079 8.4169841346464 113.95460510254 -0.005984 0.014593 2.1351213267949 0.018579332220686 0.012438311267728 0.0090482561965022 0.020445886457444 -0.0085317147253805 -0.14872258869353 -0.062174742311799 9.8102740163443 -0.0052844363055968 -0.0035444013765507 9.8115959538118 -9.9207108159817e-06 -0.00051009327038662 6.5609198426574e-05 -8.8999052905861e-06 -0.00050972297925875 6.8820773864774e-05 0.40233443799904 0.04101219330882 4 5 4 4 1
49.014245790644 8.4169860994054 113.70076751709 -0.00634 0.014319 2.1249653267949 -0.0053868431404921 -0.00075145887209442 -0.0041856505825974 -0.0034731869581182 -0.0038864286466097 -0.14542878582876 -0.059199963961072 9.8062623961256 -0.0050580009961508 0.0029661093426128 9.8075174853492 -1.0084149867195e-05 3.8058018040634e-05 0.0015499105806937 1.2096590436446e-05 4.7869162597765e-05 0.0015496366342099 0.40233443799904 0.04101219330882 4 5 4 4 1
49.014244200952 8.4169848704349 113.901222229 -0.005983 0.014494 2.1318753267949 0.01537665839581 0.017172782800731 0.0038827081911858 0.022721610927033 -0.0087298831004179 -0.14315808343234 -0.065850258085335 9.8085851364253 -0.00089654066840937 -0.0076769417705874 9.8098476856658 -0.00083440622181497 -0.00023736276346158 9.8052015654296e-05 -0.00083288610953549 -0.00023677223038981 0.00011154632759031 0.40233443799904 0.04101219330882 4 5 4 4 1
49.014244861794 8.4169857687003 113.82180786133 -0.006199 0.014398 2.1289863267949 0.0015748167989244 0.0066756722418126 -0.0021994204470669 0.0064967600154968 -0.0051520353870411 -0.14501548800485 -0.068025905802735 9.8101877590402 -0.0036478428294306 -0.007277276465024 9.8114920029381 -0.00023077622762752 -0.00036504701221998 0.0008323957492562 -0.00021872707979317 -0.00035991140811122 0.0008378817081163 0.40233443799904 0.04101219330882 4 5 4 4 1
49.014245924432 8.4169863706151 113.67567443848 -0.006381 0.014239 2.1232323267949 -0.0087043935188279 -0.00072398263858463 -0.0070299810845942 -0.0051836300642863 -0.0029607052768508 -0.14701077758052 -0.066984448321464 9.8075305663528 -0.0072550763307812 -0.0042258956177521 9.8088574958913 0.0003431057373991 -0.00024942056386001 0.0008991527156237 0.00035591365617522 -0.00024368449141675 0.00089576008063593 0.40233443799904 0.04101219330882 4 5 4 4 1
49.014243964249 8.4169842062682 113.94295501709 -0.00595 0.014654 2.1348663267949 0.018565084174087 0.012938200368503 0.0087756843704835 0.020857843756503 -0.0087659383637411 -0.13708923471203 -0.06184635132105 9.8066786599988 0.0062879808218285 -0.0033691301103344 9.8078293537113 0.00036466515419318 0.00053252137586556 0.00068638438539578 0.00037463563230025 0.00053661212275135 0.00067779810186819 0.40233443799904 0.04101219330882 4 5 4 4 1
49.014245729081 8.4169860669254 113.71210479736 -0.006376 0.014319 2.1251003267949 -0.0053444144888346 -0.00077008570830008 -0.0041391087428828 -0.0034674981980381 -0.0038836580582948 -0.14435149343954 -0.064770648549548 9.8083312944679 -0.0039016583723706 -0.0023931044243132 9.8096062346741 -0.00027919240757894 -1.7540074894469e-05 0.00043060903717837 -0.00027297358958774 -1.4782950979755e-05 0.00043468253662681 0.40233443799904 0.04101219330882 4 5 4 4 1
49.014244441625 8.4169852162805 113.8860244751 -0.006071 0.014444 2.1314383267949 0.011806688063799 0.011559922357252 0.0038537359841806 0.016067928357861 -0.0066593783051445 -0.1394981223555 -0.061047073092428 9.8076018052231 0.0021868998995762 -0.0016784515168303 9.8087835462864 -0.00030030495554844 -1.8785666136505e-05 0.0012485177949655 -0.00028223377901441 -1.1225397129001e-05 0.0012528141168579 0.40233443799904 0.04101219330882 4 5 4 4 1
49.014244822156 8.416985669371 113.83818054199 -0.006064 0.014444 2.1297073267949 0.0069630169211172 0.0087886004273834 0.0012444544216489 0.011143381111381 -0.0059098153908026 -0.13659868837103 -0.062867699831487 9.8050357257241 0.0050652956397882 -0.0032184524840537 9.8061868944797 0.00038301183386861 -9.4707379053594e-05 0.00073277131158446 0.00039357531229327 -9.0247354625333e-05 0.00072774839005027 0.40233443799904 0.04101219330882 4 5 4 4 1
49.014244938998 8.4169858878733 113.80570220947 -0.006269 0.014347 2.1280343267949 -0.0039779024433868 0.0045672032093858 -0.0057912338038032 0.0017737463220297 -0.003628827446028 -0.14090261199333 -0.064522757585451 9.8054580812488 -0.00022887723588993 -0.0027781258970394 9.8066821725162 0.00038701415092991 -0.00016020539284581 0.0015499513734071 0.00040919305226497 -0.00015048274319021 0.0015452070746969 0.40233443799904 0.04101219330882 4 5 4 4 1
49.014246211969 8.4169868406129 113.63526916504 -0.006436 0.014214 2.1227973267949 -0.0071936963603135 0.00062489440126776 -0.0064528982719861 -0.0032403474971262 -0.0037621583582346 -0.14653943499814 -0.067900339982191 9.8179794405651 -0.0067759612624926 -0.0048746157209744 9.819304313378 -0.00022778113801129 -0.000365451043376 0.0011349339169715 -0.00021156182148261 -0.00035816282361522 0.0011403800942005 0.40233443799904 0.04101219330882 4 5 4 4 1
49.014244218842 8.4169850058473 113.9024887085 -0.005953 0.014494 2.1316463267949 0.013760999196315 0.017050317876079 0.0025838513037077 0.021757804513808 -0.0078460256971132 -0.14676320930331 -0.06512370704514 9.8075591626557 -0.0047168602130508 -0.0068878807144789 9.808870262984 -0.0003193474766188 6.0486426051809e-05 0.00091471255547419 -0.00030609566236176 6.592316597914e-05 0.00091885023754735 0.40233443799904 0.04101219330882 4 5 4 4 1
49.014245592085 8.4169860138258 113.73310852051 -0.006312 0.014287 2.1254353267949 -0.0053324544249556 -0.00017800540920745 -0.0044393399416558 -0.0029595641481523 -0.003160033401562 -0.13711584443091 -0.06152618340925 9.8077375006618 0.0030909817956943 0.00065264378517657 9.8088879812244 0.00052062162287587 -0.00013105011059809 -0.00042626485127414 0.00051443414175971 -0.00013373006235081 -0.00043284113562247 0.40233443799904 0.04101219330882 4 5 4 4 1
49.014244871929 8.4169857190598 113.83045196533 -0.00608 0.014471 2.1294213267949 0.0062629592063657 0.0084706429147871 0.00082148591453566 0.010502479918792 -0.0057583037675909 -0.14528143796 -0.067738795551167 9.8057414143702 -0.003582767672808 -0.0079269903024559 9.8070476351929 0.00032326316748709 0.00029270979489909 0.00012582180193986 0.0003250669426562 0.00029343405204266 0.00011932917955194 0.40233443799904 0.04101219330882 4 5 4 4 1
49.014245887593 8.4169862941584 113.67806243896 -0.00638 0.014275 2.1235083267949 -0.0085296584903194 -0.0010214407366693 -0.00672411048812 -0.0053464692619144 -0.0034277454568924 -0.14353859412958 -0.067624449668905 9.812944142378 -0.0036925749423323 -0.0049134685790262 9.8142249613016 0.00012696958760441 0.00026239059148275 0.0010171942966149 0.00014144042882587 0.00026888101691851 0.0010135833719282 0.40233443799904 0.04101219330882 4 5 4 4 1
49.014244911525 8.4169858474124 113.81256866455 -0.006273 0.014404 2.1284153267949 -0.0021020207874814 0.0052262347663653 -0.00454875003491 0.0033228930245951 -0.0042311509553903 -0.14698764657525 -0.062744067422067 9.8061840078195 -0.0060267588887404 -0.001382956706152 9.8074846650675 -0.00039602357581444 0.00036316066999753 0.0015106258953599 -0.00037429453863482 0.00037260099432429 0.0015138535289546 0.40233443799904 0.04101219330882 4 5 4 4 1
49.014245975354 8.4169864337025 113.66904449463 -0.006428 0.014231 2.1231273267949 -0.0088053781148094 -0.00064933117310161 -0.0071556346400783 -0.0051723520910103 -0.0031329852672777 -0.14305122337356 -0.062312645471114 9.8128249609545 -0.003331429476195 0.00051521635704192 9.8140644858499 -0.00042294694303352 -0.00019328106121954 0.00094311409924798 -0.00040948425622467 -0.00018730134206904 0.00095026950120938 0.40233443799904 0.04101219330882 4 5 4 4 1
49.014244624708 8.4169853909734 113.86563873291 -0.006069 0.014448 2.1309453267949 0.0099783511929966 0.0091200811348178 0.0036093466739314 0.013027500507439 -0.0060021003907585 -0.14479203481925 -0.062657672893133 9.8029365114679 -0.0032069970001762 -0.003247641298875 9.8042053233005 -9.1820038046232e-05 0.0001092001543809 0.0012344191486916 -7.3973627401019e-05 0.00011668904416113 0.0012349243931405 0.40233443799904 0.04101219330882 4 5 4 4 1
49.014246089999 8.4169866107667 113.6544342041 -0.006397 0.014186 2.1229253267949 -0.0086247282141058 -0.00012144538477371 -0.0072799414631862 -0.0046263570265304 -0.0029350058997896 -0.14430315652429 -0.064505750222484 9.8072056411906 -0.0048975572343545 -0.0015856801743663 9.808477820649 0.00031477084845067 -0.00061843726527162 0.0013035108150703 0.00033330372180938 -0.00061005424869119 0.0013028579740033 0.40233443799904 0.04101219330882 4 5 4 4 1
49.014244929963 8.4169858896777 113.80702972412 -0.006291 0.014319 2.1277023267949 -0.0052507890475819 0.0042058416811527 -0.0066803771836093 0.00079594636486616 -0.0031527747629239 -0.13775347618099 -0.066285007852236 9.8058644818532 0.0027725045141774 -0.0046471678995672 9.807054334326 -0.00020694001614868 -0.00041878754591902 0.00023618072000039 -0.00020348607142875 -0.00041730452112915 0.00024174293168146 0.40233443799904 0.04101219330882 4 5 4 4 1
49.014244182626 8.4169847890404 113.9016494751 -0.005938 0.014582 2.1322283267949 0.015913167597179 0.017059836274203 0.0043908270033305 0.022912640419141 -0.0089484498760249 -0.13790447976598 -0.060958999447934 9.8022022990676 0.0046038690682016 -0.0027981484269808 9.8033599192841 3.0138478789397e-05 0.00069033422573911 0.00066509336892923 3.9731855079113e-05 0.00069425868697284 0.0006604670532624 0.40233443799904 0.04101219330882 4 5 4 4 1
49.014244741826 8.4169854851197 113.85113525391 -0.006027 0.01444 2.1305253267949 0.0096321264395869 0.0088362188043378 0.0034717843410321 0.012601752179062 -0.0062607888059599 -0.13987921991706 -0.058796672423715 9.802571783634 0.0019159984784942 0.00038398064594257 9.8037462885028 0.00023099817883069 -0.00047975471908508 0.00054983118253866 0.00023895525729445 -0.00047642171729575 0.00054931240085247 0.40233443799904 0.04101219330882 4 5 4 4 1
49.014244025878 8.4169843425739 113.92939758301 -0.005923 0.014596 2.1342613267949 0.017710632449743 0.013846032856571 0.0075816054680766 0.021163751032247 -0.0089522201558842 -0.13682020625913 -0.059950098159844 9.8061545126936 0.0063192800610587 -0.0016154686351102 9.8072904479935 0.00061662029689518 -0.00010152327050422 0.00032141580525828 0.00062130359138333 -9.9587443335484e-05 0.00031299280554776 0.40233443799904 0.04101219330882 4 5 4 4 1
49.01424419411 8.4169847313474 113.9002532959 -0.005934 0.014558 2.1324933267949 0.016400007935025 0.016828536919793 0.0049199409715057 0.022977301198842 -0.0091662072252413 -0.14609447619101 -0.063348732729653 9.8110137321221 -0.0034554325937697 -0.0050692663635508 9.8123040215645 0.00019041084864533 0.00020729490516268 0.00050171106643436 0.00019763066704385 0.00021027581717402 0.00049761886262719 0.40233443799904 0.04101219330882 4 5 4 4 1
49.014245630121 8.4169860261692 113.72800445557 -0.006332 0.014296 2.1253843267949 -0.0052398166865754 -9.2558223407141e-05 -0.004405977279452 -0.0028375575467843 -0.0033081840584611 -0.14602323422161 -0.064514842726459 9.8066683910938 -0.0057703459576739 -0.0023730821193313 9.8079657712137 9.1210076785028e-05 -0.00010522882584645 0.00090307016772024 0.00010413180757379 -9.9488757925671e-05 0.00090232026999554 0.40233443799904 0.04101219330882 4 5 4 4 1
49.014244891353 8.4169858048272 113.81635284424 -0.0062 0.014414 2.1287713267949 0.00069562722260866 0.0061823252946326 -0.0026830294060905 0.0056130952869592 -0.004951546236783 -0.137782463742 -0.058232513408407 9.807225793406 0.0035643566110841 0.0026147821247391 9.8083658125445 3.3801515373058e-05 -7.2632329243513e-05 0.00013801581011605 3.5805800062148e-05 -7.1733517853224e-05 0.0001379873488875 0.40233443799904 0.04101219330882 4 5 4 4 1
49.014244688124 8.4169854409885 113.85802459717 -0.006054 0.014422 2.1306893267949 0.0099308552091892 0.0089485923475368 0.0036626095399736 0.012856305106441 -0.0061783962602132 -0.13693231715831 -0.06419188632031 9.8124639210817 0.0049220829431387 -0.0048571566309005 9.8136273670989 -3.9248839792496e-05 -0.0005923328958749 -0.00011050043582419 -4.0749737684116e-05 -0.00059298300791897 -0.00010630484642088 0.40233443799904 0.04101219330882 4 5 4 4 1
49.014246025531 8.4169865219508 113.66237640381 -0.006401 0.014262 2.1229373267949 -0.0086780909807835 -0.000466688601696 -0.0071436610405033 -0.0049492557738395 -0.0029435928640153 -0.14161385996768 -0.061788755881977 9.8094472437223 -0.0020092933683511 0.00092625909298434 9.8106636922369 -9.8479486463659e-05 0.00048508370974606 0.00035836348723672 -9.3421803889639e-05 0.00048736699858425 0.00035659160531433 0.40233443799904 0.04101219330882 4 5 4 4 1
49.014245463135 8.4169859821224 113.75107574463 -0.006376 0.014319 2.1257353267949 -0.0057407308569154 0.00056589054042741 -0.0051775251042095 -0.0025435391490907 -0.0026828529655067 -0.13901221691647 -0.060567511477842 9.8071840652556 0.0013655950322023 0.0019297871856887 9.8083558664836 -2.4650265888501e-05 0.00010102049620638 0.00052344488666957 -1.7146801153995e-05 0.00010436197810141 0.00052309242918403 0.40233443799904 0.04101219330882 4 5 4 4 1
49.014245142039 8.4169859388434 113.78188323975 -0.006381 0.01431 2.1262923267949 -0.0078276297150433 0.0017671487430621 -0.0075828934271165 -0.0026257398603575 -0.0022500768132352 -0.14151852539352 -0.063011086535974 9.806144786933 -0.0013237774207995 -0.00049287262790222 9.8073680198538 -0.00011574461556484 0.00024786972763551 0.001743647951775 -9.0827151047349e-05 0.00025902673115279 0.0017435158325518 0.40233443799904 0.04101219330882 4 5 4 4 1
49.014244185346 8.4169850146507 113.90746307373 -0.005946 0.014453 2.1316163267949 0.012588464636302 0.016524078299299 0.0018709303954792 0.020688505718573 -0.007321947156368 -0.14243089867822 -0.064706218279111 9.8103753576296 -0.00066965519363478 -0.0063378073927794 9.8116205810437 6.1241510309697e-06 -4.1664065792484e-05 0.00047511524360302 1.3000566466751e-05 -3.8844868882806e-05 0.0004752193992421 0.40233443799904 0.04101219330882 4 5 4 4 1
49.014244563905 8.4169853610588 113.87089538574 -0.006097 0.014394 2.1309893267949 0.010147762390572 0.0096984194497214 0.0034438523744977 0.013607946199061 -0.0061754433419498 -0.14654665965142 -0.064914698742317 9.8101000648469 -0.0049330080557143 -0.0054348295154833 9.8114065805572 -0.00058406162320975 -0.00069738749122836 0.0012220441513253 -0.00056631862975875 -0.00068993448741589 0.0012345824321907 0.40233443799904 0.04101219330882 4 5 4 4 1
49.014246010596 8.4169864818116 113.6646194458 -0.006394 0.014245 2.1230663267949 -0.0088602732413465 -0.00050083355728777 -0.0072805342907216 -0.0050743460076562 -0.0031290781419624 -0.14172508466386 -0.062896396680424 9.8048143487366 -0.0021687178736767 -0.00021187129074876 9.8060401705054 1.2437674500992e-05 0.00012197067707422 0.0011007961490477 2.8075735397095e-05 0.00012899769216535 0.0010997014840979 0.40233443799904 0.04101219330882 4 5 4 4 1
49.01424500061 8.4169859494519 113.80144500732 -0.00631 0.014281 2.1267533267949 -0.0079107420012568 0.0029795151796174 -0.0082919938098608 -0.0016432772574926 -0.0020446369612206 -0.14361321437256 -0.063640904602636 9.8073982041355 -0.0035625477539756 -0.0014776588114221 9.8086553818048 0.00045308669184163 -2.7224500874743e-05 0.00052076774734368 0.00046048474224652 -2.3933548001151e-05 0.00051443070380035 0.40233443799904 0.04101219330882 4 5 4 4 1
49.014245828376 8.4169861471556 113.69244384766 -0.006342 0.014309 2.1245343267949 -0.0058701496062779 -0.00071461785977735 -0.0046176116948326 -0.0036942077867257 -0.0041259676770101 -0.14223057768345 -0.066906099428774 9.8089132848541 -0.0017500126692289 -0.0045910939858336 9.8101718407179 0.00018560377990305 -0.00031040802528497 0.00056111601719193 0.00019365324483819 -0.00030683296498129 0.00056034400690801 0.40233443799904 0.04101219330882 4 5 4 4 1
49.014244971966 8.41698593764 113.80472564697 -0.006316 0.014299 2.1269343267949 -0.0074412187906363 0.0034032256751544 -0.0081165540322686 -0.0010372077152711 -0.0019945170906018 -0.13823258385569 -0.063485407591326 9.8094570868914 0.0020315305182202 -0.0013621554896286 9.8106365412425 0.00026153953509856 -9.0729049302949e-05 0.00038657591053376 0.00026707129754831 -8.8290899323757e-05 0.00038338314514555 0.40233443799904 0.04101219330882 4 5 4 4 1
49.014246118277 8.4169866783266 113.64890289307 -0.006417 0.014222 2.1227183267949 -0.0084624943152401 -0.00024797782247283 -0.0070760305603073 -0.0046481265503808 -0.0029766781692247 -0.14092013984343 -0.065189617219592 9.8114641920549 -0.0013531640168947 -0.0021092606614557 9.8126923436141 0.00023815903757865 -0.00010771132942773 0.0006291900488096 0.00024710256921731 -0.00010365135597015 0.00062642900108545 0.40233443799904 0.04101219330882 4 5 4 4 1
49.014244176667 8.4169850380238 113.9105758667 -0.005922 0.014427 2.1316263267949 0.011868468721897 0.015852794539406 0.001618481039324 0.019737073878058 -0.0068988739245379 -0.14362835744295 -0.060920429352833 9.8080881705176 -0.0021269485985051 -0.0023841913777001 9.8093278248802 0.0007845418205835 -4.8087546224648e-05 0.0006275689935119 0.00079351901650248 -4.43736842112e-05 0.00061644565499639 0.40233443799904 0.04101219330882 4 5 4 4 1
49.014245040124 8.4169859482605 113.79573059082 -0.006317 0.014286 2.1265473267949 -0.0077406464213625 0.0028060974172867 -0.0080562928316666 -0.001699490642566 -0.002048519747524 -0.13451671939579 -0.058791057720589 9.8092081180294 0.0056896945970042 0.0034883777010216 9.810304217909 0.00055241863793345 -0.00013489294348466 0.00056790255369797 0.0005605030312656 -0.00013125705908534 0.00056078120064649 0.40233443799904 0.04101219330882 4 5 4 4 1
49.014245204497 8.4169859492047 113.77590942383 -0.006386 0.014261 2.1261333267949 -0.0074062231382453 0.0015325303297345 -0.0071013322006717 -0.0026022971104483 -0.0021789214947414 -0.14178335768357 -0.063191641868517 9.8085270318985 -0.0016230590217971 -0.00070207835838123 9.8097549724463 -0.00024350031295401 -0.00045391081461787 0.00075280037063999 -0.00023268446960983 -0.00044910779458748 0.00075909740109823 0.40233443799904 0.04101219330882 4 5 4 4 1
49.014244895668 8.4169858308244 113.81527709961 -0.006183 0.014385 2.1285313267949 -0.0010676741088383 0.0056999416682505 -0.0039224189198384 0.0042713774496425 -0.0043704902091188 -0.13874030988227 -0.064517913469756 9.8090929581266 0.0023023756688866 -0.0034377645655596 9.8102857290369 0.00071984947137144 2.1585250084236e-05 0.00069160546656816 0.00072967256803992 2.5912992030374e-05 0.00068101918380168 0.40233443799904 0.04101219330882 4 5 4 4 1
49.014244922289 8.416985874198 113.80837249756 -0.006252 0.014377 2.1282483267949 -0.0031530536635092 0.0049736184527042 -0.0053065716163473 0.0025534365229541 -0.0039044510876779 -0.14535619418451 -0.064194135180455 9.811959585538 -0.0044533916009806 -0.0026883363922126 9.8132447549462 0.00019628155955445 0.0001786804030979 0.0012840594071744 0.00021469720155338 0.00018669501514839 0.0012799542997005 0.40233443799904 0.04101219330882 4 5 4 4 1
49.014244597134 8.4169853746437 113.86854553223 -0.006015 0.014411 2.1309943267949 0.0099800728186916 0.0093431197767758 0.0034909128169072 0.013217753880766 -0.0061171192033357 -0.14334952262509 -0.065429479038268 9.8083811269695 -0.0017316730331293 -0.0061127535027893 9.8096448963613 0.00058325899117318 -0.0004742586606644 0.0011825448424785 0.00060031209697543 -0.00046712020311838 0.0011768206515841 0.40233443799904 0.04101219330882 4 5 4 4 1
49.014245387004 8.4169859575862 113.76139068604 -0.006354 0.0143 2.1258283267949 -0.0060908544061368 0.0006054436114387 -0.0054956801723554 -0.0026949284821985 -0.0023559429552524 -0.14263961889656 -0.064463643638444 9.8078696393857 -0.0022453349873897 -0.002079490899802 9.8091179392764 0.00016794402991938 -0.00020165846082161 0.00035106234649287 0.00017296931811004 -0.00019939828768855 0.00034991095847823 0.40233443799904 0.04101219330882 4 5 4 4 1
49.014244007524 8.416984284065 113.93455505371 -0.005959 0.014596 2.1345933267949 0.01820034994031 0.013336268323368 0.0082600570844033 0.020997254358202 -0.0087240775763945 -0.14682594873829 -0.068104957073198 9.8102848136098 -0.0036288222363804 -0.009557232577919 9.8116144399091 0.00027718235054831 -8.6328777155128e-05 0.00068226417492282 0.0002871106592274 -8.2221981625674e-05 0.00067865346348684 0.40233443799904 0.04101219330882 4 5 4 4 1
49.014244773706 8.4169855667632 113.84518432617 -0.00607 0.01443 2.1301613267949 0.0082301693593268 0.0087805420443394 0.002317782931204 0.011809439601504 -0.0060401623746163 -0.14080702709896 -0.064795954233041 9.8087494056283 0.00093773911180025 -0.005209494825668 9.8099722232971 0.00010399266482163 -0.00047038571905897 0.00079712695330535 0.00011558694690843 -0.00046552445515222 0.00079839810138444 0.40233443799904 0.04101219330882 4 5 4 4 1
49.014244468374 8.4169852414075 113.88174438477 -0.006067 0.014441 2.1312323267949 0.011431041176689 0.011114651760355 0.0037738596807278 0.015490713122993 -0.006685564174348 -0.14325789175905 -0.065899919385869 9.8089056042571 -0.0017360217342144 -0.0065272924088261 9.8101706973041 -0.00025127156557485 0.00019997751265643 -0.00043389255649668 -0.00025753369273927 0.00019733896496035 -0.00043144140269161 0.40233443799904 0.04101219330882 4 5 4 4 1
49.01424486809 8.4169857243952 113.82889556885 -0.006138 0.014429 2.1293703267949 0.0052154052831213 0.0079719533494001 0.00019838682090294 0.0095243821112014 -0.005785570152767 -0.13643414253912 -0.061534542196676 9.8075644290387 0.0051242536846592 -0.0014188046128224 9.8087052153755 -0.00021423159407765 -0.00018825562069938 0.000862161397313 -0.00020178923443736 -0.00018297018702267 0.00086629452774867 0.40233443799904 0.04101219330882 4 5 4 4 1
49.014245260997 8.4169859523891 113.7723236084 -0.006372 0.014318 2.1260933267949 -0.0069549993526895 0.0012435338052128 -0.0065657266288492 -0.0026095657133845 -0.0020960946070173 -0.13893149448948 -0.062119584438478 9.8074942131024 0.0013865634367498 0.0004953028884548 9.8086749257042 0.00023514671093706 0.00028197758377604 0.0011006757997397 0.00025085970927536 0.00028897627571426 0.0010953843250035 0.40233443799904 0.04101219330882 4 5 4 4 1
49.014245904609 8.4169862713142 113.67749786377 -0.006359 0.014282 2.1237743267949 -0.0074500546909266 -0.00083038596797337 -0.0059042667198705 -0.0046187279751804 -0.0035886942053364 -0.13951701301102 -0.064686013455752 9.8029148509357 0.00033594954322664 -0.0021737598958119 9.8041208592155 0.00025605967013936 0.00011477794475325 0.00077182976568401 0.00026701864097549 0.00011970424759653 0.00076735978011593 0.40233443799904 0.04101219330882 4 5 4 4 1
49.014245081662 8.4169859454436 113.78942108154 -0.006345 0.014321 2.1264403267949 -0.00779821766239 0.0024304078407576 -0.0079073406437855 -0.0020478279731294 -0.0022469665852276 -0.14412539117041 -0.067832234317587 9.8108030243515 -0.0038588685047706 -0.0054295985249114 9.8120936188783 0.00022361781340944 0.00042203033566519 0.001206876319851 0.00024083522866621 0.00042969206385419 0.0012008547862549 0.40233443799904 0.04101219330882 4 5 4 4 1
49.01424585661 8.4169861896477 113.68740081787 -0.006351 0.014251 2.1243393267949 -0.0063392818273486 -0.001023358638739 -0.0048553679506053 -0.0042022369011418 -0.0039089548944854 -0.13411403655931 -0.063882866793114 9.8096518726153 0.0059981725570911 -0.0016414223549504 9.8107748787264 -0.00013586119775123 -0.00066401500353994 0.0014645028139251 -0.00011491021572074 -0.0006547067899303 0.0014704905360218 0.40233443799904 0.04101219330882 4 5 4 4 1
49.014245682575 8.4169860505164 113.71971893311 -0.006338 0.014309 2.1252833267949 -0.0051448351722216 -0.00032585048316837 -0.0042026993503306 -0.0029854721201326 -0.0033260675738295 -0.14082099049068 -0.066506270611949 9.8134740626086 -0.00035727558165539 -0.004097438912431 9.8147086406295 0.00037385444463292 -9.0786529774482e-05 0.00081722256169292 0.00038552195100529 -8.5587021561579e-05 0.0008123379899471 0.40233443799904 0.04101219330882 4 5 4 4 1
49.014244890009 8.4169858109909 113.81648254395 -0.0062 0.014392 2.1286953267949 -0.00021799181732126 0.0060211127642614 -0.0033720931424541 0.0049930884106794 -0.0046256435953766 -0.1451147243136 -0.063462160504756 9.8083920589176 -0.0037896504540914 -0.0024944848830485 9.8096697515385 0.00019226690842161 -0.00043067555906917 0.00084743645915518 0.00020450910152315 -0.00042538645792679 0.00084726851827626 0.40233443799904 0.04101219330882 4 5 4 4 1
49.014244534735 8.4169853385934 113.87317657471 -0.00607 0.014433 2.1310653267949 0.010392375412231 0.010117183987702 0.0034277975826032 0.0140928711131 -0.0062784722126875 -0.13894970585081 -0.06465925054227 9.807364851457 0.0025373759133666 -0.0051599522977521 9.8085606058646 -3.8912100732635e-05 0.00012453994627313 0.0013194884651296 -1.9878802963114e-05 0.00013254867260641 0.0013191150468997 0.40233443799904 0.04101219330882 4 5 4 4 1
49.014244866245 8.4169857318982 113.82689666748 -0.006127 0.014426 2.1293063267949 0.0040954821633382 0.0076291103615224 -0.00056863573765746 0.008640237471358 -0.0055910522995732 -0.1450585993138 -0.065466094594648 9.8091549106515 -0.0035689931632814 -0.005246357953827 9.8104438127545 8.118137001909e-05 -0.00011654286275366 0.0018576825260436 0.00010797162283625 -0.00010516774722496 0.0018569944357249 0.40233443799904 0.04101219330882 4 5 4 4 1
