49.014237007371 8.4169882418596 115.8974609375 -0.006772 0.013943 1.8492153267949 0.012909989294784 -0.020409016737254 0.018018324363664 -0.016079078617113 -0.017154070592568 -0.13352287390227 -0.066056001644467 9.8076089926637 0.0032014079277611 0.00073224833852845 9.8087397049043 0.0006490396398153 0.00013191555876059 0.00068846292638461 0.00065855430012047 0.00013659237192407 0.00067842041355362 0.39401142115426 0.038183766184074 4 5 4 4 0
49.014236922873 8.4169853084131 116.10916900635 -0.006985 0.013983 1.8627873267949 0.0098225432669031 -0.012173300223871 0.012906411692619 -0.0088373394328537 -0.013946566990211 -0.1361071960878 -0.076193501001854 9.8065290368573 0.00074990361505307 -0.0078828571542796 9.8077659521815 -0.00028558354775504 0.00061728949752209 0.00014288407536946 -0.00028365909163235 0.00061827958214617 0.00014251335868846 0.39481641303269 0.038183766184074 4 5 4 4 0
49.014236920813 8.41698880264 115.86952209473 -0.006794 0.013875 1.8498573267949 0.010418066213192 -0.018990507315512 0.015248222462153 -0.015383993990174 -0.017145998595766 -0.13320909723584 -0.063655526716245 9.8097293866721 0.0027379378309691 0.0029490266492404 9.8108390831942 -5.9557849886937e-05 0.00029989543054273 -0.00048320384799926 -6.6271037148265e-05 0.00029659676341762 -0.00048433779442785 0.39401142115426 0.038183766184074 4 5 4 4 0
49.014236918532 8.4169886383976 115.88005065918 -0.006822 0.013867 1.8501583267949 0.010662397475006 -0.019496776846606 0.015623813758713 -0.015802167021612 -0.016928342264064 -0.1319820211249 -0.062590234378141 9.8094877809193 0.004048413732445 0.0041644654460814 9.8105736522203 -0.00032424237959569 5.2047692905972e-05 0.0004864773204095 -0.000317441170857 5.5367450576336e-05 0.00049056183444868 0.39401142115426 0.038183766184074 4 5 4 4 0
49.01423684412 8.4169860417389 116.06158447266 -0.006854 0.013969 1.8563663267949 0.0082671300130248 -0.016409948995756 0.012559757712117 -0.01341224451012 -0.014815682659044 -0.1402104538181 -0.068083891767918 9.8119018748951 -0.0031709110901428 -0.00036622067518672 9.8131390644573 0.00079861224734828 -2.3774706375754e-05 0.00087413331443498 0.0008107690893943 -1.7821210938061e-05 0.00086300712608356 0.39401142115426 0.038183766184074 4 5 4 4 0
49.014236760844 8.4169898369372 115.80348968506 -0.006676 0.013709 1.8518173267949 0.0062324252364856 -0.01374196286935 0.0097968812795083 -0.011476409975906 -0.019054254382229 -0.13273167748386 -0.065360210501231 9.8088768640926 0.0020233609858921 0.00022181602348742 9.809992220337 0.00017847061723519 -0.00036671019286013 -0.00010942701231373 0.00017700077519773 -0.00036743551735669 -0.00010939634313685 0.39481641303269 0.038183766184074 4 5 4 4 0
49.014237060376 8.4169873434414 115.93575286865 -0.00683 0.014041 1.8482793267949 0.014758677009986 -0.021032095180226 0.019952908668555 -0.016187918937391 -0.01804471387679 -0.13631106494911 -0.069106336619375 9.8088980414761 0.0013189847544804 -0.0017984714337472 9.8100881856023 0.000568665934988 0.00027288712126585 -5.1702186882837e-05 0.00056783770708942 0.00027252025372053 -6.1575289630055e-05 0.39401142115426 0.038183766184074 4 5 4 4 0
49.014236922245 8.4169886960795 115.87552642822 -0.0068 0.01389 1.8501653267949 0.010566159540933 -0.019249155770521 0.015464439894307 -0.015589257885364 -0.017088697945948 -0.13796450415501 -0.063412579698207 9.8077354933323 -0.0020120977829392 0.0031684081190167 9.8089104728923 -0.00021258729441668 0.00053019586197613 -8.4694550898916e-05 -0.00021374552671743 0.00052962478767038 -8.5354581416379e-05 0.39401142115426 0.038183766184074 4 5 4 4 0
49.014237046726 8.4169874640318 115.93237304688 -0.006819 0.014018 1.8486093267949 0.014554354162364 -0.021032464576709 0.019762957785313 -0.016236368435414 -0.017802699232389 -0.13748633051727 -0.0657750871904 9.8048599042955 -0.0001255927676322 0.0011629344677505 9.8060441321812 0.00014864954788124 0.00022557723834347 -0.0002876496695592 0.00014461316084576 0.00022361103782911 -0.00029122015315192 0.39401142115426 0.038183766184074 4 5 4 4 0
49.01423698447 8.4169852679532 116.11057281494 -0.007021 0.013983 1.8616753267949 0.01047050001059 -0.012739420081118 0.013682063348083 -0.0092049663349475 -0.014063687815175 -0.13298301706576 -0.066993244004286 9.8085076406179 0.004080051818417 0.001399330131322 9.8096370102369 -0.00080799103961501 0.00027133803599113 -0.00083454794896944 -0.00081961310912502 0.00026551771573813 -0.00082505194663737 0.39481641303269 0.038183766184074 4 5 4 4 0
49.014236948357 8.4169884702197 115.88906860352 -0.0068 0.013881 1.8497733267949 0.011774846506352 -0.01987897881588 0.016790203926927 -0.015871739979285 -0.017037140187037 -0.13821041376966 -0.063993560059283 9.8072349662828 -0.0017617288992158 0.0028200990675133 9.8084172438512 0.00029196270963814 -0.00042012994834327 0.00094532477407663 0.00030509310112353 -0.00041369248062992 0.00094403343401582 0.39401142115426 0.038183766184074 4 5 4 4 0
49.014236927986 8.416988538603 115.88565826416 -0.006805 0.013849 1.8499723267949 0.011024345325109 -0.019775104020287 0.016045150362286 -0.015973310706142 -0.016960772484243 -0.14085412131007 -0.067719391824179 9.8090316616116 -0.004806537731672 -0.00092504635624284 9.8102752936419 0.00012576920774561 -0.00028344480308761 -5.7051330003261e-05 0.0001250157867955 -0.00028383264732577 -5.6853753596639e-05 0.39401142115426 0.038183766184074 4 5 4 4 0
49.014236891333 8.4169892037954 115.83879852295 -0.006714 0.013832 1.8500123267949 0.0095391543305733 -0.017368839045882 0.013956186050906 -0.014067586052083 -0.018116717927198 -0.13703903027347 -0.0641478642932 9.8047849679958 -0.0014663441505071 0.0019927136749155 9.8059522730144 0.00058682399095881 0.00013318452328669 0.00016272573016351 0.00058900833662611 0.00013423726174169 0.00015368755289506 0.39481641303269 0.038183766184074 4 5 4 4 0
49.01423702291 8.4169879995485 115.90993499756 -0.006877 0.013958 1.8484873267949 0.013075209919686 -0.021394053259996 0.018441883325936 -0.016987193086561 -0.017011492150997 -0.13391812217602 -0.060359354286391 9.8049996969404 0.0027987199088565 0.0068628465138869 9.8060971409229 -0.00040594610395093 0.00021164615191236 -0.0002813174722496 -0.00040987434224358 0.00020970487074885 -0.00027706911331259 0.39401142115426 0.038183766184074 4 5 4 4 0
49.014236990155 8.4169883599577 115.8922958374 -0.006806 0.013889 1.8494213267949 0.0124631078382 -0.020048016503976 0.017494296087931 -0.015849367479675 -0.017169517624293 -0.13776728272802 -0.065601990587806 9.8105187020212 -0.0011896348277742 0.0011643042732869 9.8117049203442 1.2146965577473e-06 -0.00050026738984122 0.00013335444120658 3.1120171944371e-06 -0.00049936043907794 0.00013671857162023 0.39401142115426 0.038183766184074 4 5 4 4 0
49.014236829461 8.4169853990192 116.10340881348 -0.006975 0.013931 1.8634723267949 0.0070832568113357 -0.0133612860675 0.01063613908945 -0.010750372289588 -0.014270960192291 -0.1406396655568 -0.068585433374406 9.8086846740565 -0.0039756196371526 -0.00020616979460483 9.8099322102247 1.9385142911432e-05 6.0926131318109e-07 1.477761209318e-05 1.9603853217561e-05 7.4622901551652e-07 1.4485674733725e-05 0.39481641303269 0.038183766184074 4 5 4 4 0
49.014236889825 8.4169862531758 116.04074859619 -0.006822 0.013974 1.8545063267949 0.0098138254526679 -0.015937601143615 0.013885755739951 -0.012550213992217 -0.015865657434926 -0.13310405333425 -0.06095539272983 9.8067315181856 0.0040802443335041 0.0063447674504784 9.8078214187471 0.00070576667150617 -0.00026959334720185 -0.00068178553209882 0.00069617345810906 -0.00027425487400284 -0.00068971526136721 0.39401142115426 0.038183766184074 4 5 4 4 0
49.014236724105 8.4169855503331 116.1076965332 -0.006945 0.013953 1.8635273267949 0.0055155891684346 -0.014679130894551 0.0095186837205373 -0.012461649722364 -0.01326808452396 -0.13297995658986 -0.056655446369136 9.8032247706606 0.0037260189300175 0.011651078089507 9.8042827380563 0.00040176203685232 0.00014159198415096 0.00011277871933041 0.00040328948296345 0.00014235015889369 0.0001062058733662 0.39481641303269 0.038183766184074 4 5 4 4 0
49.014237035857 8.4169866998226 115.99935913086 -0.006784 0.014063 1.8507113267949 0.013499977911504 -0.016136096231506 0.017437225570537 -0.011771653857617 -0.017079313494107 -0.13807737823498 -0.062382885760147 9.8085628662103 -0.00012533568835975 0.0044051801278481 9.8097318984571 0.00044826687056768 -9.7080836124599e-05 0.00023578072207165 0.00045152238572361 -9.5499720514968e-05 0.00023009206726463 0.39401142115426 0.038183766184074 4 5 4 4 0
49.014237095784 8.416987121935 115.94106292725 -0.006867 0.014043 1.8481303267949 0.015259781192565 -0.019462591978644 0.020009987783248 -0.014534511792204 -0.019104839621206 -0.13057934957085 -0.060431524160085 9.8095868530308 0.0070310620087664 0.006721639866997 9.8106370327932 -0.00025406490149726 0.00023898021129011 1.6475576709154e-05 -0.00025382619159076 0.00023910645975835 1.8411583465832e-05 0.39401142115426 0.038183766184074 4 5 4 4 0
49.014236792669 8.4169897315591 115.80855560303 -0.006674 0.013771 1.8513983267949 0.007057875879702 -0.014483036995306 0.01079033507147 -0.011964185023665 -0.018971825557389 -0.13606380064077 -0.061399761743118 9.80684143849 -0.0011121589111868 0.0042196601808379 9.807976418033 0.00027916511326441 0.00031342270009381 -0.00031607312596535 0.00027480935816095 0.00031130754910065 -0.00032195669728007 0.39481641303269 0.038183766184074 4 5 4 4 0
49.014237036151 8.416986780186 115.99217224121 -0.006779 0.014068 1.8506633267949 0.013951293791421 -0.016141020404222 0.0178667219614 -0.011659916982248 -0.017468978943412 -0.12856300957732 -0.063948125909044 9.8082067800021 0.0094263616857788 0.0027904578776324 9.8092527479925 0.00048838829137748 1.8232260298164e-05 0.00023804874212752 0.00049168908449582 1.9877421063155e-05 0.00023103055142623 0.39401142115426 0.038183766184074 4 5 4 4 0
49.014236732389 8.4169858106122 116.08843231201 -0.006915 0.013944 1.8607033267949 0.0060006341452447 -0.01520774668686 0.010098753245468 -0.012856853716236 -0.014040021774872 -0.13427495775348 -0.065876014123456 9.8056604393434 0.0023141258138732 0.001985117492941 9.8068008343721 0.00016371670921004 0.00024258228348313 -0.00017282641945609 0.0001612430443582 0.00024140876914102 -0.00017675019221259 0.39481641303269 0.038183766184074 4 5 4 4 0
49.014237006145 8.4169878782632 115.91763305664 -0.006892 0.013973 1.8487773267949 0.012775298148849 -0.021391208398278 0.0181583416862 -0.01706070062572 -0.016715872405799 -0.14131014496487 -0.065259401129208 9.8076746019236 -0.0045063505061939 0.002089354626887 9.8089085422138 -0.00045250041431893 0.00037484937295704 -3.3975106878422e-05 -0.00045296044134428 0.0003746375164029 -3.0250434144432e-05 0.39401142115426 0.038183766184074 4 5 4 4 0
49.014236731372 8.4169857207596 116.0961227417 -0.006904 0.013942 1.8617233267949 0.0055370947362532 -0.014585853602616 0.0094942223443318 -0.012380174578012 -0.013586711982647 -0.13515113837572 -0.064515807028385 9.805783473566 0.0016263880988303 0.0036522832865161 9.8069264171076 0.00077737357803517 -0.00019659428354442 0.00032268365849171 0.0007818129848453 -0.00019432672613694 0.00031320403672473 0.39481641303269 0.038183766184074 4 5 4 4 0
49.014236736539 8.4169858097482 116.08875274658 -0.006946 0.013933 1.8604573267949 0.0060565060017771 -0.015615018580282 0.010266281447373 -0.013233046145509 -0.013753226997248 -0.13129460462837 -0.063892721081223 9.8107750043207 0.0053782682879084 0.0039805835306347 9.8118591783915 -0.00043025254293487 5.9997408021965e-06 0.00034907939702816 -0.00042534259118017 8.3915769330156e-06 0.00035500233651658 0.39481641303269 0.038183766184074 4 5 4 4 0
49.014236853945 8.4169893854194 115.83046722412 -0.006674 0.013825 1.8503663267949 0.0089340778546381 -0.016848302096607 0.013233691360402 -0.013731487537652 -0.018301734951754 -0.13557915020925 -0.067815540163394 9.8055089744832 -5.127905545036e-05 -0.0019728651009896 9.8066804631904 0.00069111360832164 0.00023204949418607 -0.00041696924530086 0.00068526426923175 0.00022927081247834 -0.00042801154799231 0.39481641303269 0.038183766184074 4 5 4 4 0
49.014237086195 8.4169870644405 115.94486999512 -0.006854 0.014029 1.8488173267949 0.015040152086361 -0.018856462306469 0.019640831152046 -0.014000324308674 -0.019023168502593 -0.13322693256626 -0.062317128507979 9.8058018567204 0.0045328961365429 0.0046392824231355 9.8069023166052 -0.00037402668318875 -0.00037066490761175 -9.6811867235047e-05 -0.00037527473598853 -0.00037132678511795 -8.8995260600315e-05 0.39401142115426 0.038183766184074 4 5 4 4 0
49.014236733869 8.4169855017704 116.10794830322 -0.006955 0.013914 1.8637003267949 0.0056228822017614 -0.014502110786867 0.009574255250087 -0.012258171700152 -0.013418175285374 -0.1391569197298 -0.076566754361103 9.8103702372861 -0.0024052666533959 -0.0080853753462683 9.8116524295298 0.00046973973432379 -0.00046360768748949 -0.00042671016989709 0.00046379664858186 -0.00046656794648038 -0.00042997941114376 0.39481641303269 0.038183766184074 4 5 4 4 0
49.014236746815 8.4169858569803 116.08613586426 -0.00696 0.013924 1.8596723267949 0.0062250807538085 -0.016143305064182 0.010570432781092 -0.013697574795382 -0.013603413162465 -0.14036358909313 -0.064053880046021 9.8058149242492 -0.0039084690977869 0.0039058970671475 9.807027081087 -0.00048881709916388 8.0739656886114e-05 0.000439405669785 -0.00048267040723372 8.3806782016066e-05 0.00044560762226652 0.39481641303269 0.038183766184074 4 5 4 4 0
49.014237030674 8.4169881322759 115.90155792236 -0.006836 0.013925 1.8486293267949 0.013357289525794 -0.020755529995538 0.018536547678552 -0.016297417559678 -0.017198639396037 -0.13216881523237 -0.062781521432971 9.8040706004951 0.0046364976523363 0.0042071680608398 9.8051608146301 -5.8455093846005e-05 -0.00048254628961569 0.00017788035898469 -5.589899623061e-05 -0.0004813105275291 0.00018197831590725 0.39401142115426 0.038183766184074 4 5 4 4 0
49.014237075844 8.4169872731644 115.93789672852 -0.006847 0.014031 1.8480543267949 0.014900203546425 -0.021263474831205 0.020149228163961 -0.016375588670165 -0.018131571200549 -0.1336343966128 -0.063873168829993 9.8052799486296 0.004021732144685 0.0034292477123946 9.8063971678132 0.00029681759022419 -9.0429203974189e-05 0.0013662094201345 0.00031596437379726 -8.105764927613e-05 0.0013625113778871 0.39401142115426 0.038183766184074 4 5 4 4 0
49.014237023733 8.4169868589487 115.98321533203 -0.00681 0.014067 1.8509373267949 0.013917730610409 -0.016323774296164 0.017888654633351 -0.011839134603044 -0.017605262353522 -0.1323484996366 -0.063432945106455 9.8084826146182 0.0056971766398821 0.0033058155988678 9.8095780402158 4.2428336430091e-06 -8.7680731324022e-05 -0.00040794405334239 -1.5168860250592e-06 -9.0443923326492e-05 -0.00040737021950662 0.39401142115426 0.038183766184074 4 5 4 4 0
49.014237020379 8.4169852266915 116.1120223999 -0.006915 0.013911 1.8611483267949 0.011034946016095 -0.012493447827245 0.01414657971114 -0.0088173464657249 -0.013818739839221 -0.13761671175931 -0.059501272989486 9.8085069831175 -0.00077676041334278 0.008409233903296 9.8096493690852 0.0002432907894667 -0.00055755970400493 -0.0012907172831265 0.000225350205469 -0.00056646242522093 -0.0012901156673821 0.39481641303269 0.038183766184074 4 5 4 4 0
49.014236901205 8.4169891298601 115.84513092041 -0.006773 0.013824 1.8499823267949 0.0099173738399523 -0.017785202818234 0.014432763466291 -0.014365353028087 -0.017903586006552 -0.14206559311587 -0.064508659590006 9.8103299733697 -0.00632409126412 0.0018642211995153 9.8115686970601 -0.00014918878067269 -0.00014299616605944 0.00059022528747029 -0.00014101917932255 -0.00013901690597437 0.00059320322015956 0.39481641303269 0.038183766184074 4 5 4 4 0
49.014236821538 8.4169859998534 116.06777191162 -0.006919 0.013959 1.8570223267949 0.0078281074203306 -0.016216875174868 0.012094780857201 -0.013341260734954 -0.014453084577456 -0.13211644473233 -0.060713518572374 9.8059466380371 0.0047958588337906 0.0071129635576352 9.8070207224033 -2.5751205283031e-05 -0.00013662208605874 -0.00060150858570519 -3.417724831285e-05 -0.00014077031717166 -0.00060012865853536 0.39401142115426 0.038183766184074 4 5 4 4 0
49.014237085269 8.4169871999164 115.93989562988 -0.006883 0.014071 1.8478243267949 0.015136348915481 -0.020997563407104 0.02030346583576 -0.0160553695714 -0.018272559931994 -0.14110957732391 -0.063785388014621 9.8081163465798 -0.003312449204844 0.0034981430434609 9.8093380102135 -0.00033131144235784 0.00041948830160492 -0.0010804770229374 -0.00034649576426434 0.00041207866446742 -0.0010785548173491 0.39401142115426 0.038183766184074 4 5 4 4 0
49.014236715751 8.4169856101896 116.1060333252 -0.006936 0.013957 1.8630883267949 0.0052366516665021 -0.015132313423947 0.0093780535419401 -0.012979222569962 -0.013481143352884 -0.14190865164898 -0.065009352547676 9.8055634950333 -0.0051443923067298 0.0030750552031868 9.8068038182505 0.00010383260904532 0.00015834854266558 -0.00019307050385712 0.00010111647299809 0.00015701321912612 -0.00019560658521468 0.39481641303269 0.038183766184074 4 5 4 4 0
49.014237029933 8.4169869487502 115.96990966797 -0.006823 0.014047 1.8506213267949 0.014064608810474 -0.017059088691068 0.018230920652626 -0.012508378341835 -0.018009610919175 -0.13153524323074 -0.064097152417441 9.8068825714223 0.0062595963310576 0.0026801837453157 9.807971811491 -0.00014904917283111 -7.6030549972461e-05 0.00089081231185559 -0.00013651453947175 -6.9939575136525e-05 0.00089331852427285 0.39401142115426 0.038183766184074 4 5 4 4 0
49.014236744659 8.4169854313876 116.10848236084 -0.007035 0.013952 1.8644793267949 0.0056633839307398 -0.015016183973373 0.0097658491182225 -0.012735432075928 -0.013923704664835 -0.13614242421267 -0.065840691111465 9.80279829897 0.00057496405230709 0.0025425470495677 9.8039645151097 -0.00098679381778568 0.0001370144488741 0.00072854441424362 -0.0009765574238582 0.00014214992487416 0.00074126154004139 0.39481641303269 0.038183766184074 4 5 4 4 0
49.014236993179 8.4169876217097 115.93376159668 -0.006869 0.013974 1.8492243267949 0.013298288874563 -0.021306232826292 0.018640696899979 -0.016832314749684 -0.016684996941016 -0.13640295077744 -0.062814814215391 9.806961174792 0.00070259755510614 0.0043264532345342 9.8081099917407 -0.00032962864719455 -2.0362379744349e-05 -0.00041478504173735 -0.00033538940313612 -2.3162884326736e-05 -0.00040997922672973 0.39401142115426 0.038183766184074 4 5 4 4 0
49.014236853935 8.4169853770636 116.10427093506 -0.006946 0.013918 1.8634363267949 0.0078679945048382 -0.013197231563175 0.011339696753473 -0.01036769134646 -0.014387219510173 -0.13346520156887 -0.059854139423616 9.8137143446654 0.0034044661427339 0.0082390799895306 9.8148007601901 -6.3113385745123e-05 -0.00046583556318986 0.00031982519609709 -5.8565012016663e-05 -0.00046357816896191 0.00032391666812787 0.39481641303269 0.038183766184074 4 5 4 4 0
49.014237024742 8.4169868271662 115.98796081543 -0.006802 0.01406 1.8509883267949 0.013823312348876 -0.016095222297735 0.017733898953412 -0.011646882933544 -0.017629923119834 -0.13946343445084 -0.065877922612533 9.8103041705692 -0.0013147444481925 0.00086310829138253 9.8115162859389 8.8671447667441e-05 -0.00031978124961833 -0.00078811523078105 7.758925160735e-05 -0.00032510811329383 -0.0007870900553295 0.39401142115426 0.038183766184074 4 5 4 4 0
49.014236832056 8.4169895044765 115.82367706299 -0.006727 0.013766 1.8507673267949 0.0082883892291661 -0.016177337657118 0.012433010345091 -0.01325990003414 -0.018518440047066 -0.13167221295688 -0.063861440390117 9.8050562283457 0.003633623304007 0.0020158117248836 9.8061475502805 -0.0002018366549543 -0.00047771893805553 0.00034081798864364 -0.00019708471147707 -0.00047539791938987 0.00034680137612042 0.39481641303269 0.038183766184074 4 5 4 4 0
49.014237044349 8.4169874857479 115.93266296387 -0.00687 0.014017 1.8487003267949 0.01432104096771 -0.021076707234244 0.019553108727314 -0.016340018182543 -0.017495317357203 -0.13420424780904 -0.063417152190515 9.8071873869356 0.0031561854243008 0.0036776269663309 9.8083093166308 -0.00046581382972211 0.00023153639107863 0.00029528858263489 -0.00046168150537863 0.00023357063382417 0.00030022029203941 0.39401142115426 0.038183766184074 4 5 4 4 0
49.014236816283 8.4169896454985 115.81414794922 -0.006741 0.013758 1.8510693267949 0.0076622840845376 -0.015166559561619 0.011556534365757 -0.012457208086225 -0.018750757466117 -0.13595230411818 -0.064483433019082 9.8109131733126 -0.0008387484375896 0.0013473519476406 9.8120664799371 -0.00061081492099629 -0.0001466908574389 -0.00017184741287336 -0.00061311240546762 -0.0001478020692538 -0.00016244955272446 0.39481641303269 0.038183766184074 4 5 4 4 0
49.014236791679 8.4169859810414 116.07289123535 -0.006931 0.013974 1.8579803267949 0.0070638684025265 -0.016051703313461 0.011327758412986 -0.01338815569198 -0.014098152666813 -0.13935005712741 -0.069032607233802 9.8066801152226 -0.0025123113403627 -0.001016747785037 9.8079128506367 3.7432155255932e-05 0.00026415503811501 0.00073849793070402 4.7716205361531e-05 0.00026927147948742 0.0007360440731303 0.39481641303269 0.038183766184074 4 5 4 4 0
49.014237073113 8.4169870344407 115.95024871826 -0.006804 0.014029 1.8491793267949 0.014878432655326 -0.018459168951434 0.019381794284378 -0.013654805575519 -0.018695690217062 -0.13519269760036 -0.066787907620868 9.8111243499827 0.0026487376838842 6.8870057404063e-05 9.8122828790608 0.00028267431384334 -0.00038661990735846 -0.00017529691043549 0.00028023392275086 -0.00038779802195118 -0.00017663346916007 0.39401142115426 0.038183766184074 4 5 4 4 0
49.014237013699 8.4169875664811 115.93427276611 -0.006878 0.014001 1.8490563267949 0.013823191410916 -0.021106120262312 0.019086118166897 -0.016500627585655 -0.017148407876404 -0.13412222533725 -0.066076646039961 9.8102413142944 0.0032812860962656 0.0011520257701182 9.811379927349 -0.00038067117918925 7.0778884190449e-06 0.00052993446537121 -0.00037322362865524 1.0730881527578e-05 0.000535147793505 0.39401142115426 0.038183766184074 4 5 4 4 0
49.014236790545 8.4169854228468 116.1040802002 -0.006944 0.013959 1.8639753267949 0.0072892939316505 -0.012959030999328 0.010720729836236 -0.01030220492126 -0.014469143861141 -0.12436579658686 -0.065468949546894 9.8082090465387 0.012385347489725 0.0028368695522052 9.8092080213273 0.00042366872090293 0.0003328987453697 0.0015689460121972 0.00044549057629594 0.00034380690774378 0.0015605147593289 0.39481641303269 0.038183766184074 4 5 4 4 0
49.014236854128 8.4169861203882 116.05461883545 -0.00687 0.013994 1.8557783267949 0.0086659246185496 -0.016364580885717 0.012921546492581 -0.013264047321847 -0.014960757929003 -0.13042056991456 -0.058940050383528 9.809846703768 0.0068773551461635 0.0086456737359698 9.8108843454233 0.0003009444883782 -6.0034323926048e-05 -0.00011351186205349 0.00029933788336117 -6.0822973435504e-05 -0.00011733100070217 0.39401142115426 0.038183766184074 4 5 4 4 0
49.014236911242 8.4169864142553 116.02729797363 -0.006851 0.014009 1.8539543267949 0.010513236006186 -0.015685856808052 0.014479189962786 -0.012121381437798 -0.016227277830163 -0.1382964012287 -0.064623775282077 9.8054563506687 -0.00075551375226552 0.0024740788151335 9.8066445537198 -0.00012918687723261 -0.00032469364835217 -4.011365224575e-05 -0.00012974627933497 -0.00032492436104061 -3.6062080117464e-05 0.39401142115426 0.038183766184074 4 5 4 4 0
49.014236916832 8.4169890244424 115.85333251953 -0.006744 0.01383 1.8497153267949 0.01030939928013 -0.018278249247422 0.014942781120282 -0.014734024714809 -0.017637013018449 -0.13000668654308 -0.063384647268548 9.8060980421805 0.0058363939174696 0.0029184431523562 9.8071626753083 0.00028604632687765 -0.00036367160131309 2.3042298828729e-05 0.00028637901953232 -0.00036349376059364 2.1544708831324e-05 0.39481641303269 0.038183766184074 4 5 4 4 0
49.014236974149 8.4169877271373 115.93075561523 -0.006858 0.013984 1.8494253267949 0.012494620257352 -0.021529008269991 0.017933495095979 -0.017262792698364 -0.016458850347489 -0.14122920783304 -0.067362794232559 9.807338255365 -0.0044094753329487 -0.00011358315093907 9.8085856743437 1.4524148839285e-05 0.00061736182717613 0.00057524861577582 2.250521851281e-05 0.00062125756396024 0.00057073340614614 0.39401142115426 0.038183766184074 4 5 4 4 0
49.014236766501 8.4169854278227 116.10629272461 -0.006922 0.013938 1.8642423267949 0.0065271860909314 -0.014238078853963 0.0103644697482 -0.011743471443557 -0.013857680764347 -0.14197078440378 -0.053049642773069 9.8087490882325 -0.0051606830689364 0.015097617456297 9.8099068274366 0.00052292319534813 -0.00012372709943119 0.0007984772421624 0.00053402306076293 -0.00011818341703616 0.00079196476652163 0.39481641303269 0.038183766184074 4 5 4 4 0
49.014236984618 8.4169865758567 116.01288604736 -0.006855 0.014064 1.8519543267949 0.012480896616985 -0.016080880857565 0.016455233637559 -0.011983163921251 -0.016567478971847 -0.1396682320635 -0.06374504712493 9.8079915031411 -0.0018404679915557 0.0032592328585994 9.8091925678718 -0.00037689668140421 0.00016978080062848 0.0005929456255204 -0.00036852752244739 0.00017383943829944 0.00059701824521309 0.39401142115426 0.038183766184074 4 5 4 4 0
49.014236736898 8.41698580175 116.08888244629 -0.006917 0.013914 1.8607853267949 0.0058812544045881 -0.015183283770416 0.0099816047254101 -0.012864274298874 -0.01382954610875 -0.13075335430751 -0.064194868517345 9.8107992953899 0.0058895089097654 0.0036941722010263 9.8118780443973 6.7877160185121e-05 -0.00031510219253151 -5.4766007650341e-05 6.7162388718307e-05 -0.00031546958225691 -5.3537454386748e-05 0.39481641303269 0.038183766184074 4 5 4 4 0
49.014237002546 8.4169866215563 116.00765991211 -0.006817 0.014064 1.8515973267949 0.012891238918056 -0.016203677593564 0.016880100533323 -0.011991975321003 -0.016835884595224 -0.1335593081941 -0.063978541411833 9.810565428123 0.0044299269129408 0.0028784803608011 9.8116815527224 -2.6453446725123e-05 -6.6123688960354e-05 0.0005740881854972 -1.8361270804591e-05 -6.2233026560805e-05 0.00057483766526472 0.39401142115426 0.038183766184074 4 5 4 4 0
49.014236897763 8.4169853214672 116.10665893555 -0.006928 0.013931 1.8631903267949 0.0089420203997891 -0.012415039084055 0.012138743178426 -0.0093139165290041 -0.014127365155734 -0.13850307383871 -0.059403058244694 9.8043838087345 -0.001863783816045 0.0086557159016838 9.8055378163242 0.00029941856093167 -2.4751312523981e-05 0.0004119917876403 0.00030511591550069 -2.1899623550513e-05 0.00040794428781695 0.39481641303269 0.038183766184074 4 5 4 4 0
49.01423692491 8.4169889328688 115.86042022705 -0.00676 0.013869 1.8495653267949 0.010463943804034 -0.018564568111982 0.015171039973675 -0.014965878790168 -0.017340312965532 -0.13651303769942 -0.065773260363125 9.8072674466069 -0.00050282347190085 0.00066016834079615 9.8084377769534 0.00026062455115627 1.8856717547314e-05 -0.00087287360285123 0.00024850596898291 1.2962785850946e-05 -0.00087650704632269 0.39401142115426 0.038183766184074 4 5 4 4 0
49.014236965965 8.4169865348699 116.01703643799 -0.006805 0.01401 1.8523723267949 0.011712347564542 -0.015744549242426 0.01563147892579 -0.011863102249797 -0.016582974947675 -0.13738361235671 -0.067636422977726 9.8093189962302 0.00037439168603948 -0.00061612547662583 9.8105143042145 0.00050796304564552 -0.00067133788193181 4.2151244084848e-05 0.0005086007168549 -0.00067101267629061 3.9560955894534e-05 0.39401142115426 0.038183766184074 4 5 4 4 0
49.014236901222 8.4169863356474 116.03316497803 -0.006838 0.014018 1.8543383267949 0.01027680182203 -0.015703686647144 0.014261166810002 -0.012199928074898 -0.016166916944494 -0.13466598771663 -0.062082926667626 9.8068432393769 0.0027115126182812 0.0051062723323655 9.8079627771795 0.00021896047279632 0.00015091298080686 0.00053775616528867 0.00022645072089273 0.00015458940564935 0.00053358761986631 0.39401142115426 0.038183766184074 4 5 4 4 0
49.014237041139 8.416986992848 115.96199798584 -0.006809 0.01405 1.8503163267949 0.014298708374665 -0.017412649050781 0.018550178581656 -0.012788442028031 -0.018258735220604 -0.13792399703986 -0.067755963568596 9.8069803142896 -3.5775337132906e-05 -0.00096000792736404 9.8081840012342 0.00010170938872326 -0.00021512789235386 0.00092640195360604 0.00011474025518041 -0.00020880858798829 0.00092629981615397 0.39401142115426 0.038183766184074 4 5 4 4 0
49.014237026826 8.4169868680137 115.97917938232 -0.006812 0.01404 1.8509833267949 0.013819387978212 -0.016786500562228 0.01792252448466 -0.012310378631806 -0.017895648538674 -0.13863418726064 -0.066028235015992 9.8087771763999 -0.00081478621114499 0.000819946231999 9.8099787038426 0.00013844445538462 -0.00015935233627533 -0.00010588035185564 0.000136929417255 -0.00016004259506811 -0.0001067251550243 0.39401142115426 0.038183766184074 4 5 4 4 0
49.014236975532 8.4169877004432 115.93222045898 -0.006843 0.013944 1.8494093267949 0.01284293910507 -0.021401361486242 0.018231905570295 -0.017045774841163 -0.016525035247665 -0.13232370463295 -0.065128388001353 9.8090698187059 0.0046748749013748 0.0020164203147786 9.8101775534366 5.225348070391e-05 -0.000316095092533 0.00014653166863209 5.4334111907876e-05 -0.00031507056689293 0.00014791315802723 0.39401142115426 0.038183766184074 4 5 4 4 0
49.014236876804 8.4169861867618 116.04730987549 -0.006941 0.013986 1.8550363267949 0.0092073670287189 -0.015950743942462 0.013315824078398 -0.012723872202252 -0.015502056137152 -0.13826186515374 -0.068182675727589 9.8072040238122 -0.0010559735660383 -0.00062014563837876 9.8084159112534 -0.00095321932450321 -0.00012154096598519 -0.00019100071385874 -0.00095577796424134 -0.00012282452420396 -0.00017678247534289 0.39401142115426 0.038183766184074 4 5 4 4 0
49.014237052655 8.4169874207706 115.93325042725 -0.006878 0.013985 1.8484193267949 0.014740339178566 -0.020951995029227 0.019917159695819 -0.016111181744096 -0.017884370966906 -0.13191819672006 -0.0614984296411 9.8054529833965 0.0054670801423953 0.0055475306078927 9.806529947329 -0.00071526608593573 -0.00039895350229212 -0.00011325732909834 -0.00071675754821111 -0.00039977794220766 -0.00010055407006545 0.39401142115426 0.038183766184074 4 5 4 4 0
49.014237034256 8.4169880703163 115.90563964844 -0.006837 0.013971 1.8484803267949 0.013329928954535 -0.021047062507765 0.018589339517072 -0.016586238214692 -0.016978725302549 -0.1381220358553 -0.07020836712732 9.8107063324074 -0.0010197805277613 -0.0029355368249834 9.8119294657035 0.00033109857525574 -8.3530616167535e-05 0.00082515766077063 0.00034259653018789 -7.7811556287973e-05 0.00082100176840394 0.39401142115426 0.038183766184074 4 5 4 4 0
49.014237081881 8.4169871775745 115.94132232666 -0.006844 0.014066 1.8479433267949 0.015340388916298 -0.020484632230221 0.020361198763807 -0.015503823808934 -0.018493763778514 -0.13074868311122 -0.061861962954653 9.8097694360539 0.0069412869333001 0.0054036327648508 9.8108315606459 0.00035308248846717 0.00056417175086559 7.2486068751172e-06 0.00035309417113453 0.00056419889849121 -1.5755430178454e-06 0.39401142115426 0.038183766184074 4 5 4 4 0
49.014236890237 8.4169862935492 116.03703308105 -0.006864 0.014036 1.8546283267949 0.0099810420123809 -0.015776117767856 0.013999632501587 -0.012349827581646 -0.015993927094998 -0.1365791240169 -0.069185465972316 9.8086452512981 0.00061218148008129 -0.0017338819366934 9.8098399936103 0.00021581655805384 0.00087611222443375 0.00077711986914855 0.00022659145324793 0.00088142236122718 0.00076794340282017 0.39401142115426 0.038183766184074 4 5 4 4 0
49.014236719077 8.4169856383593 116.10297393799 -0.006948 0.013951 1.8625793267949 0.0053170355222248 -0.014911283114513 0.0093853008580466 -0.012748894725937 -0.013241297751684 -0.13884287119393 -0.070544852858544 9.8138433640381 -0.001931629540772 -0.0021165394523901 9.8150784301002 0.00043935331141922 -1.7423051514004e-05 -0.0008267086899657 0.00042778223517312 -2.3225119405918e-05 -0.0008326143097237 0.39481641303269 0.038183766184074 4 5 4 4 0
49.014236937887 8.416986497286 116.02145385742 -0.006842 0.014062 1.8531463267949 0.010949684699795 -0.015757902280969 0.014911668155463 -0.012076897008943 -0.016474758834734 -0.13773217240618 -0.065419472088097 9.8051587467928 -0.00013868719481275 0.001673507343528 9.8063440856659 1.7232961587215e-05 0.00043187568460081 0.0009636164369989 3.0687662188428e-05 0.00043845437393866 0.00096030771722215 0.39401142115426 0.038183766184074 4 5 4 4 0
49.014236730239 8.4169857601247 116.09284210205 -0.006904 0.013911 1.8613463267949 0.0057637940950272 -0.014861326304613 0.009783055505076 -0.012584641963347 -0.013949987890707 -0.13246232167429 -0.06119963625939 9.8085943238379 0.0042322969531904 0.0066079166004618 9.8096765161549 0.00019377581316988 -0.00047389776175189 -0.00081578084014745 0.00018245591206113 -0.00047950890648086 -0.000815098525516 0.39481641303269 0.038183766184074 4 5 4 4 0
49.014236766489 8.4169859169289 116.08013153076 -0.006944 0.013933 1.8588733267949 0.0065403568081798 -0.016281196246406 0.010901767936532 -0.013747989096365 -0.013882513112102 -0.1313383902311 -0.063847332215227 9.8076909661586 0.0051691738685174 0.0042362749971738 9.8087758284624 -5.6687779254219e-05 0.00019024026390578 -4.4931305491377e-05 -5.7327663853051e-05 0.00018993603095449 -4.5459960360954e-05 0.39481641303269 0.038183766184074 4 5 4 4 0
49.014237059028 8.4169870214034 115.95519256592 -0.006822 0.014058 1.8495313267949 0.014690932358105 -0.018042659422364 0.019093495266265 -0.013296556041903 -0.018706896894265 -0.13515431057435 -0.062528858538621 9.8061437815741 0.0026821303886276 0.0042966898387069 9.8072729959691 1.8879776477896e-05 -3.0006770894377e-06 -0.00065375697498834 9.6734883199684e-06 -7.4492340199207e-06 -0.00065392588212005 0.39401142115426 0.038183766184074 4 5 4 4 0
49.014236988929 8.4169877807036 115.92497253418 -0.006823 0.013971 1.8491363267949 0.012616667890822 -0.021429090625416 0.018020942167835 -0.017135706417261 -0.016387222063475 -0.13073478792241 -0.062079950107585 9.811367943794 0.0061039233950866 0.0051884667191875 9.8124319771915 0.00059570473017127 0.00041022864251758 -0.0005987527562431 0.00058722968782533 0.00040614485149002 -0.000609822214044 0.39401142115426 0.038183766184074 4 5 4 4 0
49.01423709205 8.4169871451772 115.9408493042 -0.006862 0.014033 1.8480783267949 0.015434600622264 -0.020031452969559 0.02032920586612 -0.01504021767128 -0.018810576856246 -0.13565685280645 -0.067213961275542 9.8097386730602 0.0020179525022374 -2.4215226884308e-05 9.8109065890846 -0.00012856864546169 -1.0192360381578e-05 0.0011489542651942 -0.00011241716419381 -2.3312128797428e-06 0.0011506905658074 0.39401142115426 0.038183766184074 4 5 4 4 0
