49.014238185764 8.4169778374417 116.45616149902 -0.006459 0.014102 2.0591063267949 0.0020354439839406 0.0077411692931388 -0.0018339377273356 0.0077913632475157 0.0070427169793776 -0.14527370499014 -0.066476618719805 9.80809142998 -0.0074076348225406 -0.0032876780556536 9.8093893165734 8.8889872009451e-06 0.00062522783775288 0.00053302876703983 1.6342730744045e-05 0.00062862245169426 0.00052876915824828 0.17846288129468 0.019104973174543 4 4 5 5 0
49.014238124756 8.4169777817496 116.59115600586 -0.006505 0.014003 2.0568013267949 0.00031468830425552 0.0062225523182654 -0.0026280744928274 0.005649119373702 0.017687619322646 -0.13676649015964 -0.06659811123322 9.8083770769083 0.0007247603553187 -0.0029203380112512 9.8095562313082 -0.00020992635600378 -0.00025942059091043 0.00039779834937757 -0.00020433567262415 -0.00025680740303002 0.00040237963103065 0.17884630272947 0.019104973174543 4 4 5 5 0
49.014238095577 8.4169781776078 116.53912353516 -0.006486 0.014055 2.0483953267949 -0.0018586916695749 0.013214848975755 -0.0077212404725133 0.010884513542569 0.0048676948731111 -0.13845191003143 -0.064619595781432 9.8079105292068 -0.00084037742824863 -0.0010872223803114 9.8091006103679 -0.00017401245164274 0.0003106788222811 0.0007207671746984 -0.00016387647356087 0.00031533392211059 0.00072112452080281 0.17831432920548 0.019104973174543 4 7 5 5 0
49.014238105579 8.4169781923035 116.53903198242 -0.006543 0.014055 2.0482573267949 -0.0011655661169057 0.013228255275854 -0.0071170949327459 0.011211284720963 0.0039201979533287 -0.14164706717373 -0.067576143885696 9.8101465775429 -0.0038318926747579 -0.0035932809896655 9.8114004330518 -0.00028407539183554 0.00011227277843658 -0.00035143852461413 -0.0002890026127657 0.00010996507119707 -0.00034815304039468 0.17831432920548 0.019104973174543 4 4 5 5 0
49.014238180224 8.4169778908032 116.43741607666 -0.006423 0.01405 2.0589953267949 0.0018631813666169 0.0090933742824244 -0.0026203700442583 0.0089047128173151 0.0042944219299472 -0.13983276857818 -0.066153751074611 9.8054834957001 -0.0021888509214923 -0.0033291414300602 9.8067027226872 0.0001653382058904 -2.4093233378596e-05 -2.7252176045413e-05 0.0001649407584665 -2.4262206025484e-05 -2.9411840767134e-05 0.17846288129468 0.019104973174543 4 4 5 5 0
49.014238197659 8.4169776657173 116.50816345215 -0.006507 0.014132 2.0584823267949 0.0026629401432844 0.0046825871602767 0.00015769833778899 0.0053844618851316 0.01292765756427 -0.13403566056954 -0.064750661423799 9.8069303567292 0.0046178596807741 -0.00099129466975064 9.8080589166698 0.00018501794244751 -0.00023683064759523 0.00087846413230104 0.00019737048968675 -0.00023116458660516 0.00087725011510786 0.17846288129468 0.019104973174543 4 4 5 5 0
49.01423809392 8.4169778446361 116.58701324463 -0.006514 0.013953 2.0539233267949 -0.0011114665240275 0.0077164266321818 -0.0045711221189298 0.0063154660028712 0.016579369539586 -0.1369720843818 -0.065016455596777 9.8093850523052 -4.429741706406e-05 -0.0011089504926456 9.8105567823814 4.9938128860442e-05 -2.4285711369971e-05 0.00072925346197397 6.0104801341956e-05 -1.9513079139339e-05 0.0007286329300178 0.17884630272947 0.019104973174543 4 4 5 5 0
49.014238166262 8.4169776028246 116.56413269043 -0.006512 0.014107 2.0557983267949 0.001788629761502 0.0023492687197981 0.00048573974877951 0.0029124886544299 0.019200790545433 -0.13900750355482 -0.072463309685564 9.8095169726124 -0.00047712635364496 -0.0083436394876083 9.8107657846025 0.00037687951271298 -8.8313757557378e-05 0.00040673107322317 0.00038255718242171 -8.5650528984903e-05 0.00040193553958309 0.17846288129468 0.019104973174543 4 4 5 5 0
49.014238082254 8.4169779454238 116.5810546875 -0.006457 0.013979 2.0563933267949 -0.0014563613268263 0.010006980631471 -0.0059568345912511 0.0081717365701223 0.013362112058278 -0.14219866621229 -0.066937203086522 9.8094230073264 -0.0048993716080784 -0.0035379419034324 9.8106800316896 0.00014660422452727 -0.00036176795280922 -0.00034576061851644 0.00014181174924908 -0.00036397982087256 -0.00034543382332948 0.17884630272947 0.019104973174543 4 4 5 5 0
49.01423806632 8.4169780799338 116.56171417236 -0.006477 0.013963 2.0482223267949 -0.0028151213214455 0.011900489739249 -0.0079728183326884 0.0092726516233944 0.008350414408658 -0.13790562199229 -0.06675131425561 9.8110818171329 -0.00083204314926808 -0.0029594390633322 9.8122776476471 0.00043324074864066 -0.00011529136641123 0.00015558215602937 0.00043537796468039 -0.00011426825739219 0.00015025348097031 0.17831432920548 0.019104973174543 4 4 5 5 0
49.014238086628 8.4169779331499 116.58084106445 -0.006473 0.014004 2.0563003267949 -0.0012930644957456 0.0100040584163 -0.0058125176471438 0.0082442719246244 0.013069778609428 -0.13742038085873 -0.063614013282351 9.8071018894409 -0.00011110308672897 -0.00018266569935235 9.8082709719366 4.8527123620389e-05 -4.3650553191444e-05 -0.00013570827901505 4.658974966329e-05 -4.4525074081618e-05 -0.00013607868993633 0.17884630272947 0.019104973174543 4 4 5 5 0
49.014238134115 8.4169776751983 116.58586120605 -0.00656 0.01407 2.0549233267949 0.00020805449810304 0.003920431485017 -0.0016391740711504 0.0035673796192448 0.019675242976658 -0.13557177387161 -0.062301598880859 9.8093799900739 0.0025107166058084 0.0017745692924199 9.8105138465367 -0.00040328603011929 -0.00019629244445234 0.00086630490209135 -0.00039104681581815 -0.00019058545946848 0.00087318733037264 0.17846288129468 0.019104973174543 4 4 5 5 0
49.014238139217 8.4169776736254 116.57084655762 -0.006497 0.014055 2.0536033267949 0.00049433940049122 0.0035296528345204 -0.0012019039012794 0.0033554506651338 0.018962479127 -0.13578040652496 -0.063518750537952 9.8084659108745 0.0021800281469178 0.0004231546335823 9.8096109557559 0.00032955159914075 -4.8335009618452e-05 0.0011754023811225 0.00034604176278863 -4.0656488707095e-05 0.0011709565603141 0.17846288129468 0.019104973174543 4 4 5 5 0
49.014238142593 8.4169776973679 116.58151245117 -0.006477 0.01407 2.0570873267949 0.0006553263835298 0.0038768866315682 -0.0012288032068981 0.0037352282851382 0.019191174521056 -0.14037525449028 -0.067130334539618 9.8107331654045 -0.0023835625372582 -0.0032867123289462 9.8119660675337 0.00036407974277216 -2.3065316788328e-06 0.00049914873476884 0.000371053376224 9.2966466060519e-07 0.00049401134886044 0.17846288129468 0.019104973174543 4 4 5 5 0
49.014238066009 8.4169780535211 116.56432342529 -0.00648 0.013992 2.0490233267949 -0.002574712629134 0.01142254858832 -0.0075503200740639 0.0089499207455957 0.0091151630513631 -0.13448447912432 -0.06395158394906 9.805883733508 0.0028233476231546 -0.00024543497747951 9.8070138986482 0.00027177848772073 -9.0576588271959e-05 -0.00011305590458934 0.0002701335840126 -9.1305953790557e-05 -0.0001162357743429 0.17831432920548 0.019104973174543 4 4 5 5 0
49.014238172539 8.4169775854004 116.56037902832 -0.006529 0.014168 2.0564613267949 0.0017492632621094 0.0025063875180869 0.00037704642972419 0.0030331125221887 0.018737319876326 -0.13800203101795 -0.062940329847869 9.8048712515582 0.00052445487114866 0.0010435121151704 9.8060441985594 6.0779676829423e-05 0.00065992653312055 0.00034020705622218 6.5532596327381e-05 0.00066213315955947 0.00033499751686171 0.17846288129468 0.019104973174543 4 4 5 5 0
49.014238142536 8.4169777350249 116.5778503418 -0.006457 0.014068 2.0575303267949 0.00096296550587114 0.0046647723244197 -0.001329490278089 0.0045738956722047 0.018181089016282 -0.13603521417421 -0.064441956342574 9.8065396489595 0.001853243712861 -0.00075729958851358 9.8076944776414 0.00055643949434674 0.00015444077666609 0.00023296495754313 0.00055963657623742 0.00015590770623384 0.00022413699787494 0.17846288129468 0.019104973174543 4 4 5 5 0
49.014238082897 8.416978153584 116.54888153076 -0.006469 0.013986 2.0477213267949 -0.0024148968303936 0.012994862761339 -0.0081079759877079 0.010438430765377 0.005995040342566 -0.14007900956256 -0.068126981669093 9.8112883537126 -0.0026806073630722 -0.0044037784328571 9.812523624823 0.00049762657981798 -0.00044730698628232 -0.00065049677121012 0.00048853734437865 -0.00045153330243962 -0.00065444453076858 0.17831432920548 0.019104973174543 4 7 5 5 0
49.014238096573 8.4169779171129 116.58152008057 -0.006459 0.014062 2.0558103267949 -0.0011869040243659 0.0095415082261588 -0.0054980131408199 0.0078880287960241 0.012589629381476 -0.14100050977949 -0.066834104580719 9.8067954196235 -0.0033083224679467 -0.003358365938006 9.8080354398034 0.00031600773759614 0.00026120513389492 0.00099961428069222 0.00033001770376047 0.00026763658347138 0.00099336134436654 0.17884630272947 0.019104973174543 4 4 5 5 0
49.014238173905 8.4169779730922 116.4125213623 -0.006389 0.013981 2.0591783267949 0.0016793002484015 0.010184398012258 -0.0032976420278606 0.0097809523409443 0.00211504596827 -0.13992276067492 -0.067583396007947 9.8091055560796 -0.0023886617378437 -0.0050860852053682 9.8103344617253 5.8879025433023e-06 -0.00084624334762259 0.00015351990054979 8.1076764443507e-06 -0.00084521891749417 0.00015882664796984 0.17846288129468 0.019104973174543 4 4 5 5 0
49.014238125442 8.4169777697517 116.58597564697 -0.006482 0.014033 2.0566513267949 0.00034535462639554 0.0058968672204548 -0.0024493566008915 0.0053752680999123 0.017379878872394 -0.13829714935439 -0.065123102860327 9.8079380351808 -0.00073989711064416 -0.0014270707498636 9.8091290219498 0.00026897185947585 0.0001840813512926 -0.00055254792853078 0.00026115953661808 0.00018053750928176 -0.00055743649622922 0.17884630272947 0.019104973174543 4 4 5 5 0
49.014238074906 8.4169781429813 116.55236053467 -0.006463 0.014002 2.0472423267949 -0.0028201710837883 0.012849818671686 -0.0083965777998617 0.010127632432343 0.0067317236496405 -0.14046814264809 -0.063360543424627 9.805963698947 -0.0033297666119934 0.00018431245552327 9.8071739521681 0.00032754550577862 0.00014859777859007 0.00030477648973832 0.00033183372920387 0.00015053693397372 0.00029920510787994 0.17831432920548 0.019104973174543 4 4 5 5 0
49.014238157923 8.4169776274463 116.56634521484 -0.006586 0.01409 2.0550213267949 0.0014516250582405 0.0028268763114327 -3.2422683678962e-05 0.0031777674731655 0.019254756591849 -0.14055254680713 -0.064143033035126 9.8076084744534 -0.0023374404538545 7.5695922901202e-06 9.8088252541725 -0.00084228629611423 0.00010715084159703 0.00050353890839243 -0.00083515081457705 0.0001104251657848 0.00051459061534803 0.17846288129468 0.019104973174543 4 4 5 5 0
49.014238095107 8.4169779289929 116.58200836182 -0.006506 0.014002 2.0547973267949 -0.00094234872313442 0.0096232842281927 -0.0053149545153479 0.0080775723595318 0.012039726435845 -0.13658803860032 -0.063260077440842 9.8100244970668 0.0010557373205508 0.00050014146872437 9.8111789721878 -5.0913198554279e-05 -0.00049378220859158 0.00068900301714202 -4.1226888371619e-05 -0.00048932008190113 0.00069285937229665 0.17831432920548 0.019104973174543 4 4 5 5 0
49.014238170934 8.4169776099388 116.54824066162 -0.006553 0.014094 2.0563763267949 0.0017766311154305 0.0032290122660392 6.3621909245451e-05 0.0036850230131362 0.017300048216983 -0.14476800919669 -0.064243879122282 9.813042791476 -0.0061889876034692 -8.2553867798041e-05 9.8143191304203 -0.00013571097921078 -0.00047784410488325 0.00052155071915535 -0.000128336809644 -0.0004744072388772 0.00052653422020587 0.17846288129468 0.019104973174543 4 4 5 5 0
49.014238081823 8.4169782339331 116.54289245605 -0.006536 0.014024 2.0457273267949 -0.0019875977834448 0.01347151399402 -0.007936715442929 0.011065428525192 0.0040278053474288 -0.1391721517768 -0.064521506476712 9.8076338071685 -0.0015581278683734 -0.00028325516845628 9.8088333373218 0.00030034721056845 4.9828007817889e-05 -0.00022338928527461 0.00029715550462672 4.8384526218428e-05 -0.00022787896876043 0.17831432920548 0.019104973174543 4 4 5 5 0
49.014238193734 8.4169777221304 116.49188995361 -0.006505 0.01416 2.0587233267949 0.0024261169728985 0.0057211393708726 -0.00053977316261471 0.0061907676317652 0.011209212469182 -0.13994200935938 -0.067501279785407 9.8077753880081 -0.0016906386298024 -0.0039244194120719 9.809005301928 -0.00011773220425082 0.00099894776030752 0.00060214065977928 -0.00010932687963002 0.0010028061310273 0.00059726489827283 0.17846288129468 0.019104973174543 4 4 5 5 0
49.014238091973 8.4169779171285 116.58174133301 -0.006461 0.014039 2.0557203267949 -0.0012407427089431 0.0096713904615541 -0.0056083410539183 0.0079763298593077 0.012875814175029 -0.14099101307063 -0.066779171589826 9.808670635314 -0.0033605799493211 -0.0033385541342832 9.809909844964 0.00026394574749352 3.3444352936635e-05 0.0002593021889458 0.00026754398243234 3.5116609708369e-05 0.00025534984779854 0.17884630272947 0.019104973174543 4 4 5 5 0
49.014238099632 8.4169781992404 116.54050445557 -0.006525 0.014011 2.0474953267949 -0.0013577342469387 0.013439360993092 -0.0073776910479219 0.011315063287255 0.0041071207379231 -0.14097387798134 -0.064510829917944 9.8115984257118 -0.0033627286072738 -0.00051122694309886 9.8128229343238 6.6264381092309e-05 -0.00024069894587081 0.00080631668775444 7.7588383996279e-05 -0.000235428261982 0.0008068613608584 0.17831432920548 0.019104973174543 4 4 5 5 0
49.014238132151 8.4169777611263 116.58139038086 -0.006502 0.013996 2.0571353267949 0.00065219094407962 0.0055116808284334 -0.0020006335331682 0.0051770461703016 0.017389832954722 -0.1379708658664 -0.066440400455064 9.8077819198602 -0.00039673993658931 -0.0028516871232973 9.8089768077274 -0.00028233260470962 -0.00047902348067163 0.0008182034125437 -0.00027080188744526 -0.00047370754711719 0.00082516630720434 0.17884630272947 0.019104973174543 4 4 5 5 0
49.014238068888 8.4169780172106 116.57027435303 -0.00656 0.013997 2.0507203267949 -0.0020662982397751 0.010806209665075 -0.0068305249057643 0.0086252089129899 0.010202574782373 -0.14061263341385 -0.065726910315778 9.8077370447193 -0.0031503095971379 -0.0017813543418506 9.8089645681202 -0.00073671085010139 -0.00012118741029803 0.00030893798974575 -0.00073228437193305 -0.00011916562866772 0.0003199975706673 0.17831432920548 0.019104973174543 4 4 5 5 0
49.014238094832 8.4169782120353 116.54160308838 -0.006544 0.014057 2.0468953267949 -0.0016767155268632 0.013495598621536 -0.0076791828265445 0.011223843882356 0.0039220030701387 -0.14343320442703 -0.066976457869424 9.8075489365376 -0.0057604761780642 -0.0028146732854503 9.808824584185 5.5794862907415e-05 0.0003673872408012 -0.00043568938034976 4.96438192827e-05 0.0003645466676752 -0.00043884565005439 0.17831432920548 0.019104973174543 4 4 5 5 0
49.014238193447 8.4169776351123 116.52253723145 -0.006512 0.014167 2.0577453267949 0.0026906316479081 0.0037787577148441 0.00060764444997085 0.0045987490790394 0.014448317104202 -0.13958000478998 -0.065733948736413 9.8080467528031 -0.00082982149140153 -0.0019904784516291 9.8092602914304 5.5064079020966e-06 0.00037255359123337 -0.00011008283083375 3.9134696413604e-06 0.00037179630015065 -0.00011252516372696 0.17846288129468 0.019104973174543 4 4 5 5 0
49.014238114943 8.416977801526 116.58963012695 -0.006529 0.01397 2.0556863267949 -0.00015762300655949 0.0066008945199824 -0.003218743209944 0.0057652455624549 0.017448633274617 -0.14066638555033 -0.068053211556463 9.8035575616469 -0.0034548175936732 -0.0043406080358262 9.8048014809542 -0.00048387444562864 -0.00037308378477051 -0.00041679871165731 -0.00048963429607526 -0.00037578261996466 -0.00040753381359462 0.17884630272947 0.019104973174543 4 4 5 5 0
49.014238074226 8.4169778741416 116.58758544922 -0.006449 0.013962 2.0532483267949 -0.0020485388669052 0.0086615265778444 -0.0058333018134274 0.0067224784013397 0.015723593110672 -0.13965010148253 -0.069538656833487 9.8081508907452 -0.0027475809240679 -0.0059734613902345 9.8093889186089 0.00063918978046487 4.7211226992238e-05 0.00010126623871074 0.00064052526183075 4.787646133858e-05 9.2023018220774e-05 0.17884630272947 0.019104973174543 4 4 5 5 0
49.014238180151 8.4169776275115 116.53402709961 -0.006532 0.014095 2.0568403267949 0.0023218356507856 0.0032976951880238 0.00051052762747447 0.0040006396629612 0.016072547648677 -0.13575018636081 -0.063258229084826 9.8117322125695 0.002929232989808 0.00074330988662864 9.8128748419436 -3.7074188342103e-05 -0.00057692652633479 0.00027590265635071 -3.3130268012643e-05 -0.00057511807856128 0.00028016585569069 0.17846288129468 0.019104973174543 4 4 5 5 0
49.014238080236 8.4169779175017 116.58207702637 -0.00651 0.013959 2.0553533267949 -0.0016670466376719 0.0095011133155303 -0.0058988368879058 0.0076325014154208 0.014107346219767 -0.1359328220079 -0.064525652347429 9.8044492846936 0.0011510402732314 -0.00090420497202493 9.8056038209342 -0.00033185770310834 -0.0004704758416446 -0.0010868207366065 -0.00034696400905607 -0.00047756021329323 -0.0010790261915772 0.17884630272947 0.019104973174543 4 4 5 5 0
49.014238134332 8.4169776961069 116.58409881592 -0.006483 0.014058 2.0541653267949 0.00028100056875596 0.0041847353190463 -0.0016953748179623 0.003836231793833 0.019588668868053 -0.13867437384988 -0.068968785225074 9.8106807568208 -0.00079648379250472 -0.0050640604588618 9.8119018315683 0.00052143550269192 8.9185218791085e-05 0.00039618243951457 0.00052694166643012 9.1816353186645e-05 0.00038822262931813 0.17846288129468 0.019104973174543 4 4 5 5 0
49.01423808103 8.4169779306829 116.58164215088 -0.006464 0.014047 2.0558513267949 -0.0015338547531125 0.0098057475298026 -0.0059271102894203 0.0079608737445159 0.013687323740412 -0.13811214007713 -0.066775659101138 9.8088288032324 -0.00080466247295434 -0.0032511759907178 9.8100276595927 0.00024041293913992 0.00080608380636636 -0.00030888539058314 0.00023591489318239 0.00080409568499311 -0.00031748333742476 0.17884630272947 0.019104973174543 4 4 5 5 0
49.014238190671 8.4169777679243 116.47760772705 -0.006476 0.014106 2.0589653267949 0.0021690528062704 0.0067164544053578 -0.0012350308860743 0.0069491131769675 0.0091797573989688 -0.14096376719194 -0.064420511039766 9.8089734568438 -0.002809047545765 -0.0010458769748027 9.8101974603097 0.00010048527848089 0.0001933460593479 0.00068543738728877 0.00011014001780133 0.00019776568735393 0.00068268584670992 0.17846288129468 0.019104973174543 4 4 5 5 0
49.014238079402 8.4169779047922 116.58271789551 -0.006504 0.013969 2.0549253267949 -0.0018949091040002 0.0092203487934803 -0.0059650984874252 0.00728177001864 0.014602224569374 -0.13754128316769 -0.066223785820547 9.8111533582613 -0.00052191067244727 -0.002659049251427 9.8123403844737 -0.00044067597085777 -3.3554679574603e-05 0.00091057573797996 -0.00042791948575109 -2.7661312625622e-05 0.00091686113498715 0.17884630272947 0.019104973174543 4 4 5 5 0
49.014238082126 8.4169778728274 116.58840179443 -0.0065 0.013999 2.0535783267949 -0.0017368618293589 0.0084828653636967 -0.0054767547693952 0.0067067946748903 0.015974679594995 -0.13460107490598 -0.065598253198098 9.8063539992654 0.0023783188506816 -0.0019677133175772 9.8074964903962 -0.00013221742255848 0.0005320080854479 0.00019491346921903 -0.00012952038676644 0.00053330466608854 0.00019327538410937 0.17884630272947 0.019104973174543 4 4 5 5 0
49.014238091693 8.4169779378123 116.58289337158 -0.006532 0.01405 2.0541833267949 -0.0011678287688383 0.0096171865702407 -0.0055063814024813 0.0079708643489728 0.01186878828018 -0.1403223039376 -0.062335672745907 9.8087052680378 -0.0026042706957009 0.0014578014527615 9.8099065317588 -0.00043108707191054 0.00019589621803043 0.00026948903774399 -0.00042728880823681 0.0001976343156333 0.00027422487014898 0.17831432920548 0.019104973174543 4 4 5 5 0
49.014238098563 8.416977920538 116.58112335205 -0.006489 0.014017 2.0554213267949 -0.00085612759351422 0.0095127400297592 -0.0051917978422324 0.0080168879662609 0.01233778260061 -0.14063931134925 -0.068404262196285 9.8079039447909 -0.0029685826354492 -0.0047961640352059 9.8091487864102 1.9489126909814e-05 -0.00037744139580032 0.00017802565741924 2.2031799250277e-05 -0.00037626489368003 0.00018016401086973 0.17884630272947 0.019104973174543 4 4 5 5 0
49.014238102617 8.4169778253824 116.5877456665 -0.006534 0.013984 2.0546083267949 -0.00073046036192965 0.0072479710993728 -0.0040209031404553 0.0060746370429064 0.016936873713641 -0.14100083357646 -0.066745148362783 9.8095766999725 -0.0039124944077393 -0.0028962675309867 9.8108159943113 -0.00041774147939729 0.00026636512391144 0.00086378176666648 -0.00040565640368078 0.00027201531907627 0.00086773960619931 0.17884630272947 0.019104973174543 4 4 5 5 0
49.014238109848 8.4169781841992 116.53788757324 -0.006535 0.014053 2.0490793267949 -0.0012812235374937 0.013207553069424 -0.007212770161623 0.011138234635386 0.0041667097179957 -0.13691024008968 -0.062375892514047 9.8079869119929 0.00072774519733439 0.0013913935424809 9.809140279281 -0.00057041686196118 0.00019989212804615 0.00036505908144235 -0.00056530034890268 0.00020226639034723 0.00037171478791863 0.17831432920548 0.019104973174543 4 7 5 5 0
49.014238066253 8.4169781301826 116.55686950684 -0.006494 0.014006 2.0467973267949 -0.0029305829927039 0.012768108600363 -0.0084589644745628 0.010002922840672 0.007227039125951 -0.13775892198233 -0.06954662640515 9.8050581592767 -0.00065459461313374 -0.0059752321045263 9.8062707874561 -0.00017968596334556 0.00042758363091199 0.00042426818619291 -0.00017377610059861 0.00043033463305078 0.00042395452471763 0.17831432920548 0.019104973174543 4 4 5 5 0
49.014238085627 8.416977863997 116.58689880371 -0.006478 0.013933 2.0533973267949 -0.001599207014323 0.0080987286310112 -0.0051762057796646 0.0064308240008235 0.016203031544137 -0.14071757858465 -0.064565682793478 9.807950184993 -0.0038452108307157 -0.00086195172446423 9.8091713630679 0.0003342837540086 -0.00034831069389161 -0.00074886030482247 0.00032388710821642 -0.00035313269890819 -0.00075116653760788 0.17884630272947 0.019104973174543 4 4 5 5 0
49.014238146905 8.4169776543585 116.56871032715 -0.006499 0.01406 2.0541183267949 0.00094517967866677 0.0032852252419067 -0.00069131985568651 0.0033480201600496 0.019101134687804 -0.13996903772586 -0.0649672597331 9.8105096223297 -0.0018047621892457 -0.00093029719624285 9.8117227898266 0.00042363118112427 -0.00021821211497976 0.00077363116901823 0.0004344542735873 -0.00021312183459259 0.00076899561734153 0.17846288129468 0.019104973174543 4 4 5 5 0
49.01423807638 8.4169778893973 116.58554840088 -0.00647 0.013941 2.0540303267949 -0.0020273635034703 0.0088982708672239 -0.0059270457970942 0.0069397499759705 0.015286846197429 -0.13488589578275 -0.05961860710197 9.8109452780231 0.0020160005512462 0.0039348591154997 9.8120523961648 0.00015279436824384 -0.00031090610383249 0.00093960102816035 0.00016594222210083 -0.00030478804271427 0.00093938066470963 0.17884630272947 0.019104973174543 4 4 5 5 0
49.014238135975 8.4169776856574 116.57617950439 -0.006522 0.014052 2.0536713267949 0.00031074774176965 0.0039605725530984 -0.0015636163779703 0.0036521338689703 0.019096435204371 -0.13942394420311 -0.068447881936995 9.8070810526379 -0.0015016567586726 -0.0046980505588377 9.8083098571247 -0.00041524143589273 -0.00015921988887563 0.00054916432955428 -0.00040750322073555 -0.00015563362269965 0.00055599313764027 0.17846288129468 0.019104973174543 4 4 5 5 0
49.014238138432 8.4169777558114 116.5782699585 -0.006524 0.014068 2.0576423267949 0.00089654821938544 0.0052272975974893 -0.0016526197341508 0.0050395705926244 0.017521952756987 -0.14314983218685 -0.067000075958249 9.8059889670427 -0.0052438253684595 -0.0033642349003702 9.8072608918782 -0.00065617715758726 0.00012649635893293 0.00038496743802245 -0.00065071875663086 0.00012898539990766 0.00039332635206505 0.17884630272947 0.019104973174543 4 4 5 5 0
49.014238082097 8.4169779722202 116.57720947266 -0.006529 0.014073 2.0527143267949 -0.001501562129719 0.0099908185235783 -0.0059664341792548 0.0081531850109475 0.011262837864946 -0.13713833908005 -0.068368855828394 9.8092174999059 0.00064802262349742 -0.0043171772835207 9.8104131342756 -1.6972838036399e-06 0.00059274739167289 0.001232122493523 1.5588295615034e-05 0.00060078465043679 0.0012281062537562 0.17831432920548 0.019104973174543 4 4 5 5 0
49.014238067205 8.4169781066611 116.55848693848 -0.006469 0.013972 2.0473213267949 -0.0028852949586335 0.012387431863163 -0.0082506121782087 0.0096799012033137 0.0077922523212187 -0.13466705814257 -0.065850717150029 9.8046612003095 0.0024186843164543 -0.0021612617246118 9.8058064979091 0.00046504516059158 -0.00015402516225069 0.00041776336444202 0.00047083658700436 -0.00015131417572562 0.00041221130641892 0.17831432920548 0.019104973174543 4 4 5 5 0
