49.014247055814 8.4169926765057 113.16181182861 -0.006505 0.014053 2.1001543267949 -0.0054586121548737 -0.0075009035144515 -0.00092410805601286 -0.0092307178930439 -0.0054179840302599 -0.14816666729459 -0.065959818241359 9.8111530020356 -0.01004811142706 -0.0020515994211544 9.8124882351151 0.00016952741401517 -0.00047098244828475 0.0010617016168623 0.0001845158799943 -0.00046405641450226 0.0010622190861148 0.40151961346863 0.04101219330882 4 5 4 4 1
49.014247973529 8.4169923606185 113.13658905029 -0.006382 0.014174 2.1032313267949 0.0045994826920965 -0.0025626632310248 0.0052636661203856 0.00012662716742435 -0.0092544081871286 -0.14066344603614 -0.068292917010469 9.8034859543999 -0.0017979519593677 -0.0058586146800023 9.8047304812646 -0.00021640865240099 0.00014336692576112 0.00093754584686992 -0.00020313466544855 0.00014932150440696 0.00093963528238472 0.40233443799904 0.04101219330882 4 5 4 4 1
49.01424703292 8.4169927102072 113.16007232666 -0.006494 0.01408 2.1000753267949 -0.005436377159918 -0.0077828974670725 -0.0007630377454597 -0.0094628530960523 -0.0056073948155446 -0.13770634312901 -0.067593859090934 9.8084788834071 0.0004196735170939 -0.0036803905113768 9.8096776286793 0.00046229834653126 -2.082194095022e-05 0.00047038295001699 0.00046888901594225 -1.7760374683065e-05 0.00046393179456232 0.40151961346863 0.04101219330882 4 5 4 4 1
49.014247103008 8.4169925821953 113.16921234131 -0.006527 0.014073 2.1003573267949 -0.00603779549588 -0.007565490574681 -0.0013896198912991 -0.0095791724544245 -0.0052139376888272 -0.13776153781552 -0.064487201842119 9.8046009496832 0.00018310079723094 -0.00050239468790766 9.8057809142655 1.7518891391381e-05 3.7656906817971e-05 0.00051231232935259 2.4698536462435e-05 4.1000461324403e-05 0.00051173247460062 0.40233443799904 0.04101219330882 4 5 4 4 1
49.014248053439 8.4169923489289 113.13344573975 -0.006393 0.014112 2.1036933267949 0.0045607505183254 -0.0017690977671192 0.004827218030921 0.00079237744873376 -0.0094287208030037 -0.14403535323332 -0.063802123751127 9.8069594696675 -0.0052760605226342 -0.0013294064084744 9.8082229980233 -0.0004118639382811 -0.00061627780847315 0.0017234908751812 -0.00038744616480145 -0.00060520546345571 0.0017330281554074 0.40233443799904 0.04101219330882 4 5 4 4 1
49.014247316141 8.4169924803771 113.16505432129 -0.006458 0.014112 2.1010003267949 -0.0045878345342558 -0.0068208074603924 -0.00050902716104102 -0.0082044195988997 -0.0060553602202417 -0.13896562488666 -0.056475192643861 9.8042753693105 -0.00055345609094279 0.0068211087867408 9.8054207955549 -0.00010136285598779 -0.00020649865703051 8.4048376644208e-05 -0.00010012728532755 -0.00020597877198945 8.6812050143214e-05 0.40233443799904 0.04101219330882 4 5 4 4 1
49.014247702972 8.4169924549478 113.14846801758 -0.006312 0.014162 2.1023093267949 0.0010892479257262 -0.0039942442761934 0.0029629778610857 -0.0028914088446441 -0.0080759441188269 -0.13930980488126 -0.063129711623911 9.8095978440917 -0.0005407649090675 -0.00078794503012811 9.8107901000904 0.00067803021536639 0.00016974032497393 0.00035373853155164 0.00068295468539761 0.00017199057445118 0.0003430402985378 0.40233443799904 0.04101219330882 4 5 4 4 1
49.014247496668 8.4169924622516 113.15747833252 -0.006403 0.014202 2.1016413267949 -0.0020775418712318 -0.0054087917047365 0.000945725126284 -0.0057163108621902 -0.0069716145784702 -0.14876355425264 -0.060877085293345 9.8064833245455 -0.0099696555461802 0.0018332301962462 9.8077956395505 -0.00025112254247803 0.00071818936726443 0.002008401777863 -0.0002227390639909 0.00073100866523285 0.0020071405378062 0.40233443799904 0.04101219330882 4 5 4 4 1
49.014247735263 8.4169924487192 113.14909362793 -0.006382 0.014159 2.1024803267949 0.0014680330254255 -0.0036558902017602 0.0031185970244687 -0.0024072037887079 -0.0081820664628961 -0.14362254192385 -0.059881459396846 9.8061723754911 -0.0047730054183937 0.0024120577097321 9.8074054179262 -0.00055724262332664 -4.2369519427256e-05 0.00041653289421629 -0.0005512744877851 -3.9712228241624e-05 0.00042465232360447 0.40233443799904 0.04101219330882 4 5 4 4 1
49.014247272302 8.4169924932578 113.16624450684 -0.006459 0.014072 2.1009313267949 -0.0047552362934639 -0.0069285798482878 -0.00059997954975234 -0.0083819707638738 -0.0059260878347591 -0.14769916605528 -0.066649865327601 9.8112548097396 -0.0093278220833646 -0.0031582641708393 9.8125875981694 0.00014903742044326 -0.00064050817997321 0.0010343387610017 0.00016364258237711 -0.00063380540708752 0.001036239150264 0.40233443799904 0.04101219330882 4 5 4 4 1
49.014247782269 8.4169924395558 113.1483001709 -0.006377 0.014226 2.1027493267949 0.0018777660319478 -0.0032599070369298 0.0032714685746227 -0.0018574544317406 -0.0083988136871849 -0.14348710899832 -0.064919277492797 9.8071897600685 -0.0043511282393471 -0.0026531794965234 9.8084530207706 -0.00053364066940383 0.00059787706760919 0.00091177190044816 -0.00052074971852742 0.0006036402780151 0.00091541714767583 0.40233443799904 0.04101219330882 4 5 4 4 1
49.014247026868 8.4169927518509 113.15619659424 -0.006485 0.014085 2.1000333267949 -0.0052014366995015 -0.007896920140556 -0.00050336609434191 -0.0094426272125584 -0.005600432124966 -0.1465079005381 -0.061542239719232 9.8061114582599 -0.008458829491318 0.0022001272395145 9.8073951803588 0.00032309838618627 0.00014382709258183 0.0011910988793859 0.00033980229476213 0.00015157087240359 0.0011854398853781 0.40151961346863 0.04101219330882 4 5 4 4 1
49.014247945944 8.4169923712674 113.13831329346 -0.006354 0.014215 2.1031363267949 0.0041799227137119 -0.002961790568323 0.0051047140593598 -0.00043087401296073 -0.0090519378758101 -0.13720603885259 -0.062198038543834 9.8050864585434 0.0019935193753097 4.8982663198732e-05 9.8062435532842 -0.00011289181118203 0.00026122868987018 0.00087420037993235 -0.00010043759066811 0.00026675261059864 0.0008740687625155 0.40233443799904 0.04101219330882 4 5 4 4 1
49.014247367394 8.4169924676449 113.16394042969 -0.006488 0.014127 2.1011603267949 -0.0040483003559011 -0.006608629761384 -0.00014961033115965 -0.0077485537621002 -0.0063842760130844 -0.14583238432906 -0.068133680566838 9.8096307456175 -0.0072900019671957 -0.0047671403071342 9.8109478918479 -0.0005666839654569 -3.2468351542829e-05 0.00012062597060962 -0.00056491399975518 -3.1694777424807e-05 0.00012887527604419 0.40233443799904 0.04101219330882 4 5 4 4 1
49.014247234138 8.4169925038987 113.16702270508 -0.006497 0.014118 2.1007343267949 -0.0053428252513806 -0.0073888553489191 -0.00087570532332449 -0.0090760013142532 -0.0057314419569172 -0.13984204627002 -0.065988327223614 9.8073694772825 -0.0015536998431603 -0.0022924489823316 9.8085879855288 -0.00010014975558774 0.00018573903284989 0.00081091491815936 -8.871763958371e-05 0.00019099198697791 0.00081101575313535 0.40233443799904 0.04101219330882 4 5 4 4 1
49.01424709101 8.4169926158305 113.16688537598 -0.006538 0.014113 2.1003683267949 -0.0059811423614995 -0.0077518051106206 -0.0012470791671927 -0.0097113112553439 -0.0054552929796499 -0.14255409974409 -0.064894079142202 9.8091678254286 -0.0044270918515589 -0.001000946996099 9.8104174201356 -0.00041201890480237 0.00053003787381757 0.0019145854538421 -0.00038505440722196 0.00054252419418921 0.0019166793570177 0.40233443799904 0.04101219330882 4 5 4 4 1
49.014247887573 8.4169923867359 113.14157104492 -0.006332 0.014142 2.1029973267949 0.0036028153694615 -0.0029621874697769 0.0046075227767205 -0.00072476078294834 -0.0088212617724939 -0.14712120303846 -0.061119226277311 9.8070467048902 -0.0079098406926872 0.0010639109301343 9.8083372617773 0.00013409144570512 -0.0010444763975424 0.0010816202893377 0.00014952891378057 -0.0010375512477868 0.0010862049026099 0.40233443799904 0.04101219330882 4 5 4 4 1
49.014247134349 8.4169925526558 113.16958618164 -0.00649 0.014083 2.1004233267949 -0.0061063830320491 -0.0074024110925985 -0.0015304826636324 -0.0094731881912915 -0.0053473889330933 -0.13701335845487 -0.061563821096256 9.8100188388365 0.0011597108470166 0.0023190420592292 9.8111687381914 0.00038925224965593 -8.7692156914781e-05 0.00042392981220664 0.00039524186692109 -8.4863990014445e-05 0.00041894739902493 0.40233443799904 0.04101219330882 4 5 4 4 1
49.014247998017 8.4169923505224 113.13509368896 -0.006363 0.014192 2.1032913267949 0.0047929099490193 -0.0022484360921352 0.0052708212926143 0.00049578839655609 -0.0093957408661255 -0.13462105874047 -0.061929360904582 9.8056447300214 0.0042821631692829 0.00048549602049575 9.80676312637 6.6566958385811e-05 0.00047663244178059 0.0011990185116982 8.3533824617023e-05 0.00048421806555907 0.0011948988804491 0.40233443799904 0.04101219330882 4 5 4 4 1
49.01424807646 8.4169923742192 113.13227844238 -0.006393 0.01412 2.1037843267949 0.0034653142663747 -0.00032906929768578 0.0031518555179494 0.0014773182071689 -0.0093545056979063 -0.14023763964858 -0.061586084086053 9.8132866836538 -0.0014936841494448 0.0011729084362923 9.8144817825662 9.1421574014528e-05 -0.00022181807317116 0.00037879501926081 9.6777604270914e-05 -0.0002194296134794 0.00037887788228088 0.40233443799904 0.04101219330882 4 5 4 4 1
49.014247191772 8.4169925238437 113.16843414307 -0.006474 0.014086 2.1006613267949 -0.0059248671016949 -0.0075034762575444 -0.0013209770041379 -0.0094689465397147 -0.0055414715231075 -0.14132323579533 -0.05937102825046 9.8082851775511 -0.0031662422495087 0.0043322195681964 9.8094816494136 0.00030183090523775 -0.00015404547785749 0.0013835426285103 0.00032132849704662 -0.00014508072042406 0.0013801238228636 0.40233443799904 0.04101219330882 4 5 4 4 1
49.014247636102 8.4169924597728 113.14978790283 -0.0064 0.014125 2.1020113267949 8.809503172844e-06 -0.0045822317005502 0.0023283100870188 -0.0039465238216549 -0.0078244480743332 -0.14033668038382 -0.066051066931158 9.8072663405861 -0.0016676723205558 -0.003402789178638 9.808492081354 -0.00030555353235189 -0.000354747538933 0.00015540438217813 -0.00030332136549717 -0.00035371364842463 0.0001619823225236 0.40233443799904 0.04101219330882 4 5 4 4 1
49.014247085513 8.4169926410831 113.1644821167 -0.006529 0.014083 2.1001563267949 -0.0056239682015403 -0.0077151296991359 -0.0009584035238001 -0.0094991448385618 -0.0054198009915088 -0.14316756832223 -0.057118947506641 9.8041899736823 -0.0051006033344494 0.0065533322134212 9.8053982308189 -0.00058910902579486 -3.5943429503957e-05 0.0004173654678163 -0.00058316256904635 -3.3212284176415e-05 0.00042585003985125 0.40233443799904 0.04101219330882 4 5 4 4 1
49.014248079034 8.4169923653031 113.1309967041 -0.006412 0.014103 2.1037773267949 0.0041110314850188 -0.00077859508844522 0.003936446808501 0.0014181337180545 -0.0095639457229888 -0.14469667106737 -0.062548713573687 9.8070815216883 -0.0061116332840749 0.0001184453150156 9.8083463276533 -0.00035050887537831 -0.00038405161668728 0.0003688106819409 -0.00034525353837404 -0.0003817022453421 0.0003761296594957 0.40233443799904 0.04101219330882 4 5 4 4 1
49.014248016409 8.4169923465444 113.13453674316 -0.006369 0.01414 2.1033823267949 0.0045787206837703 -0.00214696963786 0.0050347281443913 0.00047504169889914 -0.0092875789621399 -0.14201634989047 -0.060241806751529 9.811043436571 -0.003077064562608 0.0022130353115765 9.8122555172681 -2.7204947023061e-05 -0.00036229671677255 0.00056978682589263 -1.9085122523949e-05 -0.00035867304102462 0.00057240503548798 0.40233443799904 0.04101219330882 4 5 4 4 1
49.014248067719 8.416992357221 113.13241577148 -0.00636 0.014179 2.1037233267949 0.0044761284617466 -0.0010769799811648 0.0044026163758957 0.0013462219179739 -0.0092969288166968 -0.14072466537819 -0.065092207281769 9.8093805651002 -0.0019335928197139 -0.002459702855875 9.8106050706275 0.00046624421593731 0.00060265971799598 0.00050846560321511 0.00047331456201788 0.0006058760022722 0.00049793508140881 0.40233443799904 0.04101219330882 4 5 4 4 1
49.014247438421 8.4169924669118 113.16104125977 -0.006427 0.014127 2.1013343267949 -0.0029013883906201 -0.0059263710742059 0.00049567900977823 -0.0065798058627566 -0.006528285743671 -0.14044737851035 -0.064436334526658 9.8057929147217 -0.0019694614987219 -0.0014002503601077 9.8070102951439 -7.611636011613e-05 -3.1760070314369e-05 0.0002298305901441 -7.2848091735568e-05 -3.028707528749e-05 0.00023110923764291 0.40233443799904 0.04101219330882 4 5 4 4 1
49.014248072843 8.4169923858754 113.13433074951 -0.006382 0.014087 2.1039073267949 0.0029032089519978 0.00028075397515786 0.0023577223626496 0.0017171195751908 -0.0090540432474379 -0.14718882752029 -0.066896391248469 9.8116105360254 -0.0086259832269378 -0.0042187252172971 9.8129375717432 0.00014214703278238 -0.00051710475171844 0.0012035686767839 0.00015911521428073 -0.00050939820788371 0.0012047197325146 0.40233443799904 0.04101219330882 4 5 4 4 1
49.014247576415 8.4169924566117 113.15187072754 -0.006374 0.014138 2.1017243267949 -0.0011424898595669 -0.0053840324458447 0.0017404486206093 -0.0052214314566628 -0.0073707292784962 -0.13779183130838 -0.059408026975176 9.8089854058714 0.00091978147014267 0.0033478643588855 9.8101326286414 0.00028494452219671 -0.00027132190561711 0.00053197813674911 0.00029244346716545 -0.00026791609334333 0.00052966026154643 0.40233443799904 0.04101219330882 4 5 4 4 1
49.014247831996 8.4169924089931 113.14566802979 -0.006394 0.0142 2.1028323267949 0.0028233858454631 -0.0030346754281622 0.0039724575409876 -0.0011832090062289 -0.0084514275120118 -0.135034753421 -0.065911789092387 9.8074744868259 0.0041230551707757 -0.0036872709071503 9.8086237210052 -0.00087987397163518 4.8128678061735e-05 0.00055428515460867 -0.00087193893825286 5.1682877844706e-05 0.00056639953349844 0.40233443799904 0.04101219330882 4 5 4 4 1
