49.014244198391 8.4169916563794 112.83669281006 -0.007116 0.015077 1.9012223267949 0.0013732841148134 -0.0063689132448561 0.0033654890064528 -0.0055787535533484 -0.0061237195480381 -0.14001437587539 -0.067669022672942 9.8084180805023 0.0079044554858706 0.0021022789777 9.8096476014052 4.0955576152149e-05 -8.4007157076439e-05 0.00014782020896928 4.3162337870149e-05 -8.2945660924241e-05 0.00014776864520831 0.40074555518433 0.039597979746447 4 5 4 4 0
49.014243374645 8.4169916302532 112.90464782715 -0.007012 0.015187 1.8984703267949 0.010391690470412 -0.013418943428979 0.014157181269851 -0.0093610604342524 -0.0044324493962678 -0.14470935077698 -0.070310161473955 9.8134668486315 0.0044245765445567 -0.0016230791959777 9.8147842730533 -0.00017153753658312 -0.00013241135784912 0.0003944380722365 -0.00016553774326965 -0.00012965445498051 0.00039788157215757 0.40136766187624 0.038183766184074 4 5 4 4 0
49.014244268703 8.4169916694107 112.8307800293 -0.007124 0.015085 1.9012323267949 0.0011431301224818 -0.0057836114604629 0.002958167742118 -0.0050996304193718 -0.0063164444176485 -0.14538144196984 -0.069796339390648 9.8076311418975 0.0025214860800567 1.8270095586213e-05 9.8089566528588 -8.4743177881521e-06 4.6397441530115e-05 -7.5261290191534e-05 -9.6249949765527e-06 4.5868257527609e-05 -7.5467755817132e-05 0.40074555518433 0.039597979746447 4 5 4 4 0
49.014244052604 8.4169915722585 112.84452056885 -0.007136 0.015132 1.9011563267949 0.0022959376426344 -0.0088085952338908 0.0050289432750956 -0.0075876517886802 -0.0058596425750964 -0.14744535104711 -0.066361147946529 9.812760592448 0.0011052625522897 0.0038031617492908 9.8140916502258 0.00033822375376079 -0.00012712080940222 0.00078118176210292 0.00035002742824751 -0.00012153095283544 0.00077687335382734 0.40136766187624 0.039597979746447 4 5 4 4 0
49.014243248556 8.4169916721583 112.89512634277 -0.006991 0.015196 1.8982363267949 0.011499210269461 -0.013638660525118 0.015275335505089 -0.0092146155448649 -0.0052595088240719 -0.14544390707027 -0.068468252735226 9.8085456223664 0.0035767105195482 -0.00010561143732536 9.8098622202996 -0.00031470451984801 8.7958325972488e-05 -0.00062621380692399 -0.00032419473755921 8.3572369580415e-05 -0.0006219226679636 0.40136766187624 0.038183766184074 4 5 4 4 0
49.014243876182 8.4169914947446 112.85645294189 -0.007159 0.015189 1.8999243267949 0.0051403913817713 -0.01214279326186 0.0087903445595669 -0.0098286387938102 -0.0061114121310528 -0.14232342107698 -0.070335657020063 9.8068427715413 0.0063800539005075 -0.00031679727602413 9.8081257053078 -0.00032140096976574 0.00042389680140217 0.0003648058657851 -0.00031591067750046 0.00042645919592366 0.00036661872861851 0.40136766187624 0.039597979746447 4 5 4 4 0
49.014242675716 8.4169919373507 112.90881347656 -0.006989 0.015093 1.9003413267949 0.0079318378207305 -0.012166373503163 0.011441376317316 -0.008945959620741 -0.003985254057517 -0.14443042437787 -0.069802433250915 9.8087553958822 0.0038574051229856 -0.0013711118385621 9.810066112984 -0.00020361694844633 -0.00029467390099997 -6.8760223928185e-05 -0.00020457321573406 -0.0002951749745474 -6.3631613354639e-05 0.40058582101717 0.0367695526217 4 5 4 4 0
49.014241912345 8.41699272781 112.92557525635 -0.006772 0.015027 1.8994583267949 0.0025567263882826 -0.0033185032647429 0.0034911172378123 -0.0023154863903499 -0.0027224317851835 -0.14385417315435 -0.065446511331082 9.8105466368852 0.0036070102205892 0.0013991258633796 9.8118188122214 0.00066521174513038 5.3201197463763e-05 0.00073080599411706 0.0006761022307759 5.8194847850588e-05 0.00072032497843488 0.39996249824202 0.0367695526217 4 5 4 4 0
49.01424259178 8.4169920156449 112.90727996826 -0.00699 0.015129 1.9002903267949 0.0074640120241573 -0.011608685862426 0.010819128960948 -0.0085685368530329 -0.0040786678574437 -0.14128916080956 -0.06991563344053 9.8075145657529 0.0067792812664616 -0.0014730044128776 9.808779082079 -0.00025682264432288 0.00069436021124706 7.1710388561565e-05 -0.000255746542386 0.00069484129769923 7.0748307424737e-05 0.40058582101717 0.0367695526217 4 5 4 4 0
49.014243642927 8.4169915615812 112.88012695312 -0.007073 0.015213 1.8984973267949 0.008949683128207 -0.013145759963147 0.012704868946738 -0.0095652663033657 -0.005757990145438 -0.15030169961649 -0.068252758057556 9.8100200787452 -0.00094732891402147 0.0011766643603586 9.8114088262004 9.6685253651322e-05 -0.00016138926197497 -0.00013293541051256 9.465218735123e-05 -0.00016231452719258 -0.00013323914077462 0.40199129343805 0.038183766184074 4 5 4 4 0
49.014243779688 8.4169915289445 112.86431121826 -0.007112 0.015191 1.8990013267949 0.0071873473631322 -0.01286130902064 0.010950293880655 -0.009857157840457 -0.0059492240475659 -0.14090580610181 -0.064138815416794 9.8073889089261 0.0080910597154012 0.0056970329530818 9.8086058134396 0.00014628916659005 -6.4472459799175e-05 0.00072053249110382 0.00015723077162673 -5.9338182200896e-05 0.00071866863989992 0.40199129343805 0.038183766184074 4 5 4 4 0
49.014243614466 8.4169915668568 112.88455963135 -0.007053 0.015206 1.8984353267949 0.0093372692924797 -0.013366499309153 0.013142553393671 -0.0096499364508469 -0.005611925107694 -0.14379482492436 -0.067306224973853 9.8086219418619 0.005480942778135 0.001986808660541 9.8099051010174 0.00021555693484077 -0.00022647093214526 0.00048068820564218 0.00022286867934918 -0.00022311571780134 0.00047899566912181 0.40199129343805 0.038183766184074 4 5 4 4 0
49.014241979844 8.4169926500096 112.92282104492 -0.006855 0.015019 1.8995743267949 0.0030355740856033 -0.0042574249530355 0.0042478028267078 -0.003049038743489 -0.003070916987149 -0.14400948622046 -0.066265078780751 9.8054493130101 0.003258254444681 0.00085521371311234 9.8067306510719 -0.00023163372748193 0.00011009208526207 0.00067722688727535 -0.00022143015201 0.00011473185518276 0.00067978765269485 0.39996249824202 0.0367695526217 4 5 4 4 0
49.01424392162 8.4169914865492 112.85316467285 -0.007172 0.015161 1.9001503267949 0.0044603725835465 -0.011726727337551 0.008014798210424 -0.0096527581994897 -0.0060288599958529 -0.14309945687321 -0.0669988291081 9.8094199747418 0.0055771341605754 0.0031680045869662 9.8106902866748 -0.0003187524484703 -5.5352023232446e-05 0.0011521070527436 -0.00030122977127159 -4.7086463374874e-05 0.0011571800854234 0.40136766187624 0.039597979746447 4 5 4 4 0
49.01424357298 8.416991582258 112.88800811768 -0.007053 0.015256 1.8983853267949 0.0098219881366345 -0.013403195729304 0.013612071796301 -0.0095304223351786 -0.0054042206923163 -0.14462036442087 -0.069908049604078 9.805285007879 0.0047052117156613 -0.00076290204491632 9.806599441362 -2.239027853083e-05 0.00050282256197148 0.0011176226275215 -5.4102980216591e-06 0.00051065803416485 0.0011142876164633 0.40199129343805 0.038183766184074 4 5 4 4 0
49.0142424403 8.4169921820755 112.90447235107 -0.006935 0.015076 1.9002333267949 0.0063442590706643 -0.0098710277816024 0.0091966341226941 -0.0072875775109207 -0.0043155043997613 -0.14050865462506 -0.065674336937881 9.8062311121578 0.0073483641412907 0.0024498798333295 9.807454794906 0.00015085879934465 0.00013276625184419 -0.00044267081427074 0.00014420312164231 0.00012971653569021 -0.00044581956328838 0.40058582101717 0.0367695526217 4 5 4 4 0
49.014244327198 8.4169916799728 112.82559967041 -0.007157 0.015053 1.9012913267949 0.0009963512616113 -0.0051696854729667 0.0026202281332682 -0.0045664979052 -0.0065752692456105 -0.14312805892036 -0.065665971373964 9.8118115084447 0.0047884756634634 0.0041325489202612 9.81307298492 -0.00061560572467614 -0.00038541821783322 -0.00078951815213166 -0.0006273973532753 -0.00039104100950897 -0.00077737372907337 0.40074555518433 0.039597979746447 4 5 4 4 0
49.014243413023 8.4169916258038 112.90265655518 -0.007002 0.015176 1.8984443267949 0.010248143313009 -0.013452615751893 0.014031553918879 -0.0094399604554507 -0.0046071156420782 -0.1494913746934 -0.070273900528935 9.8075285807662 -0.00034098075676944 -0.0015153533827759 9.808919288903 0.00019737335669376 -0.00049779398313587 0.00086708807225565 0.00021056193736099 -0.00049171061714152 0.00086741815529704 0.40199129343805 0.038183766184074 4 5 4 4 0
49.014243839476 8.416991502628 112.85942840576 -0.007109 0.015194 1.8995873267949 0.0056501375568275 -0.012276900480377 0.0093130446822618 -0.0097936148525565 -0.0060259401911466 -0.14187459917686 -0.068937665534713 9.8088703662594 0.0070822879092738 0.00099160827905133 9.8101359030215 0.00036785035923612 8.0783541854354e-05 0.00053671575070563 0.000375953824006 8.4592613008669e-05 0.00053048285590009 0.40136766187624 0.039597979746447 4 5 4 4 0
49.014242315038 8.4169923120445 112.90752410889 -0.006923 0.015066 1.9002333267949 0.0054090085875981 -0.0080187849159821 0.0077123082726952 -0.0058376911854671 -0.0040474667423672 -0.14416038215049 -0.070732851294615 9.8077861594163 0.0036262257113511 -0.0027011984422623 9.8090995935155 0.0002180279689851 5.6903846125212e-05 0.00063830019345641 0.00022762623037488 6.1320051382356e-05 0.00063454435588071 0.40058582101717 0.0367695526217 4 5 4 4 0
49.014243933652 8.4169915061004 112.85401153564 -0.007167 0.015142 1.9004373267949 0.0036594461324252 -0.010997876651754 0.0070243983329051 -0.0092197864008356 -0.005771938370147 -0.14711344817941 -0.068973680666196 9.8095548790062 0.0014620274883828 0.0012827059013069 9.810900190187 -1.7213028042124e-05 -0.00018394265658676 -0.00061975186424844 -2.6573193090108e-05 -0.00018837248520971 -0.00061809799916962 0.40136766187624 0.039597979746447 4 5 4 4 0
49.014244134893 8.4169915854735 112.84190368652 -0.007137 0.015111 1.9011143267949 0.0020464075721947 -0.0080198919631014 0.0045372092985647 -0.0069224514545323 -0.0058973464301491 -0.14328882378254 -0.070109715258582 9.809115055391 0.005044327986961 -0.00013477806916567 9.810410806881 5.1631754881719e-05 -0.00026450358815984 9.1550519069615e-05 5.304102989798e-05 -0.00026382835749781 9.2666567156128e-05 0.40136766187624 0.039597979746447 4 5 4 4 0
49.014242515326 8.4169921004106 112.90333557129 -0.006942 0.015085 1.9002353267949 0.0069369189712637 -0.010725303475971 0.010033777817711 -0.007904198192016 -0.0042927621691052 -0.1476149845141 -0.070374255127557 9.8096396512075 0.00051219168168089 -0.0020777479450094 9.8110024823046 0.00026582963734351 -0.00010502293479383 0.00065482160203566 0.00027572367637544 -0.00010050407228251 0.00065150250477758 0.40058582101717 0.0367695526217 4 5 4 4 0
49.014243482088 8.4169916045032 112.89730072021 -0.007067 0.01522 1.8983013267949 0.010322716391919 -0.013371390980835 0.014075745298295 -0.0093394863219978 -0.0049351235542931 -0.14535605003451 -0.067359475662166 9.8098712273328 0.0038417281080108 0.0016081556586055 9.8111787175829 -0.00060646892443385 0.00027334584274534 -0.00070087278360746 -0.00061710941203943 0.00026841135712671 -0.00069343239131717 0.40199129343805 0.038183766184074 4 5 4 4 0
49.014242032689 8.4169925922675 112.91932678223 -0.006865 0.014985 1.8996143267949 0.0035525318399858 -0.0052633482186588 0.0050623760870243 -0.0038335142144556 -0.0032527325185143 -0.13911132336337 -0.070629975144004 9.8102408898766 0.0081208288917278 -0.0031762825072012 9.8114776717924 9.0532843729416e-05 -0.00018701438331214 -0.00068123912875639 8.0326481903021e-05 -0.00019165725059385 -0.00068121056472496 0.40058582101717 0.0367695526217 4 5 4 4 0
49.014243989395 8.4169915556473 112.84883880615 -0.007171 0.015144 1.9011873267949 0.0023567742259413 -0.0096242022257432 0.0053513531604764 -0.0083392268091198 -0.0059053457243132 -0.14648221522605 -0.066363298901113 9.8041181252134 0.0018682476425041 0.0037404259163547 9.8054361230286 -0.00026588046551102 0.00021576470789216 0.00049277207412304 -0.00025840459747876 0.00021926348788131 0.00049520106320987 0.40136766187624 0.039597979746447 4 5 4 4 0
49.014243345982 8.4169916371517 112.90097045898 -0.006989 0.015173 1.8982923267949 0.010920172777379 -0.013437680979327 0.014662764820908 -0.009210050379507 -0.0045771209213774 -0.14341706298504 -0.067692187882325 9.8051769247677 0.005641444481816 0.00081510177174798 9.8064574211376 1.0348669864341e-05 -0.00049553861267782 4.118618560394e-05 1.1007940374356e-05 -0.00049528230104212 4.4472414431603e-05 0.40136766187624 0.038183766184074 4 5 4 4 0
49.014243076294 8.4169917044902 112.9047164917 -0.006947 0.015159 1.8990113267949 0.010947727459913 -0.013590846423251 0.014743680659829 -0.0093374907435256 -0.0047477069200222 -0.14224848806194 -0.064782857390309 9.8067581645697 0.0066346471863916 0.0034496204640076 9.8080012585069 0.00028575501105618 -0.00026584624508122 -0.0011882548019926 0.00026777675829942 -0.00027406957545209 -0.0011905535285263 0.40136766187624 0.038183766184074 4 5 4 4 0
49.014243938427 8.4169915341514 112.85545349121 -0.007177 0.015141 1.9008633267949 0.00278734577138 -0.01028858542483 0.0059726930740807 -0.0088290284625091 -0.0058123725243123 -0.14397158779979 -0.074669695083694 9.8076666444188 0.0044657929250814 -0.004467452548382 9.8090054222847 -0.00024389625641969 4.9583511268991e-05 -0.00026839977728926 -0.00024791631737042 4.7683419019597e-05 -0.00026503679199359 0.40136766187624 0.039597979746447 4 5 4 4 0
49.01424282492 8.4169918317038 112.90873718262 -0.007001 0.01511 1.8998223267949 0.0093618992386505 -0.013085637564034 0.013086908416356 -0.0093601981978534 -0.0041546480084172 -0.14773886396445 -0.069888194803053 9.809593552242 0.00077436247945926 -0.0012608203249547 9.8109547078699 -2.3965180759676e-05 -0.00037077424454868 -0.0003626872805912 -2.9401677964294e-05 -0.00037329388960604 -0.00035969431903106 0.40136766187624 0.038183766184074 4 5 4 4 0
49.014243711951 8.4169915457128 112.87246704102 -0.007093 0.01522 1.8984873267949 0.0086372383477115 -0.013035858305563 0.012373846431387 -0.0095616170472873 -0.0060510754017102 -0.14182621365522 -0.068729869453158 9.8063794079213 0.0074411619127211 0.00084708096690314 9.8076429360903 5.6410997930025e-05 -2.2469004058887e-05 0.00019378813933424 5.9342044008075e-05 -2.1096289053221e-05 0.00019302329727548 0.40199129343805 0.038183766184074 4 5 4 4 0
49.014242732955 8.416991899086 112.9098739624 -0.006984 0.015114 1.9001493267949 0.0085993889431906 -0.012844759555104 0.012290061659314 -0.009375140246495 -0.0040522818548875 -0.13919909664912 -0.064264291816564 9.8092086411301 0.0092029112784271 0.0043321477329288 9.8104015901612 0.00017199904087016 -5.5890369545069e-05 0.00026833593257585 0.00017604322985302 -5.4004218656815e-05 0.00026605867080217 0.40058582101717 0.0367695526217 4 5 4 4 0
49.014244157818 8.4169916233939 112.84030914307 -0.007178 0.015056 1.9012383267949 0.0015319086891565 -0.0071560542619472 0.0037707362957994 -0.0062719540617062 -0.0059540497575747 -0.14317659621101 -0.06757633818211 9.8075475545346 0.0047981623216845 0.0023570028883399 9.8088238056424 -0.00070847276138441 -0.00061927518276857 0.00051063218833414 -0.00070061374636392 -0.00061564590079563 0.00052561351085545 0.40136766187624 0.039597979746447 4 5 4 4 0
49.014242899703 8.4169917969904 112.90782165527 -0.007042 0.015181 1.8995833267949 0.010072980936412 -0.013281246934375 0.013820410973239 -0.0093195338867682 -0.0043567529322321 -0.14150083862366 -0.067619880914883 9.8079510655532 0.0070970033790731 0.0010454933770068 9.8092024478106 -0.0006415467401233 0.00069797726846715 -9.4804798230402e-05 -0.00064296832070985 0.0006973044338763 -9.0008290817317e-05 0.40136766187624 0.038183766184074 4 5 4 4 0
49.014243120497 8.4169917019119 112.90093994141 -0.006959 0.015166 1.8988343267949 0.011220788668249 -0.013462902931411 0.014958317018788 -0.0091326544996998 -0.0052598249028057 -0.14909482626622 -0.070196594277979 9.8129273473671 -0.0002035912150683 -0.0018622305489272 9.8143107240211 0.00018318732744787 4.5027092972674e-05 -0.00052264068811638 0.00017524381891424 4.1391361543994e-05 -0.00052562435015456 0.40136766187624 0.038183766184074 4 5 4 4 0
49.01424221503 8.4169924012391 112.9112701416 -0.006916 0.015017 1.8999343267949 0.0048486004387505 -0.0072666045479817 0.0069377778865607 -0.0053084494165182 -0.0039067155805106 -0.14982726067477 -0.069796584539555 9.8091912914361 -0.0023090849547365 -0.0020494067655107 9.8105833705124 -0.00019911370934323 -0.00025057367798055 -7.7885226934892e-05 -0.0002002500433265 -0.00025107424368643 -7.3147710433921e-05 0.40058582101717 0.0367695526217 4 5 4 4 0
49.014242366948 8.4169922664923 112.90657043457 -0.006913 0.015054 1.9001933267949 0.005641159329799 -0.0087677644802719 0.0081744943727638 -0.0064710183828638 -0.0043149102862886 -0.14561749859037 -0.07158342488293 9.8081104887351 0.0022762564522852 -0.0035931423369329 9.8094517222591 0.00028272635766697 -0.00033940319274389 0.00026369612666897 0.00028674313695004 -0.00033756628923946 0.00026174837339307 0.40058582101717 0.0367695526217 4 5 4 4 0
49.014243307658 8.4169916459149 112.89838409424 -0.00696 0.015176 1.8983193267949 0.011265936584352 -0.013609200647316 0.015045502467447 -0.0092609225715838 -0.0049870265167207 -0.13950803134118 -0.067283420062232 9.809638620349 0.0094672126825356 0.0011378419789148 9.8108568912758 0.0003167397642552 -0.00018409115974376 5.4368777448605e-05 0.00031757248500959 -0.00018374281305083 5.0839308658161e-05 0.40136766187624 0.038183766184074 4 5 4 4 0
49.014241775259 8.4169928170186 112.93260192871 -0.006813 0.015006 1.8990973267949 0.00224205579727 -0.0018242059564509 0.0027105983878206 -0.0010036659564089 -0.0025819586385744 -0.14123354431493 -0.069010250580749 9.8045967266776 0.006163823328829 -0.0023346231225595 9.8058544972778 -0.00018462364448876 -0.00045504089078731 -0.00028178632379107 -0.00018878924918636 -0.00045695961905446 -0.00027588663074794 0.39996249824202 0.0367695526217 4 5 4 4 0
49.014243195574 8.4169916890251 112.89553070068 -0.006926 0.015184 1.8984583267949 0.011579821408473 -0.013572286527797 0.015330952409809 -0.0091247495501672 -0.0053496696795449 -0.144280031963 -0.069379284924649 9.8079268283398 0.0045534451698223 -0.0011150335812817 9.8092322472043 0.00065332268898781 0.00026453894567376 0.00013789873757121 0.00065532457159099 0.00026547836066199 0.00012616102233318 0.40136766187624 0.038183766184074 4 5 4 4 0
49.014243804716 8.4169915196187 112.86243438721 -0.007125 0.015167 1.8991613267949 0.0065160199835042 -0.012536435880272 0.010212603272452 -0.0097634925711485 -0.0061197253156221 -0.14615826567477 -0.070203255800806 9.8126902688236 0.002876288334287 -0.00035370321772722 9.8140293237492 -0.00013194018158887 -0.00043738548068606 0.00041654151473473 -0.00012555752676536 -0.00043441600919722 0.00042160194560281 0.40136766187624 0.039597979746447 4 5 4 4 0
49.014243011042 8.4169917437363 112.90596008301 -0.007036 0.015184 1.8992883267949 0.010590178916129 -0.013485369085243 0.014373422948657 -0.0093494545431603 -0.0046934100499612 -0.14508193240329 -0.07243005652833 9.8064193721339 0.003583990504201 -0.0038312853120424 9.8077588390886 -0.0006934479041446 0.00052078483668238 0.0012043867939191 -0.00067512659793353 0.00052921403118651 0.0012110577516343 0.40136766187624 0.038183766184074 4 5 4 4 0
49.014243764257 8.4169915409171 112.86646270752 -0.007126 0.015224 1.8985053267949 0.0079098277062756 -0.012852808041967 0.011628560432085 -0.0096197005719255 -0.0061962914775546 -0.14594057756844 -0.073089858455569 9.8053701648497 0.0032955514371706 -0.0033540968916336 9.8067274128221 -0.00024961754950895 1.3199767092198e-05 -0.0011726365201577 -0.00026746537452441 4.8572354029549e-06 -0.0011687627023753 0.40199129343805 0.038183766184074 4 5 4 4 0
49.014243543549 8.4169915772135 112.89206695557 -0.007081 0.015189 1.8983743267949 0.010210744275878 -0.013382389994024 0.013973499934604 -0.0093855727189444 -0.0053138990273627 -0.14148886750645 -0.070983151346297 9.8057569656317 0.0076496331743915 -0.0019229927345598 9.8070314902526 -0.00063561807924207 -0.0003053637229562 -0.00015633574988465 -0.0006378697040052 -0.00030646494101253 -0.0001445153650291 0.40199129343805 0.038183766184074 4 5 4 4 0
49.014242134295 8.4169924773286 112.91529083252 -0.006847 0.015042 1.8998353267949 0.0042116702954375 -0.0065230571516112 0.0060938773880815 -0.0048117596581821 -0.0035799254652861 -0.14378658025025 -0.069743539813259 9.8087174927413 0.0036988550088878 -0.0022118094415861 9.8100182252425 0.00063317394666957 0.00023748821526632 -3.3263782635472e-05 0.00063258356060903 0.00023728020899528 -4.4418911064123e-05 0.40058582101717 0.0367695526217 4 5 4 4 0
49.014241841077 8.4169927860489 112.92771911621 -0.006808 0.015043 1.8992003267949 0.0022725268319798 -0.0024593579941829 0.0029445585261329 -0.0015945326674211 -0.0025920228937347 -0.14633482943974 -0.0706187664274 9.8098156215023 0.0011413673304779 -0.0037598004250764 9.8111602078561 9.5169777554087e-05 0.00022285017310156 0.0002474911315915 9.8811003403682e-05 0.00022451183492955 0.00024449215624811 0.39996249824202 0.0367695526217 4 5 4 4 0
