49.014245709734 8.4169962100217 113.26008605957 -0.006359 0.014226 1.9250413267949 0.035398652274246 -0.0042407354956332 0.034672140402652 0.0083000741913631 -0.021833779590844 -0.13905610411098 -0.071370502856167 9.8050815781151 0.00033720115781735 -0.0091012588220116 9.8063234026766 1.7631001149809e-05 0.00021842346598077 0.00092944723777442 3.0818744243859e-05 0.00022432209297203 0.00092769959055592 0.3882087067545 0.037483329627983 4 5 4 4 0
49.01424584438 8.4169949842288 113.32067108154 -0.006405 0.014111 1.9278283267949 0.033202100202604 -0.0044613461596143 0.032668130401858 0.0074213223676067 -0.022116072185876 -0.12953946420057 -0.061617900848765 9.8053431935252 0.0084990074969726 0.0011694200146755 9.8063887466461 6.1846778242882e-06 0.0006465813833617 0.00040069344550786 1.1724482157317e-05 0.0006491343323576 0.00039639441926998 0.3890051413542 0.037483329627983 4 4 4 4 0
49.014245710126 8.4169963361052 113.25037384033 -0.006378 0.014219 1.9248383267949 0.035457625697218 -0.0040446781661226 0.034659950422457 0.0085023291514761 -0.022089363825279 -0.13086062192057 -0.059624503122226 9.804891658792 0.0085101087841283 0.0026064886456261 9.8059424221751 -0.00044301314438519 0.00014585134132739 -0.0012379144879294 -0.0004605587374244 0.0001379717051647 -0.0012324087125688 0.3882087067545 0.037483329627983 4 5 4 4 0
49.014245743601 8.4169959622649 113.27557373047 -0.006373 0.014186 1.9253703267949 0.03549799765329 -0.0057394441853736 0.035283143705243 0.0069390670670493 -0.021024895687482 -0.13224181303697 -0.060456081837458 9.8070939799016 0.006945666590667 0.001929696188755 9.8081698638902 -7.9748089733769e-05 -6.7789436328281e-05 0.00065194102314989 -7.0497447036781e-05 -6.3629086832837e-05 0.00065344683454493 0.3882087067545 0.037483329627983 4 5 4 4 0
49.014245845173 8.4169948123767 113.3189163208 -0.006432 0.014063 1.9280583267949 0.032277543394056 -0.0045787046024553 0.031841068901192 0.0069965027874183 -0.02269598940906 -0.13170016656555 -0.065207983276012 9.8085887630259 0.0062693649465145 -0.002191183381812 9.8096872838459 1.1877464662928e-05 -1.2396063186306e-05 0.00065119820667006 2.1044379693564e-05 -8.1925953811315e-06 0.00065103315754202 0.3890051413542 0.037483329627983 4 4 4 4 0
49.014245800256 8.416995527838 113.29917907715 -0.006445 0.01417 1.9261173267949 0.035713348570532 -0.0070298040190198 0.035928550564463 0.0058310279825613 -0.02068930924515 -0.1380358094806 -0.069099636107878 9.8057802503266 0.0008880420566947 -0.0061762408722497 9.806993416332 -0.00039210489784957 0.00013129397061704 0.0006540786962225 -0.00038278802299527 0.00013549879656201 0.00065870382008849 0.3890051413542 0.037483329627983 4 5 4 4 0
49.014245831465 8.4169944201225 113.31900787354 -0.006454 0.014049 1.9285743267949 0.03000535312746 -0.0061637159056707 0.030263848568937 0.0047341341108002 -0.023160555008034 -0.13617650477621 -0.063680417484669 9.8063332710848 0.0016998071518617 -7.8542931363822e-05 9.8074850627443 0.0005696345421602 -0.00015213578241614 -9.265798538818e-05 0.00056830034393999 -0.00015270668367628 -9.9655845916472e-05 0.38980251410169 0.037483329627983 4 4 4 4 0
49.014245733753 8.4169942389741 113.29235839844 -0.006494 0.014014 1.9299873267949 0.02511210203833 -0.0042233349286102 0.024994777271781 0.0048699733980572 -0.025446382753717 -0.14120676385284 -0.066760449739155 9.8058751248543 -0.0041831636370295 -0.0028620319166249 9.8071178375086 0.00050590898914103 0.00085693317970364 0.00016501892925372 0.00050805033550585 0.00085798809300116 0.00015232739204469 0.39180735062017 0.038183766184074 4 4 4 4 0
49.014245830145 8.4169944365609 113.31564331055 -0.006488 0.013965 1.9287033267949 0.029744459040149 -0.0056812094356866 0.029850160560413 0.0050966756429352 -0.023345593258385 -0.13765310052685 -0.067251605565932 9.8100598062965 -7.7029111614101e-05 -0.0036535924197821 9.8112553824544 -0.00014626470976613 -0.00094501054282213 0.00077096627625422 -0.0001353711309377 -0.00093998064498986 0.00077906232727093 0.38980251410169 0.037483329627983 4 4 4 4 0
49.014245811744 8.416995186254 113.31962585449 -0.006443 0.014141 1.9268903267949 0.034072486870651 -0.0068137918674991 0.034311106179395 0.0054871254298992 -0.02089538914866 -0.13369779570437 -0.061500008121468 9.8099637415327 0.0050055063675676 0.00171596860396 9.8110661081997 -4.7032038770859e-05 0.00013997651169028 0.00079605475522158 -3.5780912622919e-05 0.00014509541876544 0.00079572776624829 0.3890051413542 0.037483329627983 4 4 4 4 0
49.014245798832 8.4169953060862 113.31268310547 -0.006477 0.014189 1.9263373267949 0.0345485241403 -0.0075943242099963 0.035031533794374 0.0049056847922547 -0.020472871792374 -0.14115892603044 -0.065635066709988 9.806861367221 -0.0022139471354617 -0.0023382552650122 9.8080965949379 -0.00038237221402445 0.00042877699528578 0.00020856006967182 -0.00037942805100375 0.000430081769683 0.0002111821778444 0.3890051413542 0.037483329627983 4 4 4 4 0
49.014245819903 8.4169951556958 113.32012176514 -0.006406 0.014118 1.9270223267949 0.03398055839706 -0.0059719813470353 0.03393030396092 0.006250954405151 -0.020923091499456 -0.13500592612389 -0.068082972879623 9.8117816437296 0.0035831561294979 -0.0049454512680517 9.8129448526913 0.00048195206375443 -4.3789332855931e-05 0.00024809772721156 0.00048544211154053 -4.21697583594e-05 0.00024151702413028 0.3890051413542 0.037483329627983 4 4 4 4 0
49.014245763659 8.4169942735076 113.29349517822 -0.006518 0.013934 1.9296693267949 0.026021371236887 -0.0040917856155538 0.025801175331674 0.0053060200981772 -0.025448159862413 -0.13292496075664 -0.063285260499462 9.8096524253937 0.0039739425475908 0.00071846842374797 9.8107564098606 0.00020401234886327 -0.00028036227904696 -9.4711113108089e-05 0.00020270097152575 -0.00028094860255016 -9.5718438986333e-05 0.39180735062017 0.038183766184074 4 4 4 4 0
49.014245797953 8.4169955860412 113.29555511475 -0.006411 0.014179 1.9260333267949 0.03594283680343 -0.0069979706095309 0.036133296087315 0.0059367400759548 -0.020734750394275 -0.13592729099461 -0.065856076405551 9.8044600563348 0.0030640706458257 -0.0029742885071025 9.8056224867642 0.00014925439646098 0.00010384233498086 0.00080977726121735 0.00016068821624047 0.00010903278510464 0.00080689239873073 0.3890051413542 0.037483329627983 4 5 4 4 0
49.014245829277 8.4169951261972 113.31996154785 -0.006416 0.014081 1.9271723267949 0.033930607839645 -0.0057398149218145 0.033801709805585 0.0064556171339842 -0.021356442979948 -0.13207538384373 -0.05964885229351 9.8054441617633 0.0062737976991593 0.0032160220613699 9.8065125698252 -0.00012635496788072 -0.0004291710244294 3.5854522264287e-05 -0.00012577856440101 -0.00042891467382918 4.0384105269121e-05 0.3890051413542 0.037483329627983 4 4 4 4 0
49.014245694104 8.4169940683683 113.29022979736 -0.006545 0.01392 1.9305053267949 0.022640918870818 -0.0048664409630894 0.022905062315903 0.0034134949480099 -0.025508789971643 -0.13686107839604 -0.067824808357933 9.8096721600281 -0.00022563025252373 -0.003687439256195 9.8108607461476 -1.640771683498e-05 -0.00014436898926991 0.00090306040358071 -3.839431106718e-06 -0.00013842945114242 0.00090412343439418 0.39302035570693 0.038897300677553 4 4 4 4 0
49.014245829746 8.4169944269032 113.30924987793 -0.006471 0.013971 1.9287633267949 0.029288612792034 -0.0046031853722203 0.029044952421614 0.0059500112254617 -0.023992081432967 -0.13556341822649 -0.059751738316292 9.8108115003142 0.0017594519872917 0.0038676353633376 9.8119293728022 0.00021539879425067 -0.00038445630744615 0.00017262504587036 0.0002178759703518 -0.00038328658707049 0.0001720784692973 0.38980251410169 0.037483329627983 4 4 4 4 0
49.014245702101 8.4169964281804 113.2424621582 -0.006328 0.014179 1.9250183267949 0.035473366362479 -0.0037336814954066 0.034566253980846 0.0088019439256763 -0.022424670499303 -0.1397299931765 -0.062408853173637 9.8073862217434 -0.00044750393621479 -0.00019171478083672 9.8085802556972 0.00033715754412658 -0.00033333873552325 0.00080479905052513 0.00034862301220955 -0.00032820057040525 0.00080203531978072 0.3882087067545 0.037483329627983 4 5 4 4 0
49.014245846186 8.4169950208491 113.32038116455 -0.006416 0.014122 1.9276813267949 0.033511314945756 -0.0045026639705278 0.032973522617883 0.0074851485364799 -0.022045923252522 -0.13193507680615 -0.06822373626252 9.8055533650386 0.0063008032774583 -0.0053804616108013 9.8066746464597 -0.00010357223200292 0.00049840113520193 0.00042047369109907 -9.769899466813e-05 0.0005010836501642 0.00041868933285938 0.3890051413542 0.037483329627983 4 4 4 4 0
49.014245693632 8.41699412051 113.29065704346 -0.006534 0.013938 1.9303883267949 0.023096169355754 -0.0044254903516494 0.023176179161756 0.0039853206598501 -0.025515300090454 -0.12999798630512 -0.060416528768826 9.8049880548697 0.0066496700281785 0.0036269380922062 9.8060329561673 8.406955242784e-05 5.2335797000865e-05 -0.00037369002674561 7.8850877501423e-05 4.9887512522222e-05 -0.00037517984320238 0.39180735062017 0.038183766184074 4 4 4 4 0
49.014245773147 8.4169954120868 113.31046295166 -0.006452 0.014166 1.9263313267949 0.035048781684227 -0.0075601207059906 0.035489181136721 0.0051081247852918 -0.020435018911124 -0.14015015830289 -0.062887490045108 9.8057441102818 -0.0013208859946776 0.00015013926679806 9.8069472852879 -0.00030559453499483 0.00031226700987008 0.0012200949957394 -0.00028828580662408 0.00032015097403687 0.0012222461944934 0.3890051413542 0.037483329627983 4 4 4 4 0
49.014245829714 8.416994401142 113.30146789551 -0.006513 0.013954 1.9289243267949 0.028558715459849 -0.0041928197529669 0.02821694229557 0.0060814351921962 -0.024632696637913 -0.13609803413357 -0.066414905372191 9.8097692470135 0.0009779629215133 -0.0026333520596617 9.8109375934952 -0.0001720576046284 -0.00027642597980229 0.00071490537772205 -0.00016204316905394 -0.00027177961690675 0.00071902808904114 0.39180735062017 0.038183766184074 4 4 4 4 0
49.01424578847 8.4169956729829 113.29176330566 -0.006434 0.014182 1.9258903267949 0.035683385597461 -0.0067898025546731 0.035818713450528 0.0060355105621547 -0.020749798811835 -0.13688680532677 -0.061920433004702 9.8109441709833 0.0022543996402332 0.00081803750539372 9.812094230879 -0.00064991183798949 -9.5431686905195e-06 0.0014024591103515 -0.00062998505918543 -5.7448334911845e-07 0.0014115253924325 0.3882087067545 0.037483329627983 4 5 4 4 0
49.014245731324 8.4169960292352 113.27201843262 -0.006337 0.014198 1.9251963267949 0.035598073425951 -0.0052836367799925 0.035219846251409 0.0073961588580546 -0.021055232938873 -0.13903347554328 -0.063944681259282 9.8093418487966 0.00014035880230713 -0.0016053041351894 9.810535940812 0.00044754950568993 0.00025668690483669 -0.00020217504449255 0.00044462808939426 0.00025542560934608 -0.00021010753802431 0.3882087067545 0.037483329627983 4 5 4 4 0
49.014245834355 8.4169944380384 113.31250762939 -0.006514 0.013993 1.9287283267949 0.029606582621131 -0.0050673677554232 0.029505591171689 0.0056255838115788 -0.023673234792701 -0.13350470721818 -0.062583128531055 9.8077589269825 0.0039212196252595 0.0010163642641108 9.8088666120599 -0.00056132218356583 -0.00026114531289673 0.00013302119783493 -0.00055940229433035 -0.00026030710411607 0.00014248625485384 0.38980251410169 0.037483329627983 4 4 4 4 0
49.014245851447 8.4169950576869 113.31946563721 -0.006434 0.01407 1.9275473267949 0.033769655876451 -0.0048903260248447 0.033352190127539 0.007206603874895 -0.021814031023901 -0.13740554946091 -0.065298636478686 9.8076793862918 0.00080108307606773 -0.0024699730811849 9.8088590080627 -0.00049329995749105 -0.00030771175167067 0.00085523579733454 -0.00048117757897227 -0.0003022374277186 0.00086406435543654 0.3890051413542 0.037483329627983 4 4 4 4 0
49.014245777289 8.4169943003347 113.29558563232 -0.006578 0.013928 1.9294943267949 0.026738050302171 -0.0042346216098397 0.026523454093251 0.0054187076443561 -0.025277004249427 -0.14036769521616 -0.062847420343394 9.8077417073336 -0.0034538910003213 0.0012344316746459 9.8089466142467 -0.00069047123644836 -0.00043178333896015 0.0001929546271921 -0.00068770571866791 -0.00043052015843227 0.00020541959303815 0.39180735062017 0.038183766184074 4 4 4 4 0
49.014245754754 8.416995853703 113.283203125 -0.006378 0.01422 1.9254623267949 0.035517521234962 -0.0060246987421186 0.035399633607609 0.0066826858204083 -0.020653085032207 -0.13712408787528 -0.06785982723476 9.807144188052 0.0019475530047213 -0.0053354734343578 9.8083363205977 6.0996528173218e-05 0.00072143894767975 0.00014680267508317 6.3006041705744e-05 0.00072238112840622 0.0001413191043544 0.3882087067545 0.037483329627983 4 5 4 4 0
49.014245843076 8.4169949325456 113.31935119629 -0.006455 0.014063 1.9279643267949 0.032815039479149 -0.0043253250969185 0.032256764214413 0.0074186183442406 -0.022430280319384 -0.13430932282317 -0.064113055297662 9.8080315304493 0.0036602109248727 -0.0012150294442928 9.809159990683 -0.00067226777163798 -2.5100571204505e-05 0.00042117455695656 -0.0006662880506137 -2.2383057963923e-05 0.00043071501105947 0.3890051413542 0.037483329627983 4 4 4 4 0
49.014245843694 8.4169946296255 113.31999206543 -0.006476 0.014057 1.9282733267949 0.031477623612576 -0.0054541550637968 0.031396521367317 0.0059031811136663 -0.022901363151157 -0.14013484504762 -0.066902902172513 9.8046519517394 -0.0024235307861478 -0.0036280027584536 9.8058807563904 -0.0002955251921647 0.00020614403896271 0.00063995331052782 -0.00028653012501425 0.00021028501226491 0.0006427055080555 0.38980251410169 0.037483329627983 4 4 4 4 0
49.014245763291 8.4169957425556 113.28984832764 -0.006377 0.014189 1.9256723267949 0.035662919529062 -0.0062806087196037 0.03562376843813 0.0064990887309147 -0.020672474972712 -0.13764000569969 -0.062918903991844 9.804737665394 0.0013813211256337 -0.00025334854887871 9.8059056576853 0.00033605486899365 0.00021369040129957 0.00089165295477791 0.00034864477169458 0.0002194246636996 0.00088543671738702 0.3882087067545 0.037483329627983 4 5 4 4 0
49.014245828505 8.416994465013 113.32196044922 -0.006513 0.014016 1.9284763267949 0.030556541830999 -0.0063071212677074 0.030831064194837 0.0047883336201391 -0.022862856097252 -0.13506679235462 -0.061411481449701 9.8067448622343 0.0026897609812125 0.0021734541869873 9.8078666687055 -0.00043122363211735 -0.00049613703544212 0.00067419254878744 -0.00042167168261353 -0.00049175970270123 0.00068337602773117 0.38980251410169 0.037483329627983 4 4 4 4 0
49.014245818363 8.4169952458891 113.31526947021 -0.006434 0.014094 1.9266633267949 0.034299649504022 -0.0071595667572066 0.03464561148564 0.0052351148068712 -0.020634407932378 -0.14078349571619 -0.064953835377043 9.8096409649913 -0.002039706760189 -0.0017730734291198 9.8108658018136 9.3634616354647e-05 -0.0007980170651818 0.00099523800269312 0.00010779327121566 -0.00079161602314476 0.00099893058292693 0.3890051413542 0.037483329627983 4 4 4 4 0
49.014245821685 8.4169944257198 113.32168579102 -0.006507 0.014031 1.9285713267949 0.03018785695964 -0.0062600286920027 0.030468795003018 0.0047060836828426 -0.022770353240165 -0.13328515945933 -0.065918573802488 9.805118159576 0.00451411042895 -0.0022519981273351 9.8062442635769 -0.00020078338558989 -0.00035056540178578 0.0005817659408164 -0.00019257059876458 -0.00034681996444977 0.00058678805349854 0.38980251410169 0.037483329627983 4 4 4 4 0
49.0142457271 8.416996115529 113.26582336426 -0.006394 0.014117 1.9250673267949 0.035555210250923 -0.0047346371072298 0.034989888631132 0.0078929096058674 -0.021566164758549 -0.13096528858864 -0.063269719191293 9.8118847346268 0.0082029965473588 -0.00087228792411876 9.812959689134 -0.00045395519978335 -0.0011694220219903 0.0004476185248074 -0.0004473980511717 -0.0011665243878189 0.00046147277562457 0.3882087067545 0.037483329627983 4 5 4 4 0
49.014245838745 8.4169945168338 113.32097625732 -0.006482 0.014063 1.9283433267949 0.031030122847725 -0.0060452206468521 0.031183435936743 0.0051968205443376 -0.022784389712341 -0.13757353680485 -0.064554813756095 9.8099394399496 0.00037316930680066 -0.0010832257672416 9.8111164300691 -0.00010049944627295 7.6386326783432e-05 -0.00030953589325169 -0.00010486559748086 7.4403366910449e-05 -0.00030857669079798 0.38980251410169 0.037483329627983 4 4 4 4 0
49.01424583523 8.4169946814464 113.32009124756 -0.006484 0.014035 1.9281593267949 0.031693155405046 -0.0052351303800358 0.031522332164867 0.0061810607918167 -0.022623401473465 -0.13368104347494 -0.060732437501921 9.8112892747439 0.0041919950426268 0.0026260441590684 9.812386728177 -0.00035594336970315 -0.00026558979900624 -8.9144615027974e-07 -0.00035588880974761 -0.00026559441950328 5.8331511317229e-06 0.3890051413542 0.037483329627983 4 4 4 4 0
49.014245808798 8.416994374015 113.29895782471 -0.006516 0.013979 1.9291233267949 0.027931265816806 -0.0039416377087443 0.027539960242325 0.0061026490737884 -0.024910425025233 -0.13702803732599 -0.064088482511109 9.8079360841692 3.4414801375772e-05 -0.00027386583678703 9.8091027472144 -9.5863791497566e-05 0.0001797348141745 -0.00015681652978426 -9.8059815530231e-05 0.00017866566149334 -0.00015662952468258 0.39180735062017 0.038183766184074 4 4 4 4 0
49.014245834895 8.4169944116584 113.30539703369 -0.006497 0.013989 1.9287883267949 0.028992065984363 -0.0045849107050331 0.028760372900574 0.0058653426542497 -0.024352760629303 -0.13728379015637 -0.063592987954119 9.8079144483611 2.0238918715623e-05 3.9910663448006e-05 9.809081317363 -0.000124380342635 -0.00012187829266845 -0.00065950024212496 -0.00013354699074089 -0.00012613936660785 -0.00065689257825898 0.38980251410169 0.037483329627983 4 4 4 4 0
49.014245850622 8.4169948825432 113.31816101074 -0.006446 0.014079 1.9279173267949 0.032532339040282 -0.0043633102728562 0.032005032412597 0.0072848505192246 -0.022484778215408 -0.13917583337216 -0.064693707062186 9.8069669965679 -0.0012348600912913 -0.0017071680110044 9.8081678966169 -0.00030212091416616 0.00025703395432234 -0.00021176640571675 -0.0003050812280445 0.00025567560973279 -0.00020914874322739 0.3890051413542 0.037483329627983 4 4 4 4 0
49.014245693977 8.4169941670069 113.29160308838 -0.006551 0.013948 1.9304413267949 0.023538631641697 -0.0043000919292428 0.023546470147406 0.0042569757923312 -0.025540902403749 -0.13950574996623 -0.071385630598295 9.8087944067515 -0.0026963360402271 -0.0073246901918875 9.8100431284892 -0.00026529649204836 0.00010085461159408 0.0005738204442155 -0.00025729976525297 0.00010458578650905 0.00057677323065902 0.39180735062017 0.038183766184074 4 4 4 4 0
49.014245843783 8.4169947470254 113.31929779053 -0.006452 0.014023 1.9280943267949 0.031900213641932 -0.0050572881435015 0.03165458130502 0.0064177538435885 -0.022696952130677 -0.14414625231025 -0.066350181462553 9.8087734491842 -0.0062848751483815 -0.00326377544823 9.8100546027176 -0.00025077409588914 -0.00053856554754508 0.00048242377938029 -0.00024391136872377 -0.00053544769254255 0.00048933002636888 0.3890051413542 0.037483329627983 4 4 4 4 0
49.014245783172 8.4169953493486 113.31175994873 -0.006438 0.014165 1.9262643267949 0.034721093949478 -0.0078247656297862 0.035273770945136 0.0047479643736275 -0.020173254261311 -0.136964628202 -0.064578454105156 9.8118151269184 0.0020554853888075 -0.0013502466643315 9.8129836452234 0.00016547893369554 2.9929446937648e-05 -0.00034977110726587 0.00016050228240503 2.7656985355269e-05 -0.00035226569419323 0.3890051413542 0.037483329627983 4 4 4 4 0
49.014245845853 8.4169945685961 113.32048797607 -0.00647 0.01405 1.9282493267949 0.031423480422407 -0.0057604988309508 0.031452617556901 0.0055992217534714 -0.022759149642197 -0.1353406137022 -0.061379613136716 9.8090663190698 0.0026423410709455 0.0019713383486893 9.810191425492 -6.5329793999341e-05 -0.00025658224386888 -0.0010634363356921 -8.0293279832282e-05 -0.00026340049355848 -0.0010607498990341 0.38980251410169 0.037483329627983 4 4 4 4 0
49.014245810948 8.4169952604033 113.31446838379 -0.006455 0.014145 1.9264063267949 0.034488446391201 -0.007330880946812 0.034883078225917 0.0051347119801362 -0.020577521804056 -0.13378004434036 -0.060273913483532 9.8080796111268 0.0050696574542455 0.0030911372121699 9.8091754035944 9.7528318883111e-05 -0.00014637072200539 -8.8635888471412e-05 9.6318640339305e-05 -0.00014695681823308 -8.9059465564239e-05 0.3890051413542 0.037483329627983 4 4 4 4 0
49.014245843023 8.4169950987658 113.31897735596 -0.006408 0.0141 1.9273533267949 0.033812761415734 -0.0053359710190984 0.033549097647789 0.0067993926641553 -0.0216377163682 -0.14022109514001 -0.065968202577415 9.810849329342 -0.0017819692575214 -0.0030608323211169 9.8120726186132 6.6451749125336e-05 -0.00013912527573075 0.0002135078851778 6.9473945472199e-05 -0.0001377425195484 0.00021343630748009 0.3890051413542 0.037483329627983 4 4 4 4 0
49.014245801912 8.4169943402296 113.2971496582 -0.006511 0.013982 1.9292773267949 0.027401534197611 -0.004119432061042 0.027105298994284 0.0057547427970482 -0.025117498445889 -0.13124947399323 -0.062776051482468 9.8073681741856 0.0057914956103483 0.0011484377415953 9.8084456851613 0.00019464625459929 0.00021614511005798 0.00024890154355794 0.00019805791681223 0.00021774781812433 0.00024475431418511 0.39180735062017 0.038183766184074 4 4 4 4 0
49.014245718178 8.4169942113195 113.29151916504 -0.006532 0.013955 1.9302233267949 0.024425774515247 -0.004423403678185 0.024421434979767 0.0044474644138095 -0.025498402820093 -0.13224108027998 -0.062736127826926 9.808297291715 0.0046753294144345 0.0012321092927015 9.8093882143467 -9.8032772181674e-05 3.254564214341e-05 0.00048672523262554 -9.1235087433249e-05 3.570975541124e-05 0.00048779715910641 0.39180735062017 0.038183766184074 4 4 4 4 0
