49.011650854151 8.41606280657 115.73155975342 0.034171 0.009552 1.6205483267949 4.3392258049301 -0.34784621954915 4.3522592012788 -0.095831167262523 0.037865039380801 0.40889852932139 -0.21662182196328 9.7613262323335 0.49433061926714 -0.54553345747723 9.7446052718703 0.0095043616249579 0.0091038481783187 -0.14662088883308 0.0082211516295749 0.014042229757932 -0.14630939090142 0.19525624189767 0.03982461550348 4 6 5 5 0
49.011734307067 8.4160707973331 115.80743408203 0.039213 0.01283 1.3643023267949 4.3799298250895 0.79394575031712 4.4502049355482 -0.1004858598533 0.033895046105954 -0.38708796648867 0.13297717153869 9.7217138433694 -0.26325141814259 -0.24544604182225 9.7237504329928 0.0063255046237737 -0.0016081991596477 -0.080933303537575 0.0052947581882989 0.0015404368293956 -0.081015099284076 0.21550174013219 0.044687805943009 4 6 5 5 0
49.011646691782 8.416063368098 115.72289276123 0.032753 0.007989 1.6366403267949 4.2829923976451 -0.41269394147183 4.3019982500569 -0.095438612255624 0.048809182495593 0.47572378811225 -0.37599523147615 9.8868181636633 0.54462291812955 -0.69603779706249 9.8658937139428 0.0075074682182465 0.013375476254225 -0.14344313164278 0.0065117737963409 0.018015292525034 -0.14298991884603 0.19525624189767 0.03982461550348 4 6 5 5 0
49.011662981431 8.4160617595786 115.74320220947 0.03405 0.009782 1.5748483267949 4.4868488990193 -0.1542075011094 4.4886512129079 -0.098170236792515 0.01391344405406 0.40818035028621 -0.41537910558941 9.9537338627406 0.50611022621127 -0.74690916198327 9.9298660490264 0.014194500989902 -0.0064318068391873 -0.14983574726977 0.012714731604733 -0.001432948077659 -0.15009453134902 0.19608671551128 0.039051248379533 4 6 5 5 0
49.011746337833 8.4160740619701 115.8265838623 0.037737 0.013838 1.3461233267949 4.3005564616317 0.86732190169135 4.3860478398973 -0.099462266141692 0.0069584672412587 -0.27644564044806 0.11794881063435 9.5183907329943 -0.14229277366229 -0.24007456878265 9.5190776568278 0.0031339149114435 -0.0066732533197231 -0.052606743693684 0.0023892007732625 -0.0046898390029975 -0.052859863407661 0.23889118861942 0.050249378105604 4 6 5 5 0
49.011684201683 8.4160620315049 115.75606536865 0.036193 0.01137 1.4980693267949 4.6162593736073 0.21120741607685 4.6205643993046 -0.088604122494024 0.023458888175002 -0.0523105511411 -0.72990818271634 9.5933381737187 0.059078947531873 -1.0642583060523 9.5619394932308 0.024419614986833 -0.0098649784524367 -0.13811183622906 0.022804745643582 -0.0050438680354781 -0.13865236826332 0.19608671551128 0.039051248379533 4 6 5 5 0
49.011778242936 8.4160839440273 115.89966583252 0.045246 0.019964 1.3636593267949 4.2382852114031 0.84082255990189 4.3203561602955 -0.069962410926305 0.009824207352745 -0.15373783512581 0.71664770787207 9.8712948812203 0.035087525199433 0.2772140820326 9.8945313166655 0.012040535167531 0.01913524192731 0.085874278528246 0.013698623221123 0.015293291673684 0.086393607727769 0.23889118861942 0.050249378105604 4 6 5 5 0
49.01178210814 8.4160850748419 115.9070892334 0.048194 0.020275 1.3732233267949 4.2468034541514 0.81269564967456 4.3234878810099 -0.059869810380574 0.005135692276124 -0.16946882597602 0.86088584118169 9.7395805215044 0.026115316637647 0.40497209808597 9.7707877694555 0.023831305412472 0.008764666995587 0.094318182710382 0.025723967136919 0.0043427756015925 0.094118372825096 0.23321234958724 0.045276925690687 4 6 5 5 0
49.011709600076 8.4160653820361 115.77348327637 0.041117 0.009922 1.4218463267949 4.5435379554028 0.57777816341668 4.579628444502 -0.075293264648712 0.025586565795886 -0.24190945149844 -0.056323769774466 9.2980918855112 -0.14769501893839 -0.42526688730442 9.2906852143192 0.025467651812838 -0.0080812462034631 -0.10593713473127 0.024389024267319 -0.0038716319381276 -0.10643158148228 0.21550174013219 0.044687805943009 4 6 5 5 0
49.011696948638 8.4160632823457 115.75656890869 0.035305 0.01021 1.4566273267949 4.6061721533231 0.35805138441016 4.6182124739036 -0.13423148632773 -0.035746856030381 -0.25135275623019 -0.40698129747134 10.157247363411 -0.13895587478217 -0.77545769103285 10.138284192003 -0.017262807319563 -0.02116291832651 -0.13214937358511 -0.018744096637103 -0.016339024771665 -0.13262659882519 0.19608671551128 0.039051248379533 4 6 5 5 0
49.011713635282 8.4160661008676 115.77584075928 0.040763 0.00811 1.4114713267949 4.5236526744071 0.58955295239677 4.5605977837698 -0.10850673951576 0.0027160317327722 -0.26458070289092 0.32686266864176 9.8400495996198 -0.17738827827414 -0.076049837278438 9.8473242259675 -0.001757939610982 -0.01785848717381 -0.10411335168958 -0.0026884744318333 -0.013585562201026 -0.10475484450493 0.21550174013219 0.044687805943009 4 6 5 5 0
49.011814654337 8.4160919788087 115.94027709961 0.051576 0.012767 1.4336113267949 4.3586389099978 0.48301282346645 4.3835935425475 -0.12594893385648 -0.024714271706061 -0.11680189539717 1.1228395493908 9.8193582245708 0.030432196817106 0.59381721680882 9.866526401785 -0.038834321263046 -0.036478732196929 0.035649422901413 -0.038299661859415 -0.038361226887543 0.034181635062112 0.23321234958724 0.045276925690687 4 6 5 5 0
49.011679677278 8.4160617392577 115.75168609619 0.034113 0.011461 1.5133233267949 4.6144292959689 0.1081058377015 4.6143780662751 -0.11815581482 0.029378780474569 0.029627913683297 -0.39662627494541 10.313346491736 0.14808293546163 -0.74645908136263 10.292979450137 0.0046872129290405 -0.0059612797412432 -0.14925698761048 0.0029674378739744 -0.00089172979497374 -0.14941402293581 0.19608671551128 0.039051248379533 4 6 5 5 0
49.011718061409 8.4160669464589 115.77808380127 0.038353 0.00666 1.4003673267949 4.4962128978948 0.61573615739443 4.5363498674315 -0.12973749130332 -0.0036157659299097 -0.25728053146279 -0.073665643378163 9.8028491067477 -0.18352378592093 -0.46043446797405 9.7941978948699 -0.018994250301606 -0.019575049327556 -0.10036330862366 -0.019757385099153 -0.015596961125591 -0.10091521252783 0.21550174013219 0.044687805943009 4 6 5 5 0
49.011790250681 8.4160871978634 115.92710876465 0.051335 0.024182 1.3934693267949 4.2848233828135 0.72370360671183 4.3450799869814 -0.066898432907649 0.032041241765859 -0.16401380906361 0.98662753325734 9.6947060421307 0.060420470095969 0.49503466136312 9.73348190517 0.01055601690423 0.024258191447249 0.094087768025752 0.012749042427779 0.019467656264051 0.094933698965574 0.23321234958724 0.045276925690687 4 6 5 5 0
49.011642946299 8.4160639632147 115.71427154541 0.031896 0.006227 1.6508413267949 4.228450415701 -0.48002795750113 4.2545588578189 -0.10580148340461 0.052076939700004 0.49269093985278 -0.47230599113501 9.6992853756077 0.5432419724524 -0.7839442731539 9.6764147805061 -0.003598765309566 0.012976947306301 -0.14527028877132 -0.004351493326372 0.017645745228135 -0.14476653881312 0.19525624189767 0.03982461550348 4 6 5 5 0
49.011730398479 8.4160698335724 115.8002166748 0.038802 0.013001 1.3724923267949 4.4120153599902 0.7742226340936 4.4786619372655 -0.087985148173551 0.052821676073489 -0.40713831378296 -0.049655414549778 9.6354247255214 -0.2916677328816 -0.4141409108636 9.6310355581318 0.018010909511554 0.014048593369979 -0.087695826462847 0.016966292880205 0.017355259681816 -0.087332560240871 0.21550174013219 0.044687805943009 4 6 5 5 0
49.011688325577 8.416062415198 115.75865936279 0.038885 0.011989 1.4846933267949 4.6178995165992 0.28048992419627 4.625859379069 -0.082450019093044 0.024626811190199 -0.061318072404213 0.019744117676641 9.8708993122388 0.053416300388377 -0.35331312019597 9.8652654619363 0.021057692374703 0.001200652889972 -0.13465112598513 0.019491484907845 0.0062823591423464 -0.13473235903801 0.19608671551128 0.039051248379533 4 6 5 5 0
49.011798454132 8.4160889390541 115.93845367432 0.052571 0.023931 1.4102453267949 4.3170336067093 0.63272240042186 4.3624060337767 -0.084433405868385 -0.021701115008041 -0.19378339473794 0.83586388775141 9.6360914450994 0.042617652034224 0.33116863711397 9.6684325679295 0.0033258493475242 -0.0054451426799904 0.076801534184604 0.005193505494515 -0.0094487799300039 0.076303674128708 0.23321234958724 0.045276925690687 4 6 5 5 0
49.011675565286 8.4160616008884 115.74830627441 0.033502 0.012151 1.5282733267949 4.6093918178425 0.038429170262854 4.6081723174069 -0.11901516041075 0.0018561373058858 0.034365177685701 -0.30214814235602 9.7658820483904 0.14768888518967 -0.63499447094173 9.7489971671039 -0.0087903263978204 0.0041790361949109 -0.14840449014579 -0.010512391044836 0.0092364062710975 -0.14805909972848 0.19608671551128 0.039051248379533 4 6 5 5 0
49.011658600984 8.416062012918 115.74052429199 0.03283 0.010398 1.5913743267949 4.4318887636575 -0.2341793931325 4.4369987159405 -0.1068462028562 0.015607456233265 0.43122833061067 -0.47259130504694 9.5771276645239 0.53016334107821 -0.78780737328741 9.5514745330332 -0.00039536273683984 -0.0039257325425324 -0.14456440652286 -0.0018928785285284 0.00083872682324545 -0.1445997484292 0.19525624189767 0.03982461550348 4 6 5 5 0
49.011786372012 8.4160862495376 115.91753387451 0.049822 0.022062 1.3839623267949 4.2691439814143 0.76431323967767 4.3366140283885 -0.065629476197684 0.02958606125881 -0.082860519264735 0.97174657416686 9.9692477488471 0.12752293395085 0.48520227557339 10.004318703168 0.017516667007677 0.022688379071756 0.095505294574945 0.019542753780135 0.018010199080508 0.096112151194324 0.23321234958724 0.045276925690687 4 6 5 5 0
49.011726045938 8.4160687270167 115.79203796387 0.037124 0.010742 1.3820573267949 4.4493156374135 0.72836499358034 4.5076614811568 -0.09588390713667 0.06221528270593 -0.2751891868299 -0.22741018747709 10.007252720457 -0.18478048544016 -0.59553711371196 9.9943828593513 0.0064399281007376 0.026104502039631 -0.092815840838514 0.0056077587718853 0.029503818949378 -0.091871199690151 0.21550174013219 0.044687805943009 4 6 5 5 0
49.011810684158 8.4160913125025 115.94237518311 0.0559 0.016651 1.4304063267949 4.3533970938521 0.54706258706722 4.3869279220492 -0.081909283285516 -0.024397347159144 -0.17685180847127 1.0662558099339 9.6976126595221 -0.0010608062190462 0.52429725087086 9.7435896366713 0.0015853372381109 -0.021498302856619 0.05935443242655 0.0026404617147521 -0.024768270276912 0.058011092012546 0.23321234958724 0.045276925690687 4 6 5 5 0
49.011666987447 8.4160616213488 115.7458190918 0.03558 0.009437 1.5593453267949 4.5353167777538 -0.086682916998517 4.5352518193812 -0.099458152578897 0.0039568056482144 0.42029155646003 -0.31082978525345 9.6284066992178 0.51310678627038 -0.64650932556263 9.6072482092494 0.013550611869376 -0.0092304107012306 -0.1532489073376 0.012067162483915 -0.0038759429068876 -0.15360288605464 0.19608671551128 0.039051248379533 4 6 5 5 0
49.011738198373 8.4160718056109 115.81508636475 0.038781 0.013185 1.3574873267949 4.3540296744142 0.81744350188481 4.4288811822787 -0.10533755125132 0.042952613240694 -0.32166276433952 0.083162426619704 9.8962031291404 -0.19406086775955 -0.30262458159161 9.8952716330987 -0.002534670881034 0.0023275977895039 -0.069667445885432 -0.0034301638834418 0.0050409087359431 -0.069486093929099 0.21550174013219 0.044687805943009 4 6 5 5 0
49.011758225762 8.416077499371 115.84239196777 0.040026 0.015338 1.3383423267949 4.2529936136278 0.90967960382054 4.3482142225287 -0.092380774881873 0.03774568481889 -0.23592722063758 0.33600474082167 9.9890289716706 -0.092267167223238 -0.061879256398573 9.9968757491501 0.0040226039916976 0.016554714319205 -0.0097190361856526 0.0038997313283466 0.016925380007542 -0.0091066965664696 0.23889118861942 0.050249378105604 4 6 5 5 0
49.011671476435 8.4160615648291 115.74725341797 0.034601 0.011099 1.5429273267949 4.590074313418 -0.024996669885547 4.5888636329441 -0.11416188018239 0.0075097351827248 0.32884151919228 -0.23938020065223 9.9141010340457 0.42916792408229 -0.58604751690426 9.8959611618003 -0.0052107114872258 0.011704399231645 -0.15054978571028 -0.006731571796723 0.016963581509207 -0.14998851097689 0.19608671551128 0.039051248379533 4 6 5 5 0
49.011770139334 8.416081426932 115.87949371338 0.042518 0.017651 1.3467083267949 4.2148136256859 0.89067884722647 4.3071604842119 -0.079780122308183 0.02483143582673 -0.14379046627454 0.51089765094134 9.546493064352 0.020961819352962 0.10784776074223 9.560569541165 0.0047190506320498 0.009083620285798 0.04731643200985 0.0055455774535085 0.0070732194161682 0.047570149761576 0.23889118861942 0.050249378105604 4 6 5 5 0
49.011705116542 8.4160645381821 115.76934814453 0.038199 0.010338 1.4335863267949 4.5641895325227 0.52247134101402 4.5935542442955 -0.077774540390275 0.057526061321097 -0.21371516790345 -0.28916875635647 9.8444226047094 -0.11285078935321 -0.65343691957644 9.8288098654217 0.021348545227854 -0.0029235283228551 -0.11109880806118 0.020205992530412 0.0011900289000572 -0.11134451535405 0.21550174013219 0.044687805943009 4 6 5 5 0
49.011774382911 8.416082772849 115.89108276367 0.043982 0.018227 1.3547653267949 4.2246480746307 0.86968707882771 4.3126312989404 -0.073466776567075 -0.0037555754628117 -0.16088609162398 0.72751161004241 9.7366810541844 0.014040196548936 0.30317339412847 9.7604946872817 0.0067816764607767 0.0083721421337449 0.070955661438367 0.0080618477743972 0.0052691228688886 0.071119719014999 0.23889118861942 0.050249378105604 4 6 5 5 0
49.011654714222 8.4160623642613 115.73636627197 0.033183 0.010543 1.6057293267949 4.3857300220519 -0.30548085605226 4.3949307058284 -0.11554326333574 0.026442641536374 0.27444706815584 -0.19126185037258 9.7306982056022 0.37239976343793 -0.51887418492786 9.7156229584792 -0.0073075442870273 0.0032586755689515 -0.14807268466352 -0.0087986285121165 0.0082449166655612 -0.14778835440017 0.19525624189767 0.03982461550348 4 6 5 5 0
49.011766297509 8.4160801579813 115.8667755127 0.042096 0.016902 1.3416903267949 4.2192885155079 0.90202307857016 4.3137855039614 -0.085488489616068 0.033540559986148 -0.33611004577815 0.51688575246206 9.700641430244 -0.17422129050292 0.11514134523686 9.7180507810602 0.011819681912988 0.0049608559010007 0.023465809068915 0.012216364664445 0.0039790571483674 0.023448012946272 0.23889118861942 0.050249378105604 4 6 5 5 0
49.011754402437 8.4160764032456 115.83391571045 0.039994 0.013503 1.3391153267949 4.262969027166 0.90694941429998 4.3574686079089 -0.089743548897478 0.015251404258749 -0.24332022592007 0.32413125945671 10.077030355006 -0.10971717601913 -0.072933873022135 10.084410722023 0.011275436008187 0.0033133351579654 -0.026158842075947 0.010929524625884 0.0043352652044626 -0.026151889898156 0.23889118861942 0.050249378105604 4 6 5 5 0
49.011802388472 8.4160897152252 115.9405670166 0.05378 0.020997 1.4170423267949 4.3243146878716 0.60551838403541 4.3657865272233 -0.081107774495808 -0.030156037166093 -0.15631676914291 0.69954995490476 9.8970315452359 0.06708072090329 0.17170085023996 9.9212846725315 0.0078748099843027 -0.02377849904916 0.070875938950055 0.0094426955106303 -0.027514508204958 0.069306371014185 0.23321234958724 0.045276925690687 4 6 5 5 0
49.011794155992 8.4160880377776 115.93635559082 0.052013 0.025189 1.4019473267949 4.3032501956976 0.67451503603154 4.3551753507354 -0.079274190221339 0.012037161291951 -0.15986091139311 0.99982882290037 9.3532228936052 0.070861298850839 0.51736694833257 9.3934010606307 0.0073445234619622 0.014956124453734 0.084623589488039 0.0094340096977768 0.010584781277967 0.085074254506179 0.23321234958724 0.045276925690687 4 6 5 5 0
49.011742466828 8.4160729525394 115.82366943359 0.037137 0.014532 1.3513733267949 4.3261625630467 0.84444409372289 4.4066341152836 -0.10321799103131 0.040701812322215 -0.28501219765192 0.048224157687005 9.55614049963 -0.1524586292281 -0.31333189274379 9.5541589877297 -0.011147253021828 0.0090898082856473 -0.057471659042062 -0.011935979151475 0.011260191392144 -0.056927344687559 0.23889118861942 0.050249378105604 4 6 5 5 0
49.01175019128 8.4160751687182 115.82861328125 0.038916 0.013068 1.3419433267949 4.2823940910312 0.89079284848017 4.373095980766 -0.093156064498349 -0.011856935835607 -0.23012709516977 0.16186474924178 9.7573268524359 -0.098956580383102 -0.21274354073212 9.7586377039533 0.010250475011499 -0.0084686822445692 -0.043439285494865 0.0096597852562536 -0.00679758295018 -0.043865408512291 0.23889118861942 0.050249378105604 4 6 5 5 0
49.011692436999 8.416062812594 115.75956726074 0.037793 0.012359 1.4715613267949 4.6195976478853 0.31251730894849 4.6288389994211 -0.11172829023128 -0.011244029161456 -0.091783380736806 0.083196870589829 9.1883769827368 0.021400262271904 -0.26540345850883 9.1854844548269 -0.00085047467328412 -0.0046485528575554 -0.13331876176585 -0.0024957635899227 0.00041024427558454 -0.13337107451746 0.19608671551128 0.039051248379533 4 6 5 5 0
49.011762037637 8.4160786513865 115.84889221191 0.04047 0.016571 1.3390153267949 4.2343365794421 0.91036399121198 4.3301988010941 -0.088059780900968 0.036101387797796 -0.34436431978979 0.36126177190532 9.7469528459875 -0.18848052612196 -0.030557546010318 9.7579080710191 0.0051591865737868 0.010474183807944 0.0050685477241759 0.005254472028497 0.010259610187128 0.0054000975772736 0.23889118861942 0.050249378105604 4 6 5 5 0
49.011701042016 8.4160638558902 115.76114654541 0.035771 0.009972 1.4445413267949 4.585599249726 0.44655467358082 4.6064107958727 -0.10245585472114 0.032245302301729 -0.18176709668456 -0.59978963709222 10.510556802151 -0.075793585803398 -0.97397815078348 10.483917999854 0.0031941161079484 -0.0070887109218341 -0.12213965923973 0.0019523317060875 -0.0027268371909652 -0.12233698092041 0.19608671551128 0.039051248379533 4 6 5 5 0
49.011722058991 8.4160677799516 115.78365325928 0.036441 0.007459 1.3912083267949 4.4729516882277 0.668410035987 4.5212015752354 -0.11737835523335 0.03105549608674 -0.21400893130298 -0.23283109281927 10.247357379905 -0.14243943485672 -0.61532966219728 10.232911296512 -0.015606209662685 0.0044472314111931 -0.093605552506306 -0.016261672216915 0.0079458330457388 -0.093281874403667 0.21550174013219 0.044687805943009 4 6 5 5 0
49.011806319084 8.416090485724 115.94297027588 0.055024 0.019191 1.4240223267949 4.339440019246 0.58659064980198 4.3783460714986 -0.071503819696123 -0.012486844150096 -0.048829576626031 0.79625542955754 9.7749071220218 0.14986850203068 0.26454384427579 9.802805549673 0.011177337961496 -0.015116994420222 0.070100397576142 0.012577606393596 -0.018899102469307 0.068939582375689 0.23321234958724 0.045276925690687 4 6 5 5 0
