49.014235368658 8.4169906123073 115.36770629883 -0.006462 0.01497 2.1717703267949 0.040814567334285 -0.032249758979972 0.051899041877509 -0.0035162858716114 -0.025371451431416 -0.1468389755216 -0.066687763687412 9.8099381788523 0.00037667580025804 -0.0030338596028064 9.8112630288875 0.00051646377888916 -0.00048446910459382 0.00050701640271458 0.0005240359485571 -0.00048115867748949 0.00050234083298346 0.37169476724861 0.036069377593743 4 5 4 4 1
49.014235141836 8.4169903710416 115.43504333496 -0.006424 0.014707 2.1695353267949 0.02930261492502 -0.023707749169686 0.037567011281922 -0.0030692354482954 -0.022857722713463 -0.14156085787108 -0.062634044490036 9.8047389466808 0.0025069528092727 0.0003596289285157 9.8059610338446 5.2083057124361e-05 0.00032299705268924 0.00093463119899239 6.5791745124745e-05 0.00032899305200887 0.00093167905882718 0.37586832800863 0.038897300677553 4 5 4 4 1
49.014235367543 8.4169906299912 115.36605072021 -0.006465 0.015033 2.1719323267949 0.04141557685371 -0.032581694569971 0.052583138780018 -0.0034392677039244 -0.025503540535595 -0.13606027283374 -0.055659034469057 9.804433339436 0.011368754197659 0.0078544640806831 9.8055256112287 0.00028871652648925 0.00011863776855949 -0.00018145448077433 0.00028593184006179 0.00011747370802729 -0.00018649100288583 0.37169476724861 0.036069377593743 4 5 4 4 1
49.01423537483 8.4169905448236 115.37372589111 -0.006512 0.014967 2.1713183267949 0.039666067430584 -0.031391305257419 0.050464646218067 -0.0034827637092093 -0.02512671863589 -0.14031188181639 -0.060137302604975 9.8072769526354 0.0063737934223963 0.0035078136582546 9.8084620438243 -0.00035513579149884 0.00026240530357388 0.00061764132389678 -0.00034587613168493 0.0002664124377868 0.00062117325430788 0.37169476724861 0.036069377593743 4 5 4 4 1
49.014235107379 8.4169903987199 115.44828033447 -0.006328 0.014677 2.1683103267949 0.028154767914884 -0.021456964007018 0.035348612416858 -0.0018896344759775 -0.022851744434347 -0.14104798080074 -0.063356937963571 9.807853582191 0.003148395433515 -0.00090537264958278 9.8090724226186 0.00065068967650664 -0.00031401314194193 0.0011571523299583 0.00066765921468717 -0.00030665053633063 0.0011494277403637 0.3778306498949 0.038897300677553 4 5 4 4 1
49.014235379081 8.4169904627271 115.38269042969 -0.006469 0.014897 2.1704313267949 0.038166354620553 -0.029404124211528 0.048102455628473 -0.0027255262968424 -0.025137820729823 -0.14342983076042 -0.062962381241615 9.8105240394918 0.0026200528622834 0.00062884034262427 9.8117739429134 0.00025133640132809 0.00037295781628208 6.5934750853039e-06 0.00025138615894178 0.00037300780789949 4.2382231047849e-07 0.37308578102093 0.038183766184074 4 5 4 4 1
49.01423520143 8.41699046835 115.47234344482 -0.006273 0.014738 2.1651433267949 0.02924292240364 -0.015788498362547 0.033068501659621 0.0033023455054655 -0.022905167033939 -0.1403282392026 -0.059926489595541 9.8053578396729 0.0044689040810756 0.0016977684041752 9.8065441988402 0.00014060689351544 -0.00048772169639413 0.0008136054024176 0.00015264019983395 -0.00048256899696567 0.00081448101902079 0.3778306498949 0.039597979746447 4 5 4 4 1
49.014235277516 8.4169906657419 115.50615692139 -0.006191 0.014761 2.1618433267949 0.031615744872475 -0.0081682126909504 0.030802350823422 0.010839562794385 -0.022456542288649 -0.14410058355735 -0.065704635564946 9.8041945830611 0.00048070455484927 -0.0050769483080217 9.8054722523913 -0.00018944824637771 0.0002484046561414 0.00096441424402816 -0.00017521927565682 0.00025436948186697 0.00096555107637232 0.37922288960452 0.039597979746447 4 5 4 4 1
49.014235214666 8.4169904851495 115.47703552246 -0.006232 0.014784 2.1647363267949 0.029649643631207 -0.014769354923149 0.032836598093897 0.004359156897569 -0.022914737726767 -0.14293821319775 -0.070455129783715 9.8130546299916 0.0019982708504826 -0.0089996785728534 9.8143446876875 0.00047053440500412 0.0002646626425026 0.001184258552135 0.00048797782227069 0.00027213169511185 0.001175448858508 0.3778306498949 0.039597979746447 4 5 4 4 1
49.014235335996 8.4169904242284 115.40252685547 -0.006474 0.014787 2.1692593267949 0.035478174095565 -0.026443765505359 0.044209621365076 -0.001866494757089 -0.024666427404147 -0.13651184319172 -0.064161933527523 9.8061816427241 0.0086168730384654 -0.00081617875094725 9.8073378902234 -0.00015379356503423 -4.0838206788005e-05 0.0008607704503041 -0.00014105284361783 -3.523842358368e-05 0.00086320786399046 0.37586832800863 0.038897300677553 4 5 4 4 1
49.014235386517 8.4169904543993 115.38830566406 -0.006508 0.014821 2.1694003267949 0.036869886399449 -0.027601891263389 0.046012812575469 -0.0020196142803004 -0.025059228194265 -0.14651239039968 -0.066713527784778 9.8087322914687 -0.0010413956444991 -0.0031910857820007 9.8100528213349 -0.00057035643480852 -8.3825723038153e-05 0.00040808592067221 -0.0005642323808115 -8.1191874542368e-05 0.00041702992605996 0.37308578102093 0.038183766184074 4 5 4 4 1
49.014235307828 8.4169904068665 115.40644836426 -0.006413 0.014741 2.1694333267949 0.034512003776962 -0.025920066397146 0.043116725067359 -0.0019691286132674 -0.024313395026239 -0.14267893650973 -0.07041007150955 9.8094826533151 0.0023538736079028 -0.0072057498227151 9.8107695814699 0.0006490572310576 -0.00057506684023507 0.00065072852683452 0.00065867601669968 -0.0005708424279854 0.00064472680227867 0.37586832800863 0.038897300677553 4 5 4 4 1
49.014235258419 8.4169906414836 115.50128936768 -0.006167 0.014815 2.1621533267949 0.030974135520808 -0.0089210501439004 0.030685911570721 0.0098673206226931 -0.02218818300624 -0.13839023691562 -0.060506657836476 9.8108506424877 0.0063626963914318 8.8189370705929e-05 9.8120109475733 9.2721842447084e-05 0.0010721445696374 0.00085964957424395 0.00010530745428885 0.0010774609357532 0.00085153730968494 0.37922288960452 0.039597979746447 4 5 4 4 1
49.014235402117 8.4169904561851 115.37805938721 -0.006451 0.014863 2.1708933267949 0.038862533918504 -0.030324266449512 0.049197419580922 -0.0030775432000633 -0.025297533830622 -0.13724511547118 -0.063813600306213 9.8106622138373 0.0088819466119726 -0.00021769856978979 9.8118254561414 0.00058133094886934 -0.00044072732863278 0.0010656954293397 0.00059712864505643 -0.00043376349715676 0.0010597785978734 0.37308578102093 0.038183766184074 4 5 4 4 1
49.014235265324 8.4169903983536 115.41321563721 -0.006471 0.01472 2.1695793267949 0.033328474065691 -0.025616236365453 0.041968227642141 -0.0023767634872302 -0.024050943467257 -0.13370576527093 -0.061017827087675 9.8081540166462 0.011018777988283 0.0022125287350812 9.8092488904531 -0.00033689691739304 -0.00041474294995 0.00085336235404339 -0.00032421498088674 -0.00040926300701891 0.00086088940283675 0.37586832800863 0.038897300677553 4 5 4 4 1
49.014235257853 8.4169905142575 115.48152160645 -0.006233 0.014806 2.1639873267949 0.030588342286407 -0.013405667176557 0.032855584876068 0.0059897958726009 -0.022839538172625 -0.14380445935559 -0.066493985681569 9.8053787480755 0.0012017020916368 -0.0053955050528851 9.8066569799736 -7.7750937696857e-05 0.00036385013071298 0.00089499875661251 -6.4510062382124e-05 0.00036942194726587 0.00089376844243776 0.37922288960452 0.039597979746447 4 5 4 4 1
49.014235375587 8.4169906515376 115.36283111572 -0.006478 0.014996 2.1720973267949 0.041958814631658 -0.032583727886902 0.053032770309415 -0.0031255030646271 -0.025673653042586 -0.14362219505236 -0.065411568575545 9.8127288555843 0.004082385896009 -0.0016594181147153 9.8139961926106 0.00035480004657776 -0.00087748196416376 0.00073917238213779 0.00036592072567032 -0.00087265848563017 0.00073947971286154 0.37169476724861 0.036069377593743 4 5 4 4 1
49.01423514711 8.4169903878228 115.43358612061 -0.006419 0.014697 2.1694633267949 0.030002952044748 -0.023870002174905 0.038237021654376 -0.0028078878667974 -0.022836793195332 -0.14558533789194 -0.064403368643496 9.8113069947798 -0.0011776499904842 -0.0011728006867729 9.8125984763441 0.00050519180099354 -0.00022430067820607 0.00020982373350448 0.00050824287502755 -0.00022295237411209 0.00020374899158747 0.37586832800863 0.038897300677553 4 5 4 4 1
49.014235376468 8.4169904621014 115.38479614258 -0.00649 0.014903 2.1701623267949 0.037545351769455 -0.028912515137947 0.04731151972113 -0.0026845962217561 -0.025144088565579 -0.14075116364538 -0.06091461304904 9.8047726917211 0.0051886571354523 0.0025553777699783 9.8059705320073 -0.00029786639041404 0.00046082602453229 0.00068275525291685 -0.00028773715488726 0.00046525490475344 0.0006840799763007 0.37308578102093 0.038183766184074 4 5 4 4 1
49.014235238682 8.4169905617045 115.49180603027 -0.006257 0.014804 2.1632353267949 0.030502977528571 -0.011576935007208 0.031768121220871 0.0074330365324062 -0.022329432107751 -0.1431018128165 -0.063588075388588 9.8049335496931 0.0018110398696128 -0.0024994373011531 9.8061831325033 -0.00045382667487213 0.00052162479301971 0.00027116759972234 -0.00044982820912721 0.00052329353461455 0.00027458228476607 0.37922288960452 0.039597979746447 4 5 4 4 1
49.014235410634 8.416990471388 115.37457275391 -0.006446 0.014908 2.1709083267949 0.039162425108524 -0.030509687593766 0.049549861831655 -0.0030573572357632 -0.025354787904994 -0.14181854989582 -0.06462101366631 9.8065569135925 0.0043660561696797 -0.0012249653761038 9.8077941749778 0.00036562723946149 0.00013656191636189 -0.00019646138415546 0.00036265169844823 0.00013531175156733 -0.00020276538850174 0.37308578102093 0.038183766184074 4 5 4 4 1
49.014235370743 8.4169905720383 115.3715057373 -0.006506 0.014956 2.1713743267949 0.039972056976472 -0.031293348097952 0.050662119362578 -0.003223140415646 -0.025153135664665 -0.14446577995684 -0.063680698246219 9.8102385250443 0.0023031142126789 -1.8227538537467e-05 9.8115087646275 -0.0002564000704218 2.8857505465157e-05 3.7307869138293e-05 -0.00025580248806186 2.9116143276342e-05 4.0968407985116e-05 0.37169476724861 0.036069377593743 4 5 4 4 1
49.014235246221 8.4169904942783 115.47890472412 -0.006187 0.014804 2.1643573267949 0.030276102771648 -0.014170035901209 0.033022091534242 0.0051944440268936 -0.022878548157238 -0.13821485626848 -0.06439231164085 9.8062444644936 0.0067752611535633 -0.0032863440563006 9.8074269980441 0.00068763102200493 0.00030438441398838 0.00078113151110374 0.0006990889235763 0.00030922614870468 0.00076891698321418 0.37922288960452 0.039597979746447 4 5 4 4 1
49.014235173366 8.4169903880828 115.42796325684 -0.006495 0.014679 2.1695723267949 0.030805632874846 -0.024532348334798 0.039273682727126 -0.0028984892841669 -0.023247543104336 -0.13901652978626 -0.063463155380933 9.8052413560535 0.0052719452280377 -8.5025118660078e-05 9.806430703551 -0.00047679846248368 -0.00047632832157798 -0.000558388160823 -0.00048489106441495 -0.00047997136549072 -0.00054823221730397 0.37586832800863 0.038897300677553 4 5 4 4 1
49.014235231413 8.4169906213089 115.50049591064 -0.006134 0.014727 2.1624393267949 0.030432911061869 -0.0096125200517303 0.030618812131756 0.0090031948618675 -0.022192031363547 -0.14529180141956 -0.064694869831881 9.8095825811726 -0.00061304744956699 -0.0039907897223381 9.8108709742557 0.00088654462019885 -0.00034814533604258 0.00021662354981622 0.00088971334367665 -0.00034679439232619 0.00020570665312984 0.37922288960452 0.039597979746447 4 5 4 4 1
49.014235393431 8.4169905114874 115.37390899658 -0.006487 0.014941 2.1712753267949 0.039625690339989 -0.031111036950604 0.050272812335694 -0.0032766511748855 -0.025189764428513 -0.14963241466313 -0.069243974700583 9.8052510093605 -0.0031011577242109 -0.0056540091632097 9.8066351130536 -8.6262500408646e-06 -1.4860386326924e-05 0.00044455208094031 -1.9935392922529e-06 -1.1973030988337e-05 0.00044472261156113 0.37308578102093 0.038183766184074 4 5 4 4 1
49.014235127154 8.4169903714905 115.44041442871 -0.006391 0.014699 2.1692573267949 0.028923411353627 -0.023090270996946 0.036905497056049 -0.0027766855193637 -0.022822967099041 -0.1432253983905 -0.066804332150205 9.8105018341025 0.00092694172980592 -0.0038528430879861 9.8117740044933 0.00044282041881171 0.00017617673550794 0.00044788620182567 0.00044932713560425 0.0001790337368658 0.00044019632910272 0.37586832800863 0.038897300677553 4 5 4 4 1
49.014235094545 8.416990466231 115.46045684814 -0.006312 0.014697 2.1665593267949 0.027395843245592 -0.01859101607818 0.033108408162036 -3.0872093663639e-06 -0.022512204177194 -0.1478796512566 -0.065833512185669 9.8084239616667 -0.0035631603018752 -0.0036878375385275 9.8097581719617 0.00037730034063568 -0.00016538253954508 -0.00034181670035095 0.00037224537055579 -0.00016751376874585 -0.00034630177080941 0.3778306498949 0.039597979746447 4 5 4 4 1
49.014235404458 8.4169904917276 115.37380981445 -0.006473 0.014898 2.1710693267949 0.039569930316638 -0.030735237494034 0.050014057025801 -0.0030048179638747 -0.025239632192622 -0.14119238952575 -0.065393095528876 9.8061264984312 0.005115585067517 -0.0019084271740437 9.8073593966034 3.5817958208392e-05 -0.00028104667128289 0.00019485469713256 3.8732212213489e-05 -0.0002797913561579 0.00019611467757754 0.37308578102093 0.038183766184074 4 5 4 4 1
49.014235164326 8.4169904506138 115.46574401855 -0.006317 0.014774 2.1659223267949 0.028367675502332 -0.016787047695225 0.032901569529201 0.0020051938974916 -0.022719920669245 -0.13777122931797 -0.061178545271037 9.8077209692847 0.0068903810409388 0.00088387514287478 9.8088770447077 0.00014875040687404 0.00035506358247569 0.00048487902340926 0.00015586939006087 0.00035810867330579 0.00048040415883824 0.3778306498949 0.039597979746447 4 5 4 4 1
49.014235371119 8.4169904475369 115.39651489258 -0.006489 0.014833 2.1689953267949 0.036177362138235 -0.026772253434693 0.044972182895663 -0.0017488317050613 -0.024961925933644 -0.14517818903309 -0.062994255777871 9.804356783692 0.00012161436845322 0.0004773825686796 9.8056341865633 -0.00025532846597436 0.00032136234017447 0.0013408653300547 -0.00023542597948595 0.00033006457509117 0.0013423837981883 0.37308578102093 0.038183766184074 4 5 4 4 1
49.014235190394 8.4169904547733 115.46810913086 -0.006291 0.014749 2.1655723267949 0.02884833617933 -0.016322878604005 0.033039905859697 0.0026516869004221 -0.022929177727617 -0.14932941117418 -0.064461465150085 9.8106765666 -0.0044357383131728 -0.0025594112562926 9.8120233992671 0.00025240940327061 -0.0003791296641567 0.00079952722046559 0.0002642177536677 -0.00037406847811346 0.00079809989871679 0.3778306498949 0.039597979746447 4 5 4 4 1
49.014235361872 8.416990600477 115.36993408203 -0.006502 0.014924 2.1715533267949 0.040396798050572 -0.031679526687433 0.051231449196411 -0.0032913829605165 -0.025185643875282 -0.13833390124963 -0.065613864083398 9.806513676068 0.008576791179842 -0.0017919707644206 9.8077054844519 0.00015028616743164 -0.00080484681223259 0.00049426845719742 0.00015774614132827 -0.00080160352465933 0.00049720402150702 0.37169476724861 0.036069377593743 4 5 4 4 1
49.014235126625 8.4169904651604 115.46588897705 -0.0063 0.014733 2.1660873267949 0.027579152546349 -0.017319729176083 0.032547044776293 0.0011301573992324 -0.022679262921928 -0.13992944524725 -0.066126819082437 9.8056510810439 0.0044522229659158 -0.0040936240209916 9.8068706925945 0.00040477795797971 7.8456296835641e-05 0.00017151497890701 0.00040725398714999 7.9543065895535e-05 0.00016506202942552 0.3778306498949 0.039597979746447 4 5 4 4 1
49.014235112448 8.416990435017 115.45309448242 -0.006346 0.014672 2.1673803267949 0.02766682123901 -0.019578298769843 0.03388737258088 -0.00064585556120992 -0.022733006259711 -0.14619230701921 -0.066100674809848 9.8112314766494 -0.0019607831517054 -0.0036540937500155 9.8125425681549 0.00026885116834006 -0.00041817496866307 0.0017216914741078 0.00029413352132567 -0.00040717020847954 0.0017201778915429 0.3778306498949 0.039597979746447 4 5 4 4 1
49.014235215936 8.4169905770294 115.49745941162 -0.006225 0.014766 2.1630683267949 0.030349627480073 -0.011085067765774 0.031367834061357 0.0077485766074252 -0.022269451256846 -0.14049094236272 -0.06358120195853 9.8077663941607 0.0043349392469903 -0.0025888741903123 9.8089770280897 -6.7234692261343e-05 0.00012452283313533 0.00067762060305463 -5.7221982757428e-05 0.00012873163841607 0.00067774564490165 0.37922288960452 0.039597979746447 4 5 4 4 1
49.014235249617 8.4169905458423 115.48658752441 -0.006248 0.01477 2.1634323267949 0.030612694044758 -0.012463166007364 0.032351961465475 0.0067695455879643 -0.022598252619276 -0.14334695801243 -0.065953918730755 9.8082908055252 0.0016614606752429 -0.0047500610812772 9.8095589558371 -0.0001449150119154 -0.00013566621905268 -0.00028764409693718 -0.00014909868041971 -0.00013748330358217 -0.00028458242678179 0.37922288960452 0.039597979746447 4 5 4 4 1
49.014235122259 8.4169903771517 115.44390869141 -0.006411 0.014681 2.1688703267949 0.028720793864877 -0.022234263644207 0.036255090199829 -0.0021951751500763 -0.022697460929522 -0.13999175774769 -0.062925889285001 9.8060986751498 0.0041561344346135 -0.00010956155510604 9.8072989153825 -0.00010697531120081 -0.0002454462251241 0.00052352728733598 -9.9271529307646e-05 -0.00024208197206219 0.00052659048337729 0.37586832800863 0.038897300677553 4 5 4 4 1
49.014235113433 8.4169904197232 115.44997406006 -0.006419 0.014725 2.1677033267949 0.027897819604093 -0.020667761366183 0.0346913667972 -0.0014002028329076 -0.022679224849618 -0.14396709671063 -0.063389444476814 9.8071069406368 0.000125514253582 -0.00073403732237445 9.808368667058 -0.00059368023548221 0.00067437569801736 -1.2166508335459e-05 -0.00059390307820165 0.00067425458493161 -7.7750409595127e-06 0.3778306498949 0.039597979746447 4 5 4 4 1
49.014235376343 8.4169904679817 115.38690948486 -0.006445 0.014852 2.1696323267949 0.037086331419821 -0.02838005400907 0.046631099668688 -0.0025231024169613 -0.024972578350404 -0.13968949307484 -0.066069031229619 9.8098256983222 0.005930511008503 -0.0026377850957374 9.8110406045018 0.00034421723154532 0.00026912207391319 7.9593462962926e-05 0.00034533911035209 0.0002696443256778 7.2739327005697e-05 0.37308578102093 0.038183766184074 4 5 4 4 1
49.014235100809 8.4169904698746 115.46339416504 -0.006309 0.014718 2.1663793267949 0.027216383106031 -0.017825119618752 0.032530064027704 0.00051665427903766 -0.022546230242631 -0.13761223895437 -0.06430754316934 9.8085909897945 0.0067849164734144 -0.0022071194494969 9.8097646153762 0.00034692404528294 -3.5269141686289e-05 0.0010450652261068 0.00036226209506475 -2.8638945115595e-05 0.0010400590324758 0.3778306498949 0.039597979746447 4 5 4 4 1
49.014235373098 8.4169904599206 115.39384460449 -0.006447 0.014821 2.1690113267949 0.0366330498123 -0.027058820357803 0.045510528261739 -0.0017191133876091 -0.024785835638031 -0.13873838933809 -0.061221511536346 9.8099720634856 0.0066441194262062 0.0022289514252182 9.8111417529275 0.00034609398876204 0.00013795475640154 0.00053305685867417 0.00035395145783158 0.00014138685859728 0.00052699229612727 0.37308578102093 0.038183766184074 4 5 4 4 1
49.014235200606 8.4169903948096 115.42306518555 -0.006435 0.014705 2.1696983267949 0.031758365758047 -0.025235176149573 0.040456780333014 -0.0029425494774644 -0.023402921333045 -0.14622773415038 -0.065443856229365 9.8121042799946 -0.0014860318309065 -0.0021701873976743 9.8134117484072 0.0003393079119824 -0.00057883296229334 0.0010571311465762 0.00035487094664582 -0.00057201934253622 0.0010557509509577 0.37586832800863 0.038897300677553 4 5 4 4 1
49.01423521138 8.4169905865554 115.49980163574 -0.006201 0.014755 2.1629333267949 0.030225565650068 -0.010457860999667 0.030915941854718 0.0081950179001182 -0.02204240882181 -0.13613115587349 -0.064799985123052 9.808528658119 0.0087629024904011 -0.003928033625979 9.80968257325 0.0001190471426129 -0.00021256739823602 0.00073345976189795 0.00012992139988967 -0.00020800555220001 0.0007328995090275 0.37922288960452 0.039597979746447 4 5 4 4 1
49.014235289121 8.4169906865003 115.50875854492 -0.00618 0.014775 2.1615833267949 0.032192623617192 -0.0074284460351151 0.030871975166406 0.011767487611972 -0.022430272244795 -0.13624881080884 -0.06611524107214 9.8100050241905 0.0084202443149683 -0.0053490489457818 9.811168532568 0.00021320355695869 0.000534789777191 0.0009177951211059 0.00022662714318535 0.00054049244983152 0.0009112170632478 0.37922288960452 0.039597979746447 4 5 4 4 1
