49.030849882962 8.3397613841875 114.55003356934 0.044871 0.007905 -0.9344446732051 -5.9677832800197 4.4289967192914 7.4317227212893 -0.0095553500168349 0.021499069429856 0.141192611411 0.33242759156202 9.2029501634314 0.20870673888997 -0.093983782714474 9.207301718057 -0.025017972372938 0.0079199253431504 -0.015099230795119 -0.025129345416994 0.0086098443587683 -0.014498078280706 0.11751595636338 0.023345235059858 4 7 5 5 6
49.03085526244 8.3397553446029 114.54350280762 0.047322 0.007277 -0.9327366732051 -5.9265303806348 4.4320644771993 7.4004255496742 -0.025267220060946 0.072387035583744 0.40154931910583 0.35175568033631 9.7346860026329 0.44523547920442 -0.12068594459661 9.7390670723963 -0.02054695783514 0.046133588252999 -0.013485102507349 -0.020604274295748 0.046726252971505 -0.011174838973963 0.11751595636338 0.023345235059858 4 7 5 5 6
49.030832945753 8.3397807548274 114.56407165527 0.032056 0.001901 -0.9407466732051 -6.0990011362392 4.4992480893979 7.5789289890106 -0.034132164824016 -0.016351221591358 0.45650964682885 -0.15111661147034 9.8495314476293 0.48723233410921 -0.4839159363301 9.8381996645809 -0.030943348477521 -0.023815835635207 -0.018397672337674 -0.031007869078141 -0.023174545814671 -0.01907455832447 0.1161034021896 0.021931712199461 4 7 5 5 6
49.03080336421 8.3398134336513 114.61663818359 0.038877 -0.002673 -0.9402956732051 -6.376244783522 4.5862459320036 7.8541661315252 0.045652084886976 0.050166397216815 0.38698759457005 0.7458721489996 9.464505018992 0.36407594607639 0.40130998327758 9.4882171083591 0.045393501281836 -0.0057815269897693 0.020111327331472 0.04534821646222 -0.0065149004281643 0.019994548103768 0.1161034021896 0.021931712199461 4 7 5 5 6
49.030767583893 8.3398535392169 114.73124694824 0.041636 0.008471 -0.9214786732051 -6.3774599020133 4.7887941973066 7.9751865901881 0.030571644056928 0.088934321720845 0.091127801359844 0.74393251900792 9.3269067196548 0.15755401161028 0.36867130268006 9.3494430697534 0.024385016839079 0.023417867834237 0.024010716186337 0.024559927060546 0.022434676406745 0.024708959958337 0.11469088891451 0.019849433241279 4 7 5 5 6
49.03078543665 8.3398332295095 114.67724609375 0.042084 -0.000573 -0.9304176732051 -6.3941013526712 4.7011405074053 7.9362692221819 0.034918072578881 0.08906564515681 0.16976367091665 0.92033921147764 9.5982545496125 0.15700044729219 0.51957278322042 9.6290813905965 0.0063460761677292 0.01390445408225 0.034680565588998 0.0063020165232157 0.01244356032638 0.035241827970116 0.1161034021896 0.021931712199461 4 7 5 5 6
49.030761853312 8.3398600964906 114.7420425415 0.040735 0.008309 -0.9194466732051 -6.3574125965424 4.8092224686793 7.9715250510324 0.019956094542431 0.024296520938819 -0.096531237781828 0.97335396805986 9.1569619551611 -0.02309267089919 0.59416900576007 9.1904957732163 -0.010709248271147 0.0053913694499763 0.021401134135471 -0.010536306313633 0.0045038827913167 0.021665975127078 0.11469088891451 0.019849433241279 4 7 5 5 6
49.030809747957 8.3398064879212 114.60674285889 0.033996 -0.001624 -0.9426926732051 -6.3244268143494 4.5773790426397 7.807089452002 0.0078109640939521 0.10968740381305 0.47549777702005 0.27096206885743 9.8675533003626 0.44992669733419 -0.057450015766553 9.8727582897256 0.011699893067635 0.015345251808046 0.0097938496376678 0.011677004817003 0.015006074925266 0.01034130983778 0.1161034021896 0.021931712199461 4 7 5 5 6
49.030756151984 8.339866710308 114.74681854248 0.035139 0.005834 -0.9179506732051 -6.3336586840088 4.8428956474847 7.9730254764592 -0.0070772302930377 -0.0001124178194289 -0.022810120523255 0.52400802789922 9.8165695180209 0.042196638810889 0.15294309636284 9.8303927193306 -0.047832333950261 -0.013875875592645 0.017206578653503 -0.047719295316289 -0.014519309308704 0.016971897681106 0.11469088891451 0.019849433241279 4 7 5 5 6
49.030860615858 8.3397493123379 114.53007507324 0.050175 0.003312 -0.9314506732051 -5.903827060491 4.4003650005689 7.3633076185673 -0.0064749380045055 0.042500049108082 0.44636518303217 1.3095214718555 9.5246768612237 0.46047950971548 0.81812852972705 9.5787585828325 -0.022391715154777 0.031519786498138 -0.0059401645007176 -0.022403169760322 0.031778651415645 -0.0042553567211989 0.11751595636338 0.023345235059858 4 7 5 5 6
49.030737883859 8.3398878482103 114.77355194092 0.035521 0.006243 -0.9161816732051 -6.3349919699448 4.8542886072513 7.980990183777 0.006629911301955 0.043791248142715 -0.0034208888097007 0.61793453350163 9.325595250268 0.050762056308803 0.2773333895807 9.3426054822303 -0.017105540779655 0.0057239717836089 -0.00081830538408185 -0.017108767059082 0.0057499843741701 -0.00048516742865752 0.11469088891451 0.019849433241279 4 7 5 5 6
49.030797573713 8.3398197801908 114.62945556641 0.039036 -0.001994 -0.9375396732051 -6.3846585176992 4.6336724569873 7.8888619868676 0.031363368564747 0.072627209794374 0.23562853723873 0.81079747463452 9.7745530318058 0.2064980392385 0.43012820939977 9.8002136709614 0.0034673593020884 0.016033834808336 0.025473007344062 0.0033932992211742 0.015028687382986 0.026109503226948 0.1161034021896 0.021931712199461 4 7 5 5 6
49.030815499171 8.3398001694204 114.59180450439 0.032445 -0.003634 -0.9438416732051 -6.2718389886278 4.5622154062695 7.7556167401317 -0.013942770734747 0.051903654988019 0.63157586302403 0.13910126194491 10.585237168556 0.60089028278219 -0.20629222130414 10.586246775245 -0.0036198315617783 -0.014741921528799 -0.0025747829006829 -0.0036162290561481 -0.014646965352371 -0.0030561937290325 0.1161034021896 0.021931712199461 4 7 5 5 6
49.03083845101 8.3397745066324 114.56073760986 0.034684 0.003701 -0.9388716732051 -6.0368675351899 4.5005200666118 7.5296192405333 -0.05640580923107 -0.038039681362921 0.35562462150106 -0.0057085204488009 10.478408108857 0.40949800077319 -0.40163673588763 10.470615379828 -0.060139957181722 -0.030480485101096 -0.021452931990952 -0.060259195996901 -0.029639397437943 -0.022230526242855 0.11751595636338 0.023345235059858 4 7 5 5 6
49.030744723527 8.339879912787 114.76457214355 0.03709 0.004725 -0.9161416732051 -6.3504618986905 4.8269389283025 7.9766205954531 0.033817015816008 0.05381748065763 -0.0021346621230415 0.510201676101 10.22971140178 0.052742660022039 0.14188147188822 10.243022672234 0.019068411448325 -0.012896262747976 0.0092084862718159 0.019116968860476 -0.013219547057492 0.0086339373650707 0.11469088891451 0.019849433241279 4 7 5 5 6
49.03082736607 8.3397870121153 114.57347869873 0.033758 -0.000435 -0.9423586732051 -6.1704440677489 4.5014625204116 7.6379170034697 -0.0067248607492107 0.012982434626278 0.66715829713399 0.0088637630314495 9.6691001101813 0.67104845773881 -0.31357233528058 9.664623071859 0.0068472165941027 -0.01649367195882 -0.017320371812473 0.0068395761236778 -0.015905254356673 -0.017826849167774 0.1161034021896 0.021931712199461 4 7 5 5 6
49.030821191869 8.3397938701797 114.58150482178 0.033351 -0.001931 -0.9438126732051 -6.2264521692955 4.5348661374071 7.702827262171 -0.01389050568744 0.016497224257959 0.54881979214963 0.49556846950837 9.771236530533 0.53442369562665 0.16442449586149 9.7834744522383 -0.0089562094137396 -0.00935215198425 -0.01266623984304 -0.0089399547359075 -0.0089184394735165 -0.012988877734437 0.1161034021896 0.021931712199461 4 7 5 5 6
49.030773917022 8.3398463237079 114.71391296387 0.038773 0.00541 -0.9241336732051 -6.3749689244659 4.7850787611723 7.9710374210994 0.0090237844977351 0.10042640554495 -0.065662215076914 0.56225237956399 9.9737398384884 -0.030667976132459 0.17086151955747 9.9892602658077 -0.0079706584944091 0.034198133662663 0.027648153879799 -0.0078722600114802 0.033085352597692 0.028980824237469 0.11469088891451 0.019849433241279 4 7 5 5 6
49.030844451514 8.3397675980155 114.5559463501 0.0419 0.006488 -0.9363676732051 -6.000644047702 4.4602852155341 7.4766986659708 -0.027259249157243 -0.017191520941022 0.44536731216322 0.63575858015708 9.5119470818275 0.51364260890538 0.2207750408816 9.5269789764491 -0.029525034247185 -0.013678365226256 -0.020383232226708 -0.02967382822872 -0.012783333561252 -0.020720820440161 0.11751595636338 0.023345235059858 4 7 5 5 6
49.030791803665 8.3398261277521 114.65289306641 0.040923 -0.002574 -0.9344346732051 -6.3972396889913 4.6629316319482 7.9162060999456 0.038133663665384 0.097597250993004 0.38698255646983 0.43603052069922 10.211007407197 0.35966074955121 0.023907906972471 10.221773562238 0.010529483080806 0.0018948302282111 0.02985734446676 0.010452458215146 0.00068721975430888 0.029948225113604 0.1161034021896 0.021931712199461 4 7 5 5 6
49.030779671317 8.3398397487258 114.69435882568 0.039677 0.001868 -0.9269036732051 -6.3820318411107 4.7533703051175 7.9577216523936 0.014267953549262 0.082445142038161 0.23094766227807 0.66518990625912 9.6413043491233 0.23553514412966 0.27095410913859 9.6609356173316 -0.020591143490543 0.025052791472232 0.033109061822595 -0.020575018691506 0.023677424472009 0.034130412350504 0.1161034021896 0.021931712199461 4 7 5 5 6
49.030749873787 8.3398739909614 114.75564575195 0.034392 0.005702 -0.9168056732051 -6.339805445687 4.8436053666322 7.9783187607162 0.0073674682630213 0.028649541617922 -0.05495802991962 0.25869175220104 10.204435974868 0.00069650015544333 -0.096513693038867 10.208018765453 -0.0081589656391964 0.0040387594157056 0.011805878028466 -0.0080908291204971 0.0036209396351426 0.011987776082714 0.11469088891451 0.019849433241279 4 7 5 5 6
