49.014238813646 8.4169839643314 115.41856384277 -0.009144 0.01504 1.5858693267949 0.017352593855182 -0.0090062104312399 0.017486223709922 -0.0087439142286056 -0.012507628446648 -0.15224037401541 -0.094457316000271 9.8080342372933 -0.0045973911882273 -0.0046845655633206 9.8096683216756 9.7501535628494e-05 -0.00019270033354883 -0.00023265363775297 9.4020619932074e-05 -0.00019483382223873 -0.0002323109118885 0.081608823052413 0.010630145812735 4 9 6 6 0
49.014238122939 8.4169841627321 115.48993682861 -0.008986 0.014206 1.5768993267949 -0.021944801887521 -0.0024025652443892 -0.021929969256495 -0.0025344114707508 0.012246698942694 -0.14585458377089 -0.085469135090371 9.8059943554869 -0.006757976804195 0.0024929025973493 9.8074491658769 -0.00029268524877083 0.00025403203977167 0.00080140625903899 -0.00028127666333796 0.00026126947112759 0.00080318103489412 0.080653580205717 0.012041594578792 4 9 6 6 0
49.014238895303 8.4169839851173 115.40281677246 -0.009102 0.015029 1.5866083267949 0.019250781460232 -0.0073276331827893 0.01936418140889 -0.0070224751801036 -0.014466459018358 -0.14677485273752 -0.082716942108487 9.8116850775346 0.00087927680213944 0.0066804582094609 9.8131291900474 0.00013681195789243 -0.00028188069517486 0.00040691435011546 0.00014296383396387 -0.0002781638600229 0.00040736181628285 0.081608823052413 0.011313708498985 4 9 6 6 0
49.014238868655 8.4169839717672 115.40827941895 -0.009138 0.01506 1.5866273267949 0.018844583258186 -0.0079281410091212 0.018966797607001 -0.0076310730110173 -0.013667393542904 -0.14899041848144 -0.095788972038722 9.8112703834473 -0.0010798267622718 -0.0059205503106341 9.8128670903364 0.000322367240143 -0.00018704637578866 0.0016415024868309 0.00034707552356124 -0.00017202403239563 0.0016380763034999 0.081608823052413 0.010630145812735 4 9 6 6 0
49.014238019963 8.4169842173187 115.52387237549 -0.008991 0.014366 1.5806213267949 -0.01921725017558 0.00022952315302989 -0.019218563795434 4.4675677774716e-05 0.015244778489983 -0.13800912682285 -0.087058244378864 9.8019039623387 0.0024052834549135 0.0014272633877829 9.8032619805388 0.00073477351324462 0.00050758990618948 -0.00013139221559415 0.00073276483798871 0.00050637575259775 -0.00014645635073855 0.080956778592036 0.011313708498985 4 9 6 6 0
49.014238515424 8.4169839347376 115.45771789551 -0.009291 0.014995 1.5833643267949 0.0065624821049754 -0.010397649955137 0.0066920137799521 -0.01031474124883 -0.0062394263288004 -0.14639576761251 -0.090858015474515 9.8078350991156 0.00035226158796221 0.00016628633616139 9.8093485503606 -0.0002532662428882 0.00051360238819926 0.00061667633056194 -0.00024411056251288 0.00051931516658523 0.00061565368253045 0.081608823052413 0.010630145812735 4 9 6 6 0
49.014238880252 8.4169839822867 115.40544128418 -0.009116 0.015069 1.5865903267949 0.019078937792414 -0.0073574351839894 0.019192872200219 -0.0070548247010727 -0.014086962908837 -0.13673492149598 -0.087659342130257 9.8040250306678 0.010904451775771 0.0018839115488606 9.8053643423211 0.0002438294552633 0.00027561249961929 -1.357600119776e-05 0.00024355031394534 0.00027549953324822 -1.974320024171e-05 0.081608823052413 0.010630145812735 4 9 6 6 0
49.014238567892 8.4169839274964 115.44812774658 -0.009317 0.015019 1.5837483267949 0.0086357735478352 -0.010858935146164 0.0087744239758695 -0.010747140611999 -0.0083424238375315 -0.14806042423386 -0.089962902030797 9.8049535058107 -0.0010837354069427 0.0010681296516535 9.8064839170741 -0.00063127526009455 0.00048595405040184 -0.0001567862856009 -0.00063363056521621 0.00048447095714414 -0.00015179803815184 0.081608823052413 0.010630145812735 4 9 6 6 0
49.014238129687 8.4169841557885 115.487449646 -0.008927 0.014163 1.5767283267949 -0.021971585812954 -0.0025759679845895 -0.021955919028927 -0.0027062246487062 0.011944375367408 -0.14712918185959 -0.08862098392358 9.8097169650754 -0.0080740647177906 -0.00073717326906538 9.8112174680405 0.00046385676102699 -0.00037362609259515 0.0005726432368508 0.00047195948808789 -0.00036848331211187 0.00056931203114825 0.080653580205717 0.012041594578792 4 9 6 6 0
49.014238851125 8.4169839649892 115.41409301758 -0.009139 0.015094 1.5860883267949 0.018285194834816 -0.0081251753740003 0.01840671529253 -0.0078459594096585 -0.012861328940769 -0.14445990551455 -0.085208628136809 9.8069833735339 0.0033059642116793 0.0044227859017906 9.8084160213558 1.5384322512316e-05 0.00051824109654769 0.00026482565029651 1.930970436116e-05 0.00052063153644661 0.00025983015103122 0.081608823052413 0.010630145812735 4 9 6 6 0
49.014238857342 8.4169839676957 115.41065979004 -0.00916 0.015068 1.5864923267949 0.018713578051298 -0.008435139922521 0.01884227701602 -0.0081436081999838 -0.013636513937947 -0.13746484712941 -0.083880297633244 9.8064624263938 0.010295350662644 0.0058402325427848 9.8077774296716 -0.00019692826362641 0.00014412071568226 0.00058830891130926 -0.00018807323965064 0.00014951221772284 0.00058984545371678 0.081608823052413 0.010630145812735 4 9 6 6 0
49.014238749301 8.4169839551195 115.42676544189 -0.009198 0.015065 1.5855633267949 0.015375362546428 -0.0092457165632175 0.015509100903234 -0.0090194600728638 -0.011637594084617 -0.13961236086723 -0.08995470583016 9.8067323506627 0.0079746610021306 4.7893743450894e-05 9.8081353662335 -0.00035774208154281 0.00030261516205335 0.00049733433266405 -0.00035025696371764 0.00030717028065479 0.00049986672747558 0.081608823052413 0.010630145812735 4 9 6 6 0
49.014238833266 8.4169839657727 115.41640472412 -0.009109 0.015091 1.5859433267949 0.017693329537648 -0.0083344677677202 0.017817143583453 -0.0080663618065417 -0.012697522372552 -0.14237699046661 -0.089978500212056 9.8101309922688 0.0054949253758001 -0.00014147269790685 9.8115752892837 0.00081942598539049 0.00033418886207805 0.00047436053443952 0.00082645940343209 0.00033853000054364 0.00045887634391093 0.081608823052413 0.010630145812735 4 9 6 6 0
49.014238088518 8.4169841899888 115.49585723877 -0.008954 0.014183 1.5770773267949 -0.022543739101115 -0.0014070866150472 -0.022534414248904 -0.0015493162759035 0.012807408563438 -0.13898421075633 -0.085733982797108 9.8094760346101 0.00037242872895862 0.0021102582491818 9.8108346221499 -2.8945857568155e-05 -0.00042969256894832 -0.00026037959598167 -3.2604164658305e-05 -0.00043198820775598 -0.00025608013966429 0.080653580205717 0.012041594578792 4 9 6 6 0
49.014238037385 8.4169842030556 115.52095031738 -0.00906 0.014452 1.5822353267949 -0.017342716000183 -0.00047241404342149 -0.017336308656241 -0.00066633845646801 0.013043699395495 -0.1419218290053 -0.089270736468176 9.8064616868082 -0.00048122311692791 -0.00011885520220331 9.8078953616397 0.00059486360090925 0.00033007460626422 0.00051314312480184 0.00060222071715575 0.00033466450947198 0.00050148726371006 0.080956778592036 0.011313708498985 4 9 6 6 0
49.014238033524 8.41698422141 115.50931549072 -0.008945 0.014223 1.5784843267949 -0.023132418182789 8.2051136449525e-05 -0.023132428278381 -9.0121497169243e-05 0.015052880997523 -0.14926384638417 -0.09157433328467 9.8107792110188 -0.0096983125583879 -0.0038751735408989 9.8123366724201 -5.7485309865006e-05 -0.00013658997047134 0.00084757737056333 -4.5387016060092e-05 -0.000128982580349 0.00084949235285456 0.080956778592036 0.011313708498985 4 9 6 6 0
49.014238132937 8.4169841412933 115.50999450684 -0.009163 0.014644 1.5852303267949 -0.010176461652371 -0.0029101635521785 -0.010133708402693 -0.0030555352742856 0.0080707000100599 -0.14370458104967 -0.089373773587809 9.8051550160848 -0.00019812588157056 0.00049749871671959 9.8066154725506 0.0002132486917444 2.482968387476e-05 0.00052946382508806 0.00022096070550574 2.969479939536e-05 0.00052603295563143 0.080956778592036 0.010630145812735 4 9 6 6 0
49.0142383827 8.4169839832503 115.47551727295 -0.009307 0.014845 1.5832373267949 0.0010578999970122 -0.0088768483366516 0.0011687734706987 -0.0088629867705187 -0.0022983141782976 -0.14261389789673 -0.09088767168305 9.805445067492 0.0029257900474357 -6.9252414774694e-06 9.8069028154439 -0.0006602610104974 -1.1976199054085e-05 -0.00036986814395835 -0.00066570630356761 -1.5402466847878e-05 -0.00035993564917462 0.081908485518901 0.011313708498985 4 9 6 6 0
49.014238141231 8.4169841263083 115.5090637207 -0.009193 0.014612 1.5853603267949 -0.0095394732256382 -0.0032666578709303 -0.0094911492642062 -0.0034044088244833 0.0075062187503079 -0.14628351292795 -0.087011804906372 9.8123381713249 -0.0025495915863324 0.0030430021501211 9.8138136016526 -0.00014645346897913 -0.00072119298436532 0.0004265653834946 -0.00014009439278275 -0.00071725026328696 0.00043525238462114 0.080956778592036 0.010630145812735 4 9 6 6 0
49.014237990157 8.4169842264887 115.52053833008 -0.008948 0.014262 1.5792303267949 -0.022449933782585 0.00048523212771238 -0.022453237477244 0.00029536534463683 0.01629533392473 -0.14143337980081 -0.083216284982664 9.8093578895829 -0.0015504696029194 0.0047932312485636 9.8107292939711 0.00051159177631269 -6.9770497612297e-05 -0.0005563897813539 0.000503621338778 -7.4808678677843e-05 -0.00056299488665148 0.080956778592036 0.011313708498985 4 9 6 6 0
49.014238728569 8.4169839602623 115.42889404297 -0.009145 0.01505 1.5853163267949 0.014571611179744 -0.0096877438044179 0.014709451011009 -0.009477052899176 -0.011325256247294 -0.14250017082475 -0.086129888001285 9.8002222106594 0.0048752698287088 0.0038121383898118 9.8016347628124 0.00039648078708745 0.0002137796659238 0.00053770377259567 0.0004044991204544 0.00021867709389844 0.00052969938714721 0.081608823052413 0.010630145812735 4 9 6 6 0
49.014238012565 8.4169842255951 115.51624298096 -0.008902 0.014229 1.5791863267949 -0.022537467297859 0.00042345540962017 -0.022540183716787 0.00023808307695459 0.016134395164762 -0.14008156913516 -0.087589126824262 9.8054680280828 -0.00046696166889902 1.2514641920479e-06 9.8068595123074 0.00064865319341185 -0.00027343980364116 -0.00044329642233471 0.00064232213614547 -0.00027735565984982 -0.00045001084692419 0.080956778592036 0.011313708498985 4 9 6 6 0
49.01423799533 8.4169842255725 115.52115631104 -0.008972 0.014321 1.5793893267949 -0.022017716621777 0.00026514925340745 -0.022019175661515 7.734214047372e-05 0.016084006351115 -0.14689707314135 -0.089539991880546 9.8056159615047 -0.0068810700609712 -0.0014791475756917 9.8071227761387 0.00020840114329963 0.00057075790060107 0.00051376406935023 0.00021565952427974 0.00057533443902453 0.00050554460286662 0.080956778592036 0.011313708498985 4 9 6 6 0
49.0142383638 8.4169839934635 115.47873687744 -0.009301 0.014837 1.5833453267949 -4.5293142789657e-05 -0.0085576710255777 6.2772472645567e-05 -0.0085576575653258 -0.0013459469411084 -0.14152681908189 -0.084935975600288 9.8072905075584 0.0037675191670966 0.006069298478186 9.8086766482719 -0.00034558330365082 0.00018602481834045 0.00084549789376316 -0.00033304775500071 0.00019386557404966 0.00084876349227844 0.081908485518901 0.011313708498985 4 9 6 6 0
49.01423804616 8.4169842192959 115.50635528564 -0.008963 0.014221 1.5780823267949 -0.022953502578036 -0.00017971602522454 -0.022951674713042 -0.0003416001422613 0.014416552205416 -0.14182557414847 -0.082438485386424 9.8064360834522 -0.002327044357067 0.0051435027564878 9.8078064737666 -0.00055552048192875 -0.00013494462313675 0.00096269088039196 -0.00054172136105331 -0.00012631907558792 0.0009716534188366 0.080956778592036 0.011313708498985 4 9 6 6 0
49.01423799329 8.416984228473 115.52265167236 -0.009019 0.014298 1.5794363267949 -0.021631349750619 0.000592623342448 -0.021635655117657 0.00040656585818331 0.015938852997441 -0.14100062993097 -0.090082388162288 9.8085973034573 -0.00090232261811587 -0.0018832683581088 9.8100239239565 -0.00044198039539596 0.00014033810481933 3.9056027698113e-05 -0.00044139390798812 0.00014067334893148 4.4081457015511e-05 0.080956778592036 0.011313708498985 4 9 6 6 0
49.01423879085 8.4169839592207 115.42133331299 -0.009179 0.01504 1.5858363267949 0.016792966412118 -0.0090582410226116 0.016927034011747 -0.0088051311257932 -0.011998758166345 -0.14362842758935 -0.082168485089197 9.8072919668716 0.003967888813041 0.007702059054492 9.8086843298051 -0.00032653403607956 -0.00014355393469107 -9.8442289583005e-05 -0.00032797090890968 -0.00014443665827226 -9.2183937293664e-05 0.081608823052413 0.010630145812735 4 9 6 6 0
49.014238489796 8.4169839394131 115.46106719971 -0.009292 0.014951 1.5832503267949 0.005519553851876 -0.010247602328319 0.005647085853001 -0.010177882380737 -0.0057349340584779 -0.13607275844589 -0.087915316057831 9.803802951566 0.01041083888677 0.0030113630241313 9.8051354452488 -0.00024121575248661 0.00010864018894369 -4.1677969649514e-05 -0.00024183715220738 0.00010824056739136 -3.9060902977639e-05 0.081608823052413 0.010630145812735 4 9 6 6 0
49.014238188723 8.4169840932853 115.50249481201 -0.009264 0.014689 1.5848513267949 -0.0072742575393409 -0.0047861355537443 -0.0072055505348932 -0.0048891397360103 0.0055150393818083 -0.14237055897054 -0.088726053042735 9.8080180415124 0.0016201093453806 0.0016961220078845 9.8094522713533 -0.0006436864496444 1.2171427622681e-06 2.8923012083359e-05 -0.00064318960184387 1.4891514558296e-06 3.8358086879463e-05 0.080956778592036 0.010630145812735 4 9 6 6 0
49.014238130856 8.4169841423497 115.4852142334 -0.008945 0.014173 1.5767913267949 -0.021834534480845 -0.0029651341448618 -0.021816479591809 -0.0030951533443572 0.011476169828486 -0.13711868872797 -0.087221515852644 9.8063149162413 0.0017821682447433 0.00084641696726618 9.8076616741051 0.00048946195457173 9.11996160381e-05 0.0011412619398774 0.00050548558892738 0.00010140362676399 0.0011333848452533 0.080653580205717 0.012041594578792 4 9 6 6 0
49.014238005838 8.4169842214282 115.5248260498 -0.009074 0.014305 1.5801803267949 -0.020205263958678 0.00023319058442186 -0.020206561732953 4.6438469190546e-05 0.01570736756733 -0.1469659442267 -0.092455787112327 9.8112618311647 -0.0065305812166245 -0.0037989936477661 9.8127952536227 -0.0006625178476896 -0.00033441840753651 0.00026794272415169 -0.00065857569794409 -0.00033202474606147 0.00028042979553522 0.080956778592036 0.011313708498985 4 9 6 6 0
49.014238466787 8.4169839576209 115.46406555176 -0.009247 0.014912 1.5832713267949 0.0043669523025357 -0.0098885971470297 0.0044899229095899 -0.0098333652761686 -0.0047442119112869 -0.14403296142208 -0.086672869650416 9.8059595099802 0.0024644842432439 0.0041869813703113 9.8073989341374 0.00031517637672517 -0.00060043940117251 0.00052874202419989 0.00032312889412783 -0.00059551611801963 0.00052953804897326 0.081908485518901 0.011313708498985 4 9 6 6 0
49.014238025088 8.41698421993 115.51163482666 -0.008948 0.014173 1.5787503267949 -0.023054226230344 0.00037963010477483 -0.023056514158441 0.00020074788380345 0.01537306372851 -0.14347458095983 -0.088870238537729 9.8099868279843 -0.0041503546469076 -0.0013432433303826 9.8114373009291 -0.00036925271505517 -0.00061637955135997 0.00064984020847833 -0.00035994029719193 -0.00061054919790528 0.00066050876387198 0.080956778592036 0.011313708498985 4 9 6 6 0
49.014238233688 8.4169840519328 115.49560546875 -0.009258 0.014751 1.5842193267949 -0.0053652942037263 -0.0060936759832523 -0.0052817770380977 -0.0061663997948869 0.003489186158934 -0.13967416851066 -0.084718431200867 9.8041717659402 0.0046632838856711 0.0060156384167904 9.8055294813634 0.00015179671385289 0.00037224622602667 2.9485152078302e-05 0.00015212748341805 0.0003724903735807 2.3795269464244e-05 0.081908485518901 0.011313708498985 4 9 6 6 0
49.014238060313 8.4169842152066 115.50351715088 -0.008941 0.014201 1.5776893267949 -0.022876445816216 -0.00029524881411034 -0.022873970227521 -0.00044938520686474 0.01393708399159 -0.14781111065068 -0.08839170468784 9.8095600910453 -0.0084138309615143 -0.00081036527632451 9.8110683141562 -0.00028228995899053 -0.00023675108470614 -0.00013404554852188 -0.00028409188089469 -0.00023796188541256 -0.00012790351759708 0.080956778592036 0.012041594578792 4 9 6 6 0
49.014238637927 8.4169839254924 115.43942260742 -0.00921 0.014967 1.5842713267949 0.011659974078378 -0.010772448082174 0.011802640968606 -0.010615872863787 -0.010198485729899 -0.13983122725026 -0.085734620814371 9.8100472986807 0.0073681107976812 0.0048346255961528 9.8114143304581 0.00033604878732953 -0.00062018942043597 0.00048236170221674 0.00034335388415688 -0.00061573565905805 0.00048297181421054 0.081608823052413 0.010630145812735 4 9 6 6 0
49.014238104069 8.4169841774937 115.49331665039 -0.008952 0.014196 1.5770903267949 -0.02233394779068 -0.0018239169328721 -0.022322032062348 -0.0019645461398455 0.012335166401114 -0.13832392492845 -0.087057597904769 9.8016010809089 0.00085196893904042 0.00085868831310646 9.8029636206798 0.00022619850400924 -0.00014727977873114 -0.00015376029878195 0.0002240228276435 -0.00014862681850484 -0.00015563588016189 0.080653580205717 0.012041594578792 4 9 6 6 0
49.014238168305 8.4169841099122 115.50551605225 -0.009155 0.014685 1.5851263267949 -0.0084537409900013 -0.0040518730093723 -0.0083941016887299 -0.0041740514961659 0.0069447618754868 -0.14040590528819 -0.08262165850982 9.8042583042512 0.00333005419767 0.0073837936594612 9.8056084006203 0.00064774630643067 0.0002107228505855 -0.00054839271456374 0.00063957798104815 0.00020571257335251 -0.00055976336285389 0.080956778592036 0.010630145812735 4 9 6 6 0
49.014238592843 8.4169839272996 115.44515228271 -0.009316 0.015024 1.5839243267949 0.0096433402295407 -0.010698626905944 0.0097816828247919 -0.010572207700913 -0.0091921399410555 -0.13742066677217 -0.088964854980129 9.8054516561593 0.0096452130275095 0.0019221787972259 9.8068131219528 -0.00092294003313102 0.00037582552279261 0.00099168615048685 -0.00090803076937337 0.0003850045135537 0.0010018975667421 0.081608823052413 0.010630145812735 4 9 6 6 0
49.014237995946 8.416984218111 115.52490234375 -0.009022 0.014327 1.5798473267949 -0.020848993928463 0.00011159290165099 -0.02084913176381 -7.550202788542e-05 0.015980560498415 -0.13904402814576 -0.081578848827448 9.806817107291 0.0012832995553238 0.0067824253325732 9.8081395407613 -0.00012905251746401 0.00014039030802386 -0.00073059959093776 -0.00013955038596901 0.00013378701225814 -0.0007299401412407 0.080956778592036 0.011313708498985 4 9 6 6 0
49.014238335886 8.4169840065086 115.48230743408 -0.009273 0.0148 1.5834643267949 -0.0014537380941003 -0.008038011690558 -0.0013506498745499 -0.0080560742955942 -0.00028824708645843 -0.14875265891176 -0.085338660627247 9.8107679437123 -0.0036820283230596 0.005610740560148 9.8122645088241 -1.3140980137002e-05 -4.1168496919675e-05 -2.5256231791347e-05 -1.352499479322e-05 -4.1398731372266e-05 -2.4677445621472e-05 0.081908485518901 0.011313708498985 4 9 6 6 0
49.01423861855 8.416983926766 115.44215393066 -0.009201 0.015029 1.5838933267949 0.010641752275475 -0.010657457631945 0.010780413843851 -0.010517136565534 -0.0097678387214191 -0.14637195560023 -0.088418081635928 9.8063956788254 0.00080871958907467 0.0022391923400707 9.8078862542233 0.00072667902026385 0.00030643503043113 -0.00045953133178839 0.00071966689890408 0.00030219570548743 -0.00047325557572124 0.081608823052413 0.010630145812735 4 9 6 6 0
49.014238081117 8.4169841976258 115.49830627441 -0.008928 0.01422 1.5771833267949 -0.022804679278225 -0.0012329039514873 -0.022796403428237 -0.0013775539824153 0.013209230865478 -0.14217916140489 -0.088615734224555 9.807368532345 -0.002801443302201 -0.00096269621178844 9.8087987954713 0.00016440935901014 2.5488968202489e-05 -1.9723065419311e-05 0.00016406142409554 2.5330521274858e-05 -2.226300121775e-05 0.080653580205717 0.012041594578792 4 9 6 6 0
49.014238026689 8.4169842081447 115.52296447754 -0.009041 0.014345 1.5810443267949 -0.018660306302666 -5.6310736396652e-05 -0.018658768728031 -0.00024340778855737 0.014371516353637 -0.15014847292956 -0.088869550016239 9.8118733222067 -0.009299697748322 -0.00022788535346913 9.8134201437782 -1.0853029844031e-05 -0.00034667645441339 0.00048067378694951 -3.9189845059819e-06 -0.0003423248313899 0.00048390104269293 0.080956778592036 0.011313708498985 4 9 6 6 0
49.014238078978 8.4169841941383 115.51641845703 -0.00908 0.01451 1.5837483267949 -0.01458780503816 -0.00104775213417 -0.014573376986633 -0.0012317749542651 0.01078969542186 -0.14684287513939 -0.089008705836358 9.8095030811561 -0.0045052900110966 0.00012266803299615 9.8110048158371 0.00013040576732431 -0.00019668641304583 0.00067150626711789 0.00014016226908264 -0.00019057574708013 0.00067129049560536 0.080956778592036 0.010630145812735 4 9 6 6 0
49.014238683719 8.4169839374545 115.43268585205 -0.009197 0.015008 1.5848333267949 0.013313388158675 -0.01036670868322 0.013455735551531 -0.010181150638045 -0.011134259101856 -0.14160257197489 -0.083636781889993 9.8053563935359 0.0057793154553634 0.0066627548513725 9.8067316416699 7.0538300600011e-05 -0.0003982479176933 0.00011408948636856 7.2343956257591e-05 -0.00039719097636607 0.00011664717432974 0.081608823052413 0.010630145812735 4 9 6 6 0
49.014238069894 8.4169842023704 115.5002746582 -0.008922 0.014237 1.5773453267949 -0.022880516040288 -0.00072126266940021 -0.022875365631179 -0.00087004911108915 0.013410358873454 -0.13798300791488 -0.086200941611991 9.8069483014446 0.0013808679114 0.0013956296658494 9.8082976342458 0.0001915910903407 0.00037914899942745 -0.00051608738945605 0.000184242205691 0.00037452972199778 -0.00052212231195646 0.080653580205717 0.012041594578792 4 9 6 6 0
49.014238108799 8.4169841743882 115.51291656494 -0.009102 0.014602 1.5848613267949 -0.011967527673969 -0.001725103861653 -0.011942358827098 -0.0018912076219658 0.009259036222819 -0.13758971181368 -0.085648581607406 9.8087265073391 0.0055233946187712 0.0037914019154618 9.8100628958097 0.00037132874134599 9.8967447033825e-05 0.00025309429878858 0.00037494749836655 0.00010127240285267 0.00024672519756114 0.080956778592036 0.010630145812735 4 9 6 6 0
49.014237992117 8.4169842270607 115.51969146729 -0.008988 0.01426 1.5793093267949 -0.022611233726984 0.00066447516756096 -0.02261605348477 0.00047302322291944 0.016510050641058 -0.14089015075385 -0.088215584535186 9.8044345230338 -0.0012598973289919 -0.00018822515679932 9.8058437731767 -0.00012083255599233 0.00025730060607073 0.0009033969316071 -0.00010795418554956 0.00026540737001652 0.00090265993797974 0.080956778592036 0.011313708498985 4 9 6 6 0
49.014238118162 8.416984161247 115.51170349121 -0.009182 0.014628 1.5849923267949 -0.011255055984858 -0.0022863999215391 -0.011221593736214 -0.0024450995261293 0.0088453804196947 -0.14628181280495 -0.086958466979337 9.8090397971401 -0.0029797275039984 0.0026898538857783 9.8105153413388 -0.00060449291771085 0.00022745228003574 -0.00042832833219597 -0.00061071557126253 0.00022357717102573 -0.00042149344306419 0.080956778592036 0.010630145812735 4 9 6 6 0
49.014238112692 8.4169841644216 115.49116516113 -0.008965 0.01422 1.5770533267949 -0.022188211104272 -0.0021850254129727 -0.022174304082653 -0.0023220435958327 0.01242814229514 -0.14857915626976 -0.090360272618363 9.8108112168051 -0.0093139710436375 -0.0023090354062351 9.8123473735952 0.00019998145071936 0.0003660525309728 0.00041235239819371 0.00020576133027741 0.00036977159676034 0.00040615676776814 0.080653580205717 0.012041594578792 4 9 6 6 0
49.014238100651 8.41698418137 115.51411437988 -0.009134 0.014581 1.5846543267949 -0.012845918221897 -0.0015199216018325 -0.012824076888366 -0.0016939842954516 0.0099700056421341 -0.14477591330612 -0.089163061349953 9.8074150740433 -0.0018555165450884 0.00035888817680215 9.8088884343324 -4.4738760622143e-05 -9.8074040326467e-06 0.0013149136101973 -2.5562065528109e-05 2.1953279018443e-06 0.001315458738111 0.080956778592036 0.010630145812735 4 9 6 6 0
49.014238064861 8.416984193973 115.51742553711 -0.009068 0.014469 1.5832083267949 -0.015433998742939 -0.00091142770062588 -0.015421750453157 -0.0010987947070471 0.011404461255098 -0.14178606324784 -0.086241604394207 9.8083898237765 0.00010224206379581 0.0030198862242128 9.8097931860719 0.00061571017798085 -0.00011245348606407 0.00091020483085083 0.00062884358004745 -0.00010418747081262 0.00090221687599544 0.080956778592036 0.011313708498985 4 9 6 6 0
49.014238265752 8.4169840261119 115.49117279053 -0.009239 0.014727 1.5837853267949 -0.0042157153329058 -0.0070751055151064 -0.0041218657444025 -0.0071304039996429 0.0022060723091601 -0.14433455462649 -0.093202245879215 9.8099245800798 0.00026576835827266 -0.0023605356354721 9.8114282960262 0.00056256774451398 -0.0005056148492844 -9.366934845771e-05 0.00056119156267265 -0.00050649328096377 -9.7281657758593e-05 0.081908485518901 0.011313708498985 4 9 6 6 0
49.014238215509 8.4169840745085 115.49852752686 -0.009269 0.014689 1.5845043267949 -0.0063306912547073 -0.0053302399633681 -0.0062559798063311 -0.0054179121904877 0.0046543467008704 -0.14713756058357 -0.089712782078384 9.8089242935499 -0.002984493497333 0.0010424140957157 9.8104375057461 -0.00011757059636004 -0.00030365429199863 -5.3132087393232e-05 -0.00011828367856558 -0.00030413649509519 -4.8582642020297e-05 0.081908485518901 0.010630145812735 4 9 6 6 0
49.014238660829 8.416983927125 115.43641662598 -0.009232 0.015007 1.5845323267949 0.012458121207432 -0.01051751851366 0.01259975028465 -0.010347324782004 -0.010475318170422 -0.14777414775783 -0.090631787707408 9.8110198222137 -0.00046582904703101 -2.972735793705e-05 9.8125512332932 -2.0221886602952e-05 -0.00015395678581968 0.00098003489078895 -5.5266389228261e-06 -0.00014488765401496 0.00098161106499437 0.081608823052413 0.010630145812735 4 9 6 6 0
49.014238029142 8.4169842047874 115.52210998535 -0.00911 0.014398 1.5817813267949 -0.018110454022004 -0.00030527683649081 -0.018106142041415 -0.00049789887076901 0.013714254848515 -0.1477904670763 -0.0901095918931 9.8095974922715 -0.0067143965786559 -0.001113306806739 9.8111223552569 -0.0006088526092425 0.00016160476171723 0.00074271010529569 -0.00059813477497198 0.00016835512209867 0.00074989938833101 0.080956778592036 0.011313708498985 4 9 6 6 0
49.014238541472 8.4169839288709 115.45394134521 -0.009285 0.014938 1.5834753267949 0.0075889742989879 -0.010639966782233 0.0077223891162062 -0.010543501331645 -0.0070598270379272 -0.14242163868879 -0.083971573757045 9.80877100969 0.00432042428776 0.0069464936769313 9.8101607549267 -0.00033433849502822 -0.00050189166243396 0.0011347765445497 -0.00031725520972933 -0.00049135350005645 0.0011442626725899 0.081608823052413 0.010630145812735 4 9 6 6 0
49.014238770471 8.4169839550616 115.42372131348 -0.009166 0.015053 1.5857623267949 0.01617229486769 -0.0089499065191625 0.016303725602012 -0.0087080686043143 -0.011658145068247 -0.14473354770036 -0.089621133751 9.8084971270832 0.002854309639511 0.00030341692301366 9.8099741176497 1.0905798412953e-05 0.00012778581502737 -0.0001694532560929 8.3274224598536e-06 0.00012627805515323 -0.00017072124462998 0.081608823052413 0.010630145812735 4 9 6 6 0
49.014238437161 8.4169839653989 115.46830749512 -0.009263 0.014962 1.5832373267949 0.00334177924969 -0.0094868139693581 0.0034594208713884 -0.009444556412084 -0.0039271337688846 -0.14449369848516 -0.083323578073834 9.8097181361038 0.0018993491468176 0.0076577287101685 9.8111326590455 0.00019696418248909 0.00059190341376626 0.00068706979282285 0.00020706360110839 0.00059823162453494 0.00067853522509836 0.081908485518901 0.011313708498985 4 9 6 6 0
49.014238056034 8.4169841965478 115.51844787598 -0.009104 0.014401 1.5827913267949 -0.016403852023114 -0.00071974869983731 -0.016394303688063 -0.00091093381401239 0.01201871519522 -0.14283894434844 -0.090599572580971 9.8077696255236 -0.0012538830460602 -0.0013017504470285 9.809227556573 9.4211801198129e-05 -0.00087641300923296 0.00087395588405901 0.00010690671724677 -0.00086843563346415 0.00088045925185515 0.080956778592036 0.011313708498985 4 9 6 6 0
49.014238018374 8.4169842253873 115.51389312744 -0.008937 0.01419 1.5788453267949 -0.022933019843423 0.00046942853821382 -0.02293604993473 0.00028608928511517 0.015884502107704 -0.14666620082753 -0.087273976777773 9.8104240922579 -0.0072759219359393 0.00037116499961503 9.8119061238578 -3.3065243648601e-05 -0.00041632622485974 -0.00018672062169385 -3.5665341981633e-05 -0.00041797639338013 -0.00018248496306507 0.080956778592036 0.011313708498985 4 9 6 6 0
49.0142380856 8.4169841891927 115.51594543457 -0.009113 0.014566 1.5841813267949 -0.013798225155834 -0.0012946174614295 -0.013780004341412 -0.0014754204812903 0.010396982032898 -0.13895980937293 -0.087686832640559 9.8081813420594 0.0035483265533183 0.0016235363034521 9.809556720486 -7.6877531589631e-05 0.00050533822065285 0.0011146962579508 -6.0729565401096e-05 0.00051545230746327 0.001111033411835 0.080956778592036 0.010630145812735 4 9 6 6 0
49.014237999289 8.4169842260515 115.51808929443 -0.008916 0.014214 1.5792023267949 -0.022559284362235 0.0005011255300414 -0.022562696500353 0.00031190362762352 0.016355253929949 -0.14172319611356 -0.091644882215528 9.8099546282682 -0.0021425153641001 -0.0037329273988451 9.8114055531409 0.00088101820991912 -0.00025750376011834 -0.00024843454820478 0.00087744577419847 -0.00025970196597464 -0.00025863463244502 0.080956778592036 0.011313708498985 4 9 6 6 0
49.014237994534 8.4169842193182 115.52381896973 -0.009017 0.014297 1.5796353267949 -0.021347300066118 0.00043801628993287 -0.021350302254467 0.00025174587580693 0.016043696475401 -0.1534554999263 -0.088341949134677 9.8134887329953 -0.013232847201888 -9.2867835893847e-05 9.8150772793588 -0.00032739348378732 -6.3506209999128e-06 0.00052959034502646 -0.0003198245015711 -1.6019375197865e-06 0.00053425647869819 0.080956778592036 0.011313708498985 4 9 6 6 0
49.014238297079 8.4169840171864 115.48713684082 -0.009281 0.014814 1.5837083267949 -0.0028159264773837 -0.0075665030818137 -0.0027173861968039 -0.0076025867191166 0.0010040158122918 -0.13682955729768 -0.086546943868752 9.8060983971668 0.0081369094353251 0.0043997659694781 9.8074301992923 -7.4558971001e-05 0.00028065368034864 0.00060728824404569 -6.5596973385499e-05 0.00028628730945844 0.00060569469395804 0.081908485518901 0.011313708498985 4 9 6 6 0
49.014238705097 8.4169839451156 115.43027496338 -0.009198 0.015016 1.5850743267949 0.01387567605911 -0.009942763585867 0.014015050462098 -0.0097452151158961 -0.01142303996996 -0.14591608519953 -0.087621942924864 9.8117223444509 0.0014976649544181 0.002585166691989 9.8131982507615 -0.00019064248378326 -0.00013002306204419 0.00016903446757108 -0.00018804462575243 -0.0001284682836683 0.00017304707847661 0.081608823052413 0.010630145812735 4 9 6 6 0
49.014238412583 8.4169839735932 115.47172546387 -0.009283 0.014884 1.5832593267949 0.0022706380034077 -0.0092013276568414 0.0023849315627928 -0.0091723949373037 -0.0032771924857222 -0.14387213491076 -0.090230420612322 9.8081622652289 0.0019685810767071 0.00074764142220398 9.8096320069035 -0.00014530974131431 0.00014499156652314 0.0010833689811595 -0.00012915820538767 0.00015503516876348 0.0010839982924872 0.081908485518901 0.011313708498985 4 9 6 6 0
