49.014238974164 8.416980228029 116.61145019531 -0.006489 0.01446 1.8407173267949 0.022126604127018 0.0060839341219196 0.019706365910051 0.011758393374276 -0.0049246648693371 -0.14005842213709 -0.065481897018811 9.8074608919433 0.001687473328263 -0.001695429182801 9.8086790960103 0.00039992634262072 0.00027447664539405 -0.00099859416232961 0.00038541790281717 0.00026796001210638 -0.0010060277494414 0.17907540311277 0.017691806012954 4 4 5 5 0
49.01423810905 8.4169794194816 116.91430664062 -0.006957 0.014649 1.8771303267949 0.0092957502207972 -0.015899828507208 0.01365278712114 -0.012361883911373 0.035530972003237 -0.14188076644143 -0.06665787630675 9.8119635038158 0.0020159672453866 0.0018760417950105 9.8132151115285 0.00057640696468402 -0.00019823457893813 -0.00071898140749355 0.00056580404596067 -0.00020324769024591 -0.00072596591544291 0.18569868066306 0.019104973174543 4 4 5 5 0
49.014238973658 8.416980235663 116.63704681396 -0.006571 0.014415 1.8423273267949 0.020062679431812 0.0059355505192131 0.017734691068799 0.011100561992956 -0.00049310619318868 -0.13657209331036 -0.067867007768642 9.8077637185225 0.0048587594498849 -0.0036870039487886 9.8089475549822 -0.00041302459335038 7.5377321854582e-05 8.6838443433716e-05 -0.00041173088043599 7.5909019379928e-05 9.2336688764575e-05 0.17907540311277 0.017691806012954 4 4 5 5 0
49.014238838682 8.4169804432471 116.64640045166 -0.006545 0.014005 1.8368943267949 0.0088257362404997 0.0090224233425411 0.0061366815426649 0.011029218054779 0.0023970290276986 -0.1347013828033 -0.063029866133017 9.8101665321553 0.0029175378070872 0.0012756890396634 9.8112935226675 0.00016517845773963 -0.00016800206068174 -0.00031243195894648 0.00016079011848486 -0.00017003974425049 -0.00031360392849763 0.18143042743708 0.019104973174543 4 4 5 5 0
49.014238812973 8.4169803766346 116.66248321533 -0.006595 0.014035 1.8388333267949 0.0068305537110204 0.008097506946783 0.0044437600951213 0.0096165695513434 0.0039096216926753 -0.13657524000804 -0.065265098215861 9.8110145813909 0.00098074535792821 -0.00085081266629721 9.8121820024918 -0.0003518861216975 0.00034685347429878 -0.00061950183331609 -0.00036055757322986 0.0003427529563342 -0.00061678786096623 0.18143042743708 0.019104973174543 4 4 5 5 0
49.014238970003 8.4169802267213 116.6312713623 -0.006514 0.01442 1.8421303267949 0.020561241433226 0.0058567671843667 0.018240688063304 0.011150935606805 -0.0016014298851449 -0.14191501013287 -0.066924110892254 9.805485387143 -0.00037924692194192 -0.0029017009579853 9.8067401267321 0.00038465747005493 -0.0001504349226739 -0.0010231687886229 0.00036987149958239 -0.00015710886637454 -0.0010276079988778 0.17907540311277 0.017691806012954 4 4 5 5 0
49.014238330806 8.4169798547982 116.81681060791 -0.006684 0.014493 1.8508163267949 0.011046354375395 -0.0048624265384873 0.011960170624066 -0.001619121458704 0.018469678097403 -0.14118426174868 -0.066558082408784 9.8066840449019 0.00088904500069116 -0.0014940547144769 9.8079266119851 -0.00077139533284253 6.9240572911779e-05 -0.00053515948209162 -0.00077904254435866 6.5709003669758e-05 -0.00052438050490357 0.1838477631085 0.017691806012954 4 4 5 5 0
49.014238944799 8.4169804679564 116.61175537109 -0.006472 0.014139 1.8357913267949 0.014920780234496 0.0095474156176267 0.011890835568779 0.013130070548294 -0.0033289132732626 -0.14255937449351 -0.067695538965242 9.8122890710137 -0.0033556986328002 -0.0039733586052593 9.8135564351377 0.00042089840332094 -0.0005104716715025 -0.00010365162243327 0.00041944014256999 -0.00051113054962857 -0.00010630190205904 0.18106904760339 0.020518284528683 4 4 5 5 0
49.014238862151 8.4169804030082 116.65203094482 -0.006575 0.014107 1.8380633267949 0.009722687384135 0.0085315682557023 0.0071246498965844 0.010796157347651 0.0025496538882518 -0.14329647401437 -0.064848265242133 9.8037235222058 -0.0055418457550824 -0.00053286007383525 9.8049840774074 -0.00019004802724579 0.000995539581395 -0.001052345559759 -0.00020489915166824 0.00098864128627882 -0.0010560224872816 0.18143042743708 0.019104973174543 4 4 5 5 0
49.014238924326 8.41698005543 116.66162109375 -0.00655 0.014577 1.8395863267949 0.024826467785091 0.0028987111673321 0.023167676449724 0.0093815834051476 0.00052725519339324 -0.14226970177934 -0.067288054012944 9.8063805729289 0.00068995344600557 -0.0032574275027695 9.8076425685578 -0.00025368073777279 0.00012359838552207 -0.00042755103297843 -0.00025987865603274 0.00012082371740741 -0.00042462326461885 0.18423083346715 0.017691806012954 4 4 5 5 0
49.014238975045 8.4169802296266 116.63414764404 -0.006515 0.014397 1.8423853267949 0.020302943764026 0.0058900487270793 0.017980228913786 0.011118144459761 -0.00087354595243664 -0.13365524114221 -0.063432577899434 9.8129459422298 0.0078935939520581 0.00074108251596759 9.8140581521992 0.00051274375193609 -0.00042152067869057 9.994073581417e-05 0.00051419459817115 -0.00042083088276965 9.528333773726e-05 0.17907540311277 0.017691806012954 4 4 5 5 0
49.01423893563 8.416980081425 116.64465332031 -0.006528 0.014556 1.8399513267949 0.024717934529555 0.003324281590194 0.022944280777033 0.0097768327969573 -0.0012712132730242 -0.14000191819449 -0.06514146759173 9.8091217932182 0.0029549492985302 -0.0010064416342291 9.8103362844756 0.00022826538913105 -0.00016748272006551 -0.00060480931642051 0.00021944955610809 -0.00017143443916299 -0.0006069810813337 0.17873164241398 0.0162788205961 4 4 5 5 0
49.014238102957 8.4169794387798 116.91231536865 -0.007027 0.014681 1.8766823267949 0.0086229510539645 -0.015304138998398 0.012828636042235 -0.011999887044813 0.035793051156507 -0.13369304617995 -0.061417840878763 9.8047916444577 0.010140052735674 0.0072600553634772 9.8058875027718 -0.00032517669320733 0.00020392726383993 -0.00021980740169301 -0.0003284112467121 0.0002023468837033 -0.00021643329717777 0.18495404834715 0.019104973174543 4 4 5 5 0
49.014238969061 8.4169802253448 116.62285614014 -0.006527 0.014454 1.8416693267949 0.0212925386585 0.0060368647319262 0.018903450323447 0.011509774510292 -0.0029135304393359 -0.13997420345124 -0.068570646541242 9.80742686608 0.0017850535137192 -0.0044095334318513 9.8086642138476 0.00038048150683402 0.00010270300776811 2.3915121830161e-05 0.00038077699312705 0.00010286378703974 1.7762168239389e-05 0.17907540311277 0.017691806012954 4 4 5 5 0
49.014238971347 8.416980226495 116.62677001953 -0.006514 0.014446 1.8418903267949 0.020975267970559 0.0059196979263785 0.018625338217654 0.011318192016001 -0.0020307501881848 -0.13402753479132 -0.062342417478229 9.8085485233146 0.0076744448475034 0.0018016069723874 9.8096592619044 0.00055144084411351 7.0475890547465e-05 -0.00080137993169776 0.00053980403485243 6.5254069476971e-05 -0.00080970471639067 0.17907540311277 0.017691806012954 4 4 5 5 0
49.014239008549 8.4169803035535 116.62336730957 -0.00652 0.01437 1.8406353267949 0.019119946908692 0.0068482455774475 0.016600845694418 0.011699744149207 -0.0017656772064037 -0.13586973317366 -0.06775229433223 9.8068285354728 0.0050268457938742 -0.0037853462522649 9.8080014382554 7.9124552309677e-05 9.1328227600144e-05 -5.2560427099763e-05 7.835995854062e-05 9.0974412323255e-05 -5.4264927082255e-05 0.18106904760339 0.020518284528683 4 4 5 5 0
49.0142389868 8.416980230757 116.59278106689 -0.006481 0.014496 1.8386703267949 0.023417285064849 0.005762819537525 0.021047909300116 0.01177187492134 -0.0075192309919473 -0.13659293907806 -0.065058905865383 9.8096531922146 0.005507132580982 -0.0012942847553036 9.8108180226543 0.00023594041241362 0.00047459151480155 -0.00043890178389454 0.00022951487830217 0.00047172026008402 -0.00044534901436939 0.17873164241398 0.0162788205961 4 4 5 5 0
49.014238972843 8.4169802268666 116.61675262451 -0.006521 0.014462 1.8412253267949 0.021693548235717 0.006084232531278 0.01928287386026 0.011653218764353 -0.0038744222185781 -0.13775845541589 -0.065777669086619 9.8051191458482 0.0039947088269559 -0.0018319772516748 9.8063064658018 0.00010955852263879 0.00019914509263712 0.00058432000814485 0.00011796643319446 0.00020295175500671 0.00058138988655071 0.17907540311277 0.017691806012954 4 4 5 5 0
49.014238123006 8.4169794096335 116.91192626953 -0.006966 0.014688 1.8768983267949 0.010276542610942 -0.016379461442654 0.014738491961508 -0.012516831121046 0.034810230497114 -0.13759834713012 -0.063871492781483 9.8045521038744 0.0060531588624934 0.0044636769990052 9.8057224677318 1.4295876941222e-05 0.00079756545911165 -0.00032930890599901 9.4476724882533e-06 0.00079525667014967 -0.00033503972985918 0.18569868066306 0.019104973174543 4 4 5 5 0
49.014238929949 8.4169804759344 116.61412811279 -0.006485 0.014119 1.8354853267949 0.013782767960853 0.010061958635597 0.010668325691999 0.013319291221013 -0.0030316736643935 -0.14013108698587 -0.064755925751382 9.8087209086625 -0.0012217434783519 -0.00097574412066592 9.8099352999158 0.00044433943331598 -0.00054740709406572 -0.0011124588166516 0.00042862186575522 -0.00055464361433424 -0.0011150282526051 0.18106904760339 0.020518284528683 4 4 5 5 0
49.0142383679 8.4169798251344 116.8238067627 -0.006658 0.014513 1.8515563267949 0.011818958876398 -0.0045500821381439 0.012617034979973 -0.0010960814969405 0.018740018865422 -0.13839907130963 -0.06076173486252 9.8115240776268 0.004054718584817 0.004554700743533 9.8126865076406 7.9821645573665e-05 -0.00021411153084511 -0.0006124555452868 7.0917579933029e-05 -0.00021818493332832 -0.00061212569789871 0.1838477631085 0.017691806012954 4 4 5 5 0
49.014238183712 8.4169794819761 116.89566040039 -0.006867 0.014589 1.8699793267949 0.01110917452263 -0.014894176517423 0.015022528513608 -0.010935568065414 0.031649253415496 -0.13733231647413 -0.067632633524779 9.8082670759974 0.005808963865245 3.1317691596956e-05 9.8094599270969 0.00036772000455948 6.3221144945576e-05 -0.0001132425171292 0.00036601315380806 6.2462212024918e-05 -0.00011904658802313 0.18569868066306 0.019104973174543 4 4 5 5 0
49.014238658775 8.4169799039849 116.79786682129 -0.006557 0.014669 1.8422433267949 0.018771638319148 -0.0032148037589592 0.01894508064577 0.0019507537913453 0.015402758962125 -0.13581998469795 -0.060922859229646 9.8083522391182 0.0081425777960867 0.0039045711652086 9.8094778170702 0.00062898358443346 -9.104708649134e-05 0.00037246559245249 0.0006343593471814 -8.862319912332e-05 0.00036381127957821 0.1838477631085 0.017691806012954 4 4 5 5 0
49.014238892036 8.4169800492254 116.69512176514 -0.006508 0.014738 1.8380603267949 0.024656662229191 0.0023147683225462 0.023171404555774 0.0087404329750351 0.0040957219421298 -0.14194433392569 -0.065229340877586 9.8067804126944 0.0021781355470086 -0.0014978387109479 9.8080242738059 -5.269581069544e-05 0.00080637560334129 -0.00026675633658037 -5.6687367470516e-05 0.00080461942335534 -0.00027120524667442 0.18423083346715 0.017691806012954 4 4 5 5 0
49.014238967806 8.4169804446572 116.61029052734 -0.006496 0.014159 1.8366313267949 0.016060299303706 0.0094182667484696 0.013020442900394 0.013308393618335 -0.0036722049672273 -0.13941109040243 -0.064804669708317 9.8087554853722 7.0918752677103e-05 -0.0011412347163774 9.809960297902 6.4486827880872e-05 -0.00083682324218562 -0.00034598592708661 5.9615691870942e-05 -0.00083908175504887 -0.00034137041286068 0.18106904760339 0.020518284528683 4 4 5 5 0
49.014238838934 8.4169804268295 116.64713287354 -0.00657 0.013981 1.8375033267949 0.0081323349652755 0.0091263875338962 0.0054413031549154 0.01094620607912 0.0022458125467181 -0.14067727033726 -0.068520599704644 9.8068817392728 -0.0032944889059773 -0.004258168345199 9.8081286230172 -0.0001537054568284 -0.00049254584997246 -0.00011465733180892 -0.00015522697760438 -0.00049328215916416 -0.00010927799337814 0.18143042743708 0.019104973174543 4 4 5 5 0
49.014238687516 8.4169799510855 116.79204559326 -0.006559 0.014645 1.8411433267949 0.019381950849159 -0.0021223203448494 0.019243244194485 0.0031435172439275 0.014317987834219 -0.13950623855827 -0.067045846713757 9.8105850186754 0.0044163542107387 -0.0023989615681188 9.8118045988306 0.00030558157583435 -0.00037495521986572 -0.00032336760410971 0.00030084842651811 -0.00037707522463083 -0.00032535610951768 0.1838477631085 0.017691806012954 4 4 5 5 0
49.014238266903 8.4169796876709 116.84944152832 -0.006714 0.014516 1.8585773267949 0.011346702780118 -0.0099729274374468 0.013715658744166 -0.0063324315174016 0.023735247916565 -0.13260069593514 -0.062486463012498 9.8084548602119 0.0097438964558971 0.0034903767019081 9.8095449867321 0.00014229007938665 0.00016419152739157 -0.00089799820362291 0.00012923326384641 0.00015816678849992 -0.00090103969762343 0.18346934348822 0.0162788205961 4 4 5 5 0
49.014238988419 8.4169801837367 116.59424591064 -0.006504 0.014521 1.8403903267949 0.02392757994895 0.0050954410166857 0.021706688267535 0.011283255675885 -0.0074362490523899 -0.13802285199988 -0.066605661987497 9.8055992314451 0.0042336733187413 -0.0028059282208062 9.8067954108291 0.00010906389120469 0.00034335773856114 -8.9290145198462e-05 0.00010771197973472 0.00034277660470482 -9.3107218198794e-05 0.17873164241398 0.0162788205961 4 4 5 5 0
49.014238225566 8.4169795884263 116.87082672119 -0.006792 0.014548 1.8635903267949 0.01126956062207 -0.012675369175625 0.014460218504577 -0.0088650269155392 0.027555050420272 -0.13801690947556 -0.066865801460666 9.8081128226814 0.0050263638543197 2.1003780403266e-06 9.8093103174542 0.00026346795492385 -0.00045299051560644 -0.0002911815060585 0.0002592408036421 -0.000454980999704 -0.00029189696357696 0.18346934348822 0.0162788205961 4 4 5 5 0
49.014238858766 8.4169803958408 116.64926147461 -0.006571 0.014052 1.8380663267949 0.010342763584605 0.0088909504475832 0.0076321685691391 0.011303526114942 0.0016884513510337 -0.13989251990601 -0.064069158023164 9.8127774429206 -0.0019573051925522 0.00026357861578995 9.8139836228122 -1.9494485301636e-05 1.6191648506197e-05 -0.00022079678821298 -2.2582027530413e-05 1.47670287487e-05 -0.00022059775722569 0.18143042743708 0.019104973174543 4 4 5 5 0
49.014238278418 8.4169797215317 116.84342193604 -0.006757 0.014491 1.8572393267949 0.011296857366266 -0.0089733418997099 0.013376513996599 -0.0054054869707821 0.022747544525374 -0.1410327173484 -0.06593224479838 9.8072472017855 0.0013405317850722 -6.8224755433111e-05 9.8084828336569 -0.00082575228774386 -0.00034578958361822 -0.00034931264822858 -0.00083069795843695 -0.00034816044628126 -0.00033498136560643 0.18346934348822 0.0162788205961 4 4 5 5 0
49.014239011627 8.4169803504927 116.61694335938 -0.00651 0.014354 1.8393033267949 0.018897400371059 0.007138122179865 0.016316551720981 0.011909732425483 -0.0023540792287129 -0.1363168927682 -0.065432520933033 9.8026236619211 0.0043585940313177 -0.0015208071349676 9.8037886506136 3.0459937152711e-05 0.00027829940830162 -0.00072145814858381 2.0087924056377e-05 0.00027358051799431 -0.00072360617454676 0.18106904760339 0.020518284528683 4 4 5 5 0
49.014238876009 8.4169800539328 116.70244598389 -0.006489 0.014671 1.8377423267949 0.024169205532392 0.0020838630964382 0.022762561639713 0.0083880769662144 0.0048939844750125 -0.13484491425175 -0.066128380999974 9.8072293335707 0.0091053841977405 -0.0023821165661731 9.8083748633808 0.00023938630967151 -8.9789155943671e-05 -0.00056876452954815 0.00023099017772737 -9.3462628322832e-05 -0.00057164582861878 0.18423083346715 0.017691806012954 4 4 5 5 0
49.014238158506 8.4169794516712 116.9037399292 -0.006937 0.01457 1.8726623267949 0.010887094152014 -0.015523735053676 0.01501763625339 -0.011575273617047 0.032505904794116 -0.13808895034862 -0.063659216046575 9.8094221417561 0.0051161078346762 0.0042395265951269 9.810598437177 -0.00032269558346957 -0.00033481301001194 -0.0008691243093157 -0.00033532672142086 -0.00034082553645622 -0.00086197923147267 0.18569868066306 0.019104973174543 4 4 5 5 0
49.014238879827 8.416980422945 116.63828277588 -0.006576 0.014051 1.8373133267949 0.011189501496696 0.0093049304966767 0.0083478214692633 0.011920511638574 -5.5225165598064e-05 -0.14370501432731 -0.065706293023441 9.8065069714068 -0.0057841728788902 -0.0015526780969994 9.8077782637453 -0.00038744351707658 -0.00013605812724183 -0.00048476114800257 -0.0003942099468533 -0.00013921163161258 -0.0004783590793597 0.18143042743708 0.019104973174543 4 4 5 5 0
49.01423828501 8.416979766468 116.83842468262 -0.006652 0.014522 1.8554093267949 0.011279644879349 -0.0080958071189858 0.013104656670541 -0.0045880863866012 0.022000742897333 -0.13759772147109 -0.060185139870926 9.8079952921812 0.0047380696756907 0.0053599341530833 9.8091427145279 0.00034336607379214 0.00040025293957047 -0.00021220288358705 0.00034022604710959 0.00039879603680567 -0.00021985391579326 0.18346934348822 0.0162788205961 4 4 5 5 0
49.014238977026 8.4169802288132 116.60478973389 -0.006484 0.014475 1.8402293267949 0.022520181231566 0.00615604076678 0.020073454326346 0.01192107623929 -0.0062613919053808 -0.13665400598319 -0.063102899578448 9.8067525674118 0.0052505493373688 0.00044216586235393 9.8079060668063 7.4396615604076e-05 0.00026860636694853 -0.0010555131907235 5.9114388017178e-05 0.00026176199434073 -0.0010581936021702 0.17907540311277 0.017691806012954 4 4 5 5 0
49.014238919708 8.4169800541051 116.66624450684 -0.006532 0.014594 1.8390803267949 0.025065296530869 0.0027150770046382 0.023449327650584 0.0092611758219869 0.0013002481967169 -0.13976390066842 -0.065151723074386 9.8094974280406 0.0035365113970941 -0.0010757316774337 9.8107084355114 8.7816109374988e-05 -2.2394423586227e-05 -0.00030457338338057 8.3351203258825e-05 -2.4389483779692e-05 -0.00030566779591118 0.18423083346715 0.017691806012954 4 4 5 5 0
49.01423873154 8.4169800245239 116.77512359619 -0.006524 0.014722 1.8402343267949 0.020620326767247 -0.00018875164752266 0.019926529858294 0.005307841796186 0.01224191017786 -0.13399375025325 -0.065089460737993 9.8058343039756 0.0098644755215442 -0.0009019398024437 9.8069603522151 0.00034846044711612 0.00097461266163311 -0.00019104001735666 0.00034557853530119 0.00097333644465229 -0.0002024962921578 0.1838477631085 0.017691806012954 4 4 5 5 0
49.01423878753 8.4169803847101 116.66297149658 -0.006535 0.013927 1.8383063267949 0.0057592447649842 0.0080311120567799 0.0034297759678225 0.0092685238423138 0.0041584660887513 -0.13668608045662 -0.065550132168701 9.8060088978208 0.00047580097766951 -0.0012356311870437 9.8071804486427 0.00053948707252831 -0.00087919242920464 -0.00064436595603472 0.00053051156439379 -0.00088339374518727 -0.00064607473378902 0.18143042743708 0.019104973174543 4 4 5 5 0
49.014238096205 8.4169794641301 116.91536712646 -0.007004 0.014645 1.8758643267949 0.0080846574314469 -0.014372334679344 0.012018134513732 -0.011290912854542 0.036090695756385 -0.13926525767573 -0.071461736701724 9.8078464738898 0.0045443811578736 -0.0028966170301262 9.8090942571246 -6.6933316583552e-05 -0.00033252694169799 0.00050488364158288 -5.9483730811074e-05 -0.00032902872731586 0.0005081634371182 0.18495404834715 0.019104973174543 4 4 5 5 0
49.014238997655 8.4169802882874 116.62635040283 -0.006521 0.014358 1.8408913267949 0.019149524198071 0.006651948243464 0.016677773506793 0.011524176589401 -0.0014613156794429 -0.14107304012236 -0.067923838379326 9.8024647457569 -8.3797924104328e-05 -0.0040429625929214 9.8037143431328 -5.1953625923834e-05 -0.00037700406589251 -0.00066290989285502 -6.1431166718509e-05 -0.00038132477350126 -0.00065960249542755 0.18106904760339 0.020518284528683 4 4 5 5 0
49.01423831656 8.4169798600201 116.82097625732 -0.006635 0.014518 1.8508933267949 0.010794094016218 -0.0049137409345515 0.01173295587722 -0.0017337810681123 0.019305817270746 -0.14339640869817 -0.066815087681786 9.8109706412557 -0.0012898803439864 -0.00179383760954 9.8122459712438 -0.000108611804869 0.00061676024036597 -4.3104809472488e-05 -0.00010931644762571 0.00061651049469094 -4.5588611361117e-05 0.1838477631085 0.017691806012954 4 4 5 5 0
49.014238917886 8.4169800442472 116.67655944824 -0.006501 0.014606 1.8390273267949 0.025062268872527 0.0025397204258075 0.023493655298602 0.0090892647105976 0.0023673765235626 -0.13966557469649 -0.065692393158735 9.80772454502 0.0037021869395048 -0.0017427930711381 9.8089379254684 0.0004092078318002 -9.7476906661589e-05 0.00021117562711622 0.00041224828010104 -9.61433935675e-05 0.00020580867249318 0.18423083346715 0.017691806012954 4 4 5 5 0
49.014238201003 8.4169795049599 116.88987731934 -0.006889 0.01456 1.8681593267949 0.011333000508254 -0.014325604967591 0.015045004626393 -0.010359639521832 0.030547694628912 -0.13877712499004 -0.064303896413102 9.8091222530759 0.0042307214617739 0.0031188205026359 9.8103133614472 -0.00043442608246347 -0.00020451925907951 0.00076106739791958 -0.00042328486650477 -0.00019924828346961 0.00076868440113759 0.18346934348822 0.019104973174543 4 4 5 5 0
49.014238777417 8.4169800422843 116.74574279785 -0.00654 0.014646 1.8395243267949 0.021708917710736 0.00050357958866129 0.020793582234725 0.0062578386553873 0.0089527208446658 -0.13658637090656 -0.062960695092219 9.8070690035099 0.0070236252375575 0.0011579263902688 9.8082195136848 -8.1842268127295e-05 9.7116616008031e-05 -0.00032873307069908 -8.6673332450883e-05 9.4939119417134e-05 -0.00032813387762451 0.1838477631085 0.017691806012954 4 4 5 5 0
49.01423815159 8.416979443998 116.90428924561 -0.006925 0.014632 1.8736243267949 0.010948063566002 -0.01581255225774 0.015174849132775 -0.011816197278888 0.032855522077835 -0.14085927808399 -0.063469306680406 9.8053694228206 0.0026026822826566 0.004608330819722 9.8065853975873 0.00020198312197197 0.00024566561403516 -0.00073882622632995 0.00019115317683897 0.00024053499778777 -0.0007433755421636 0.18569868066306 0.019104973174543 4 4 5 5 0
49.014238968423 8.4169801364319 116.616355896 -0.00648 0.01458 1.8398023267949 0.024635071823901 0.0043661557615295 0.022589320124387 0.010755123058349 -0.0046769263669165 -0.13548806863141 -0.062771858202372 9.8073395522519 0.0073876084715996 0.0010211010172485 9.8084732767005 0.00047999246280071 0.00028808746130941 -0.00050534160714778 0.00047258731811154 0.00028475869999275 -0.00051415470002554 0.17873164241398 0.0162788205961 4 4 5 5 0
49.01423811781 8.4169794005575 116.91576385498 -0.006974 0.014658 1.8775293267949 0.010092246161625 -0.016216866276247 0.014519891685803 -0.012410178504851 0.035408092375905 -0.14209329348152 -0.066716028441761 9.8086019200734 0.0017091293009521 0.0017417345181163 9.809857574225 5.8164431647195e-05 8.2717006942996e-05 0.00030563741347122 6.2691209708782e-05 8.482623878295e-05 0.00030415837163581 0.18569868066306 0.019104973174543 4 4 5 5 0
49.014238715216 8.4169800042308 116.78435516357 -0.006558 0.014667 1.8401703267949 0.020152803907863 -0.00091869407745262 0.019668798086023 0.0044872401507575 0.01330121297061 -0.13727651779775 -0.068572681573496 9.8078543213278 0.0064397208247409 -0.0041540560463609 9.8090519050899 -3.4076260717894e-08 0.00035728229637808 -0.00065843202996165 -9.670016919814e-06 0.00035295084673085 -0.00066068211367032 0.1838477631085 0.017691806012954 4 4 5 5 0
49.014239015872 8.4169804097501 116.61080932617 -0.006476 0.014289 1.8378593267949 0.018216894676755 0.0084258825736109 0.015338434281686 0.012946394353542 -0.0032537484514697 -0.13752461742967 -0.063595353818765 9.8100894521937 0.0028501325608787 0.00012706023149232 9.811259115866 0.00020485684608809 -0.00015813993045061 -0.00043584735787161 0.00019861565191288 -0.00016098392698985 -0.00043768754149168 0.18106904760339 0.020518284528683 4 4 5 5 0
49.014238947628 8.4169801095275 116.63369750977 -0.006507 0.014575 1.8395553267949 0.024709632335223 0.0037331137067208 0.022829942225454 0.010163549163081 -0.0022031433320221 -0.1383213138891 -0.061574833970853 9.8069549277348 0.0045227764824868 0.0023001481611903 9.808122305336 9.5760821788909e-05 0.0003108867944205 -9.2525295555494e-05 9.4368385837011e-05 0.00031029314708089 -9.5941498915211e-05 0.17873164241398 0.0162788205961 4 4 5 5 0
49.014238916819 8.4169804673394 116.61814880371 -0.006473 0.014088 1.8359503267949 0.012872617249615 0.010011259025134 0.0098010959881474 0.013033376554269 -0.0025059783798012 -0.13863764467334 -0.064469568925219 9.8086923800154 -0.0001678989002012 -0.0007950167268408 9.8098838709393 0.00048983629258053 -0.00039057790998109 -0.00022312163194227 0.00048665109499509 -0.00039204230122268 -0.00022745823528832 0.18106904760339 0.020518284528683 4 4 5 5 0
49.014238987315 8.4169804425418 116.60983276367 -0.006475 0.014189 1.8367163267949 0.017287766525242 0.0091468418310934 0.014268423347169 0.013377716158572 -0.0034543516686363 -0.13920340050499 -0.065668782363591 9.8091934902196 0.00065510612763701 -0.0020923966728619 9.8104004281056 0.00014847903350642 -0.00083414749400931 -0.00014841155496662 0.0001463829642744 -0.00083510503854151 -0.0001451082523392 0.18106904760339 0.020518284528683 4 4 5 5 0
49.014238302656 8.4169798512741 116.82495117188 -0.006626 0.014446 1.8515433267949 0.010683616943732 -0.0058291196380999 0.011884265101567 -0.0026266983910878 0.019889368203821 -0.13840475904088 -0.067029544564305 9.8083001387824 0.0034426992209377 -0.0017730389883776 9.8095049015255 0.0003412309092982 -0.00014289132032985 0.00013474034382308 0.00034315355523492 -0.00014199538651177 0.00013078155959902 0.18346934348822 0.0162788205961 4 4 5 5 0
49.014238852896 8.4169800514799 116.7152633667 -0.006522 0.014655 1.8379003267949 0.023612529294551 0.0017427226111766 0.022314397632568 0.0079156865883585 0.0060779703866036 -0.13982416629372 -0.070129741965185 9.8037895157154 0.0040636300907561 -0.006308504642976 9.8050344793461 -0.00017010696380345 -0.00030560427345609 -0.00078982959532479 -0.00018168995882501 -0.00031071619666862 -0.00078525747615498 0.18423083346715 0.017691806012954 4 4 5 5 0
49.014238957494 8.4169801235733 116.62461853027 -0.006519 0.014555 1.8397103267949 0.024640109343336 0.0041357154995515 0.02265587706761 0.010533312833932 -0.0035674503025449 -0.14088486936095 -0.067624852239956 9.8052920240836 0.0020542240704894 -0.003805247698631 9.8065363468777 -0.00013578531485832 -0.00028358347899927 -0.0011844669829679 -0.00015297327946658 -0.0002913115562189 -0.0011805188893822 0.17873164241398 0.0162788205961 4 4 5 5 0
49.014238835066 8.4169803881716 116.65441131592 -0.006584 0.014067 1.8386193267949 0.0076758118376885 0.0085880563050652 0.0051344852685848 0.010310728402752 0.0026487536857606 -0.13311479420184 -0.060713951385116 9.80670605373 0.0044780776609788 0.0036317407748294 9.8077954396724 -0.00015181764286441 0.00059818250997802 -0.0004273174748772 -0.0001578589015003 0.00059536676028544 -0.00042905458004607 0.18143042743708 0.019104973174543 4 4 5 5 0
49.014238131465 8.4169794218648 116.90712738037 -0.006941 0.014639 1.8760023267949 0.010515151710235 -0.015930033803368 0.014821147989099 -0.012027958166628 0.033857086651624 -0.1388866122121 -0.068414419078128 9.8105614003246 0.0046533607262587 -0.00014789382100568 9.8117817969536 0.00026615943039122 0.00027944254617066 -0.00029563392510361 0.00026180014454691 0.00027739372530915 -0.00030144667212071 0.18569868066306 0.019104973174543 4 4 5 5 0
49.014238326324 8.4169798502421 116.81720733643 -0.006645 0.014487 1.8515873267949 0.011098356448289 -0.0047474360599411 0.011978840904639 -0.0014896132432891 0.018251895286346 -0.13574033396896 -0.06596464551137 9.8105943752395 0.0065406469934225 -0.00085376210161164 9.8117533137119 -4.6462824004081e-05 -0.00022900301871661 0.00019951968969953 -4.3565453683757e-05 -0.0002276894423682 0.00020171021696656 0.1838477631085 0.017691806012954 4 4 5 5 0
49.01423846309 8.4169798540022 116.82440185547 -0.006632 0.014551 1.8473563267949 0.013837108078871 -0.0036612571967731 0.014311318848735 0.00026634212391139 0.018982202779202 -0.14145826260395 -0.066601140041526 9.8099759440161 0.0012931859420627 -0.0015598027358904 9.8112218047293 -4.9920554370858e-05 -2.8458641861728e-05 -0.00040018415183855 -5.5717098711472e-05 -3.1116806032582e-05 -0.00039924093073346 0.1838477631085 0.017691806012954 4 4 5 5 0
49.014238987671 8.4169802689515 116.63092803955 -0.006498 0.014352 1.8414123267949 0.019340418016317 0.0063528112001156 0.016936070244233 0.011295197625531 -0.00064139735168292 -0.14350074995038 -0.067721022036545 9.8145705654887 -0.0022339525622882 -0.0037419183213002 9.8158525528711 0.00038327280024604 -0.00067781239238391 -0.00011933920229146 0.00038162159852622 -0.00067851836729863 -0.00012038878313441 0.17907540311277 0.017691806012954 4 4 5 5 0
49.014238981829 8.4169801619377 116.60263061523 -0.006471 0.014527 1.8401523267949 0.024544860698534 0.0047821559347894 0.022388324019037 0.011139193095764 -0.0066099753224013 -0.13749059450093 -0.064365212928848 9.8089981598681 0.0051191467919121 -0.00067079247142574 9.810171482468 0.00046377485648587 -8.34466613751e-05 0.00033121049674609 0.00046859904385239 -8.1294454217873e-05 0.00032496619949785 0.17873164241398 0.0162788205961 4 4 5 5 0
49.014238146354 8.4169794199355 116.90623474121 -0.00698 0.014663 1.8750853267949 0.010888358314917 -0.015832425267732 0.015137454898762 -0.011835731765983 0.033382646600794 -0.13728946486431 -0.064501953810259 9.806631987352 0.0062116685650129 0.003809117700028 9.8078025170332 -0.00029190228463671 0.00061156774833949 0.00019284721628108 -0.00028909206768813 0.00061288392411137 0.00019284437021534 0.18569868066306 0.019104973174543 4 4 5 5 0
49.014238592589 8.416979835613 116.80863189697 -0.006646 0.014698 1.8444803267949 0.016992564597103 -0.003934849139448 0.017423284910491 0.00081341940607672 0.016669773365863 -0.13447075921458 -0.063650378450113 9.809077278466 0.0091676493080108 0.0016301281229645 9.8102008086884 0.00019352990695579 0.00084457557392353 -0.00010642510814334 0.00019183766875535 0.00084386678660374 -0.00011488228937129 0.1838477631085 0.017691806012954 4 7 5 5 0
49.014238253876 8.4169796640687 116.85417175293 -0.006734 0.014487 1.8598933267949 0.011257816565798 -0.010882211688072 0.01390104417966 -0.0072065083923109 0.024686639172763 -0.13680966335019 -0.064197661081411 9.8035423249832 0.0057115273048348 0.0020145594353361 9.8047052152128 0.00017503658371716 -0.00074523125474664 0.0004976411960076 0.00018228600301996 -0.0007418928383773 0.00050005061849522 0.18346934348822 0.0162788205961 4 4 5 5 0
49.014238734517 8.416980402279 116.66401672363 -0.006559 0.013898 1.8373913267949 0.0031272526068332 0.0083278046968867 0.00082118346707356 0.0088578164931342 0.0044456223334702 -0.14007527663836 -0.066854683602762 9.8071909790325 -0.0034465623992332 -0.0024910399319227 9.8084181410313 0.0001535607410054 -0.00042846798864254 -3.4685811024598e-05 0.00015309406701401 -0.00042869788519021 -3.4016330406667e-05 0.18143042743708 0.017029386365926 4 4 5 5 0
49.01423862437 8.4169798324507 116.80774688721 -0.006638 0.014669 1.8439093267949 0.01798576361599 -0.0038307902736459 0.018352173329504 0.001167529070674 0.016115840040173 -0.13710949127353 -0.06961902903702 9.8099961263571 0.0068426034065096 -0.0045422930503814 9.8111976638587 -5.8345658501023e-05 -0.00016197565903727 0.00079472019193798 -4.6696987579933e-05 -0.00015668181879062 0.00079653903016868 0.1838477631085 0.017691806012954 4 7 5 5 0
49.014238105207 8.4169794013781 116.9161529541 -0.006988 0.01469 1.8780373267949 0.0097026675254206 -0.016178348580009 0.014138288808768 -0.012489474961455 0.03563625425948 -0.13965513714027 -0.063631415263343 9.8073222344361 0.0042994223840729 0.0049601970259798 9.8085209504168 0.0001500149946375 0.00035675595348194 -0.00071305937853028 0.0001394868317208 0.00035179629490761 -0.00071765668297121 0.18569868066306 0.019104973174543 4 4 5 5 0
49.014238977548 8.4169802521803 116.6349105835 -0.006506 0.014421 1.8417493267949 0.019613368664951 0.0060610200310797 0.017272353974946 0.011094472975805 -0.00038891411965234 -0.13672753041694 -0.062574660002065 9.8068255977464 0.004544407335903 0.0014698043787563 9.8079773782751 0.00047787533487422 0.00039163729955472 -0.0010650035149985 0.0004624999592607 0.00038469533339661 -0.001074273914874 0.17907540311277 0.017691806012954 4 4 5 5 0
49.014238555754 8.4169798368055 116.81116485596 -0.006656 0.014603 1.8454343267949 0.016055088180932 -0.0039882969702493 0.016534829189511 0.00052258038962677 0.016947374885173 -0.14298951435242 -0.066174943240261 9.8071395508518 0.00023063877756292 -0.0010733828691277 9.8084053190591 -0.00027830850005078 -0.00012849414589787 -0.00020479430468728 -0.00028125202221015 -0.00012985580768127 -0.000199833260566 0.1838477631085 0.017691806012954 4 7 5 5 0
49.014238441014 8.4169798461186 116.82639312744 -0.006655 0.014582 1.8484703267949 0.013159804186124 -0.0043385274851884 0.01384636302262 -0.00054544889480001 0.019154740386299 -0.13708650089742 -0.068137914922884 9.805365647966 0.005626443714945 -0.0027288974446296 9.8065585696372 0.00013203463395526 0.00039894063695656 -0.0010492413039702 0.00011666634886412 0.0003919635917707 -0.0010536933355651 0.1838477631085 0.017691806012954 4 4 5 5 0
49.01423880918 8.4169800509517 116.73477172852 -0.006565 0.014665 1.8385193267949 0.022356519752129 0.0011793762379143 0.021245050992067 0.0070612557533335 0.0077958385557062 -0.14201733098774 -0.067890519629339 9.8045851373105 0.0017039270837265 -0.0039287577436079 9.8058478133959 -0.00078950409180462 0.00013121260035721 -0.00034064922830016 -0.00079441446612514 0.00012893773335432 -0.00032990356734427 0.1838477631085 0.017691806012954 4 4 5 5 0
49.014238749194 8.4169800436373 116.76494598389 -0.006539 0.014651 1.8404243267949 0.021046579574037 0.00010263151837572 0.020259421244873 0.0057031511533786 0.010507244058522 -0.13816956053582 -0.065321779331969 9.8054060378209 0.0055733577411256 -0.0012651881850602 9.8065955182161 -0.00012531268447587 -0.00010782924405662 0.0012704952178777 -0.0001066629372809 -9.9534055928753e-05 0.0012728631616895 0.1838477631085 0.017691806012954 4 4 5 5 0
49.014238979324 8.4169801515575 116.60692596436 -0.006486 0.014549 1.8399663267949 0.024758953503875 0.0046338055794256 0.022635942524098 0.011049503488454 -0.0057714046631634 -0.13746942556946 -0.068958025475011 9.8105256842284 0.0053270173570931 -0.0051363141144487 9.8117283931657 0.00038357841922541 -3.4632892070549e-05 -0.00038995892141799 0.00037790730462938 -3.719666934189e-05 -0.00039523949099386 0.17873164241398 0.0162788205961 4 4 5 5 0
49.014238345683 8.4169798374108 116.82028961182 -0.0067 0.01451 1.8516873267949 0.011296092614484 -0.0045520908452662 0.012115220095316 -0.0012426439956625 0.018391950885826 -0.13931898338159 -0.067742565402354 9.8053997141946 0.0028608318451849 -0.0025134288302131 9.8066227801208 -0.00072351138975506 7.8881126681995e-05 -6.8055584734474e-05 -0.00072449371758816 7.8399368265315e-05 -5.8127854244606e-05 0.1838477631085 0.017691806012954 4 4 5 5 0
49.014238895467 8.4169804432683 116.62837219238 -0.006551 0.014067 1.8367113267949 0.012069220762557 0.0096530485555584 0.0091129318234922 0.012482013664315 -0.0012957149114844 -0.13581332932621 -0.066971727437813 9.804064974286 0.0023684351283726 -0.0030538228534754 9.8052335962936 -0.0003153655954758 -0.00037375479044056 -0.00041399541559437 -0.0003211183395116 -0.00037646709804439 -0.00040707851364065 0.18143042743708 0.019104973174543 4 4 5 5 0
49.014238926477 8.4169800677003 116.65207672119 -0.006516 0.014558 1.8399323267949 0.024742672652207 0.0031252680953771 0.023022500087603 0.0095880208172271 -0.00020493179472928 -0.13795434419721 -0.067010630433157 9.8075295054862 0.0049358924012727 -0.0029664736710629 9.8087267248961 0.00029146358816169 -2.2583634688531e-05 0.0001933331555881 0.00029425013370527 -2.1342099452378e-05 0.00018920338224091 0.18423083346715 0.017691806012954 4 4 5 5 0
49.014238985015 8.4169802311667 116.59712982178 -0.006517 0.014497 1.8395313267949 0.022958442421672 0.0062115595400578 0.020487795165383 0.01208000678388 -0.007010355279446 -0.13769597367517 -0.065310320922378 9.8061349052735 0.0043868525699665 -0.0016581164411341 9.8073178042345 -0.00037363265118341 0.00029476022535378 -0.00022259597277477 -0.00037683294474831 0.00029323137403622 -0.00021906838822069 0.17873164241398 0.0162788205961 4 4 5 5 0
49.014238906837 8.4169800384253 116.68399047852 -0.00651 0.014638 1.8389713267949 0.024998238112618 0.0022772332929232 0.023503219855382 0.0088145435213117 0.0029004420954031 -0.13890204800021 -0.06730854107492 9.8113961672979 0.0048342158118705 -0.0033632908378229 9.8126083623299 0.00025359097440477 -3.9040612487319e-05 7.1792609803159e-06 0.000253665505447 -3.8992466062192e-05 3.7159451699162e-06 0.18423083346715 0.017691806012954 4 4 5 5 0
49.014238393543 8.4169798113246 116.82778167725 -0.006706 0.014568 1.8514693267949 0.012474234287669 -0.0047921120016118 0.013313587141776 -0.0011485716456624 0.019327380328536 -0.14208689155386 -0.064149598525595 9.8061112742853 0.00056677690125222 0.0012661135339969 9.8073505100971 -0.00052121040924643 0.00025221488367986 0.00020264410672096 -0.00051823469435786 0.00025355634406247 0.00020850758471313 0.1838477631085 0.017691806012954 4 4 5 5 0
49.0142382122 8.4169795332106 116.8830871582 -0.006833 0.014605 1.8663033267949 0.011287146705279 -0.013827431725228 0.014835140709195 -0.0099259873915156 0.029233519593214 -0.13824838407388 -0.064766391713116 9.8092266302645 0.0048579540029481 0.0024381391194359 9.810413030865 0.00018042694110594 0.00045267732816623 -0.00058862388201571 0.00017177643657485 0.00044864205905444 -0.0005942877814477 0.18346934348822 0.0162788205961 4 4 5 5 0
49.014238522704 8.4169798385372 116.81318664551 -0.006601 0.014595 1.8463463267949 0.015112272898556 -0.0037876037745876 0.01557259872682 0.00047413511827687 0.017785122600687 -0.13771349564265 -0.063832150268559 9.8069183148604 0.005302535329557 0.0011368295439868 9.8080913669885 0.00047726310112547 -4.1334694925849e-05 0.00050821452175176 0.00048463635072381 -3.7983236686532e-05 0.00050146235764486 0.1838477631085 0.017691806012954 4 7 5 5 0
49.014238239867 8.4169796211993 116.86323547363 -0.006798 0.01453 1.8618413267949 0.01131127521279 -0.011635116852602 0.014182544657759 -0.0078863409704299 0.026192414723479 -0.13231465085764 -0.065517213586493 9.8091404324255 0.010530458037659 0.0010911782132111 9.8102459688693 -0.00026622922645557 -0.00043706230708103 -0.00024306694680231 -0.00026969500131578 -0.0004387168018146 -0.00023620256365525 0.18346934348822 0.0162788205961 4 4 5 5 0
49.014238285582 8.4169798121148 116.83065032959 -0.006639 0.014426 1.8536773267949 0.010846713764976 -0.0069625369267883 0.012362767229926 -0.0036469719911022 0.020983734041484 -0.14104240883601 -0.070953263199466 9.8050488147617 0.00093020176038183 -0.0056123264747558 9.8063184619171 0.00032499931400563 -0.00069951055291936 0.00042859123850807 0.00033124576958611 -0.00069664499739312 0.00042847128460636 0.18346934348822 0.0162788205961 4 4 5 5 0
49.014238832134 8.4169800503623 116.72274017334 -0.00648 0.014662 1.8380933267949 0.023042233535006 0.0014719716718291 0.021833594213721 0.0075105973571954 0.0066801851198006 -0.13569069341853 -0.063893090531287 9.8073721966696 0.0080519654210954 -1.4938375990023e-05 9.8085156903728 0.0005950166240292 0.00017033366667192 -0.00072526183037953 0.00058429868352481 0.00016556596705346 -0.00073498935342471 0.1838477631085 0.017691806012954 4 4 5 5 0
49.014238755465 8.4169803923725 116.66347503662 -0.006569 0.013929 1.8377733267949 0.0044825225666562 0.00826808968316 0.0021399114514782 0.009158517979623 0.0043715658147682 -0.13917019290083 -0.066759099939058 9.8115697719185 -0.0022297448161218 -0.0023740750909269 9.8127832560653 -1.3810954728928e-05 -0.00025669664011455 -6.5849036290967e-05 -1.469861431242e-05 -0.00025712450217082 -6.3960990746047e-05 0.18143042743708 0.019104973174543 4 4 5 5 0
49.014238980407 8.4169801734716 116.59785461426 -0.006532 0.014503 1.8403183267949 0.024217882602512 0.0049969453196268 0.022014285941669 0.011262586326912 -0.0069436729008917 -0.13877089573565 -0.064708939235112 9.8110091180424 0.0037089584308903 -0.0008276353780728 9.8122031523019 -0.00030410114496687 -0.00017955934245258 0.00032301062089999 -0.00029935138633218 -0.00017744098923943 0.00032855086015884 0.17873164241398 0.0162788205961 4 4 5 5 0
49.014238904919 8.4169800421972 116.68960571289 -0.006511 0.014648 1.8385093267949 0.025006838274038 0.0022493929647361 0.023523038425747 0.0087789096441889 0.0034298935640135 -0.13608674524673 -0.063358698937696 9.8062181397921 0.0078068896755193 0.00053562415712127 9.8073638924291 0.00020259489840629 -0.00039278445581856 9.241533714397e-05 0.00020393155728443 -0.00039218667547831 9.1999930353519e-05 0.18423083346715 0.017691806012954 4 4 5 5 0
