49.01332173114 8.4063487162368 117.82934570312 0.033346 0.011905 2.9440633267949 0.34928170261537 -1.9109845212906 1.9420833770538 -0.057997494208008 0.00024777697111034 -0.14200438450112 0.78165807587379 9.70766265322 -0.020737733436981 0.44536524381677 9.7301173056466 -0.025584640528189 -0.0022026742045097 0.23105745221763 -0.022702263462576 -0.010199324379921 0.23113761291334 0.62173064907563 0.057982756057297 4 10 4 4 0
49.013270380752 8.4064910304968 117.50220489502 0.030687 0.012061 2.6974883267949 1.572779852395 -3.2493593054997 3.6098357446738 0.033268925298738 -0.013205668305821 -1.3177675071745 0.22527738415152 9.8282548748516 -1.1952548671723 -0.079166333580535 9.846267517455 -0.0044681835135271 -0.0083064102957953 -0.042789387451971 -0.0050022570057476 -0.0069785585990458 -0.042966705604226 0.58094147725911 0.038183766184074 4 9 4 5 0
49.013325293412 8.4063326282903 117.97612762451 0.026893 0.010732 3.0445363267949 0.18463949069926 -2.0035672595553 2.0119777130935 -0.021783452215308 -0.0013901548550909 -0.034048574732061 0.31104940293219 9.7286445738864 0.072479025547089 0.040054623907334 9.7335851190082 -0.018556661875771 -0.00087300313626291 0.10032856845757 -0.017457309708198 -0.0036809541727025 0.10046617141408 0.63865875082081 0.06576473218983 4 11 4 4 0
49.013327221058 8.4062910633763 117.85864257812 0.017436 0.016024 -2.9960239803847 -0.2032951929434 -2.1324852042072 2.1407886711549 0.080954321702275 -0.014961145412973 0.35813384026402 0.65329772036402 9.7385861713435 0.51207672917601 0.48234564159035 9.7416690892363 -0.005011406348975 0.0081574540180809 0.22743989727618 -0.0014139630034898 0.0041674720202187 0.22759816681787 0.63236065658768 0.050931326312987 4 11 4 4 0
49.013326099316 8.4062818059201 117.85743713379 0.015491 0.017747 -2.9130109803847 -0.39987960035193 -2.2467554595526 2.2808983154176 0.083178905490587 -0.013095332463901 0.32931306040441 0.8850166098582 9.7895957025972 0.49913809994319 0.72684540870811 9.7953759909737 -0.01646809806298 0.011923453619869 0.28581310401177 -0.011505355132833 0.0073124002715568 0.2862123431378 0.63236065658768 0.050931326312987 4 10 4 4 0
49.01332445888 8.4063379097969 117.94403839111 0.030625 0.010974 3.0227193267949 0.24666793140712 -1.9764693696223 1.9918608058946 -0.0071772681597375 -0.0010369701571033 0.021277404750818 0.77140765960483 9.9001175064283 0.12847497351663 0.46645213712733 9.9183558224451 -0.005508987631706 0.0079148248452349 0.15729244606582 -0.003807723522922 0.0030709882076547 0.1575125358411 0.63865875082081 0.06576473218983 4 11 4 4 0
49.013293148534 8.4064233900984 117.6042175293 0.029911 0.022743 2.4795353267949 1.0586417213067 -1.4119348940875 1.7647020371278 -0.018793131655312 -0.0088968251450231 -1.5087469749414 -0.071362625125518 9.7541170534079 -1.2922722988964 -0.36122857036275 9.7787391815602 0.0070638917530667 0.0060435022437244 -0.13503966378135 0.0040783592545862 0.01005318154778 -0.13492474840067 0.59645033322147 0.045967379738245 4 10 4 4 0
49.013328386988 8.4063099510902 117.93641662598 0.022662 0.015701 -3.1388659803847 0.084564662062683 -1.9899487877222 1.990418657451 0.072690678320142 0.0072673588654755 -0.098962351407996 0.40185872803207 9.7617765666369 0.052947023785791 0.18138060974274 9.76872225743 -0.00070212370030788 0.0065992477610872 0.15306935632832 0.0016815716217161 0.003142500198705 0.15317130211929 0.64505658666508 0.063655321851358 4 11 4 4 0
49.01332757939 8.4062938813723 117.88052368164 0.017473 0.015525 -3.0189369803847 -0.15677358908226 -2.088690128134 2.093327650138 0.074925012479537 -0.0046914357322889 0.36700017530866 0.47352131242406 9.7604020447312 0.51621592573077 0.30051074993742 9.7605148095466 -0.0074431534397289 0.0083371850949195 0.21362911851662 -0.0041738519595683 0.0045548004211289 0.21382975602977 0.63236065658768 0.050931326312987 4 11 4 4 0
49.01331445065 8.4063800432444 117.79778289795 0.037339 0.013573 2.5992013267949 0.64083150085886 -1.130890561567 1.2989107219588 -0.05024684494479 -0.02762200197881 0.51476205190966 0.48513353267152 9.6829744131454 0.65676828169155 0.12186429185973 9.6860382674255 -0.0056862617836053 -0.010915867015287 0.21377561333312 -0.0025690640156008 -0.018918645934722 0.21328128227239 0.61055139013846 0.050209560842533 4 10 4 4 0
49.013324900763 8.4063352829341 117.96159362793 0.028718 0.011164 3.0348713267949 0.20251180044513 -1.9927195619829 2.0029728681244 -0.024984267730759 0.004455292449956 0.013267677654777 0.77564296191579 9.762300720052 0.1218788790689 0.4855739175815 9.7803106580802 -0.019194526180597 0.0048442720019102 0.1244128285933 -0.017813409019176 0.001137159132896 0.12471029310968 0.63865875082081 0.06576473218983 4 11 4 4 0
49.013315698207 8.4063764212226 117.79295349121 0.038762 0.008106 2.6481683267949 0.69432081365703 -1.3212838298206 1.4923125254988 -0.033449127937411 -0.028824174456782 0.97575779146402 0.68215299565753 9.886761076862 1.0687484669797 0.30538126816547 9.8961110082307 0.010071318523913 -0.013760025465644 0.23715813422215 0.012284566828379 -0.022778222709118 0.23636815493172 0.61055139013846 0.050209560842533 4 9 4 4 0
49.013268781017 8.4064958628129 117.51019287109 0.031468 0.012741 2.7023203267949 1.6322870373196 -3.4043077644247 3.7752320580945 0.037420001935987 -0.013977785609889 -1.8717473403581 0.14889750978752 9.7484142781589 -1.7449015987885 -0.15733537482275 9.7718033539239 0.0014890343767587 -0.0056773439125451 -0.035167762130941 0.0010309368613022 -0.0045706110396644 -0.035344747139253 0.58094147725911 0.038183766184074 4 9 4 0 0
49.013323205779 8.4063432805392 117.89460754395 0.030454 0.010749 2.9876533267949 0.29098330505465 -1.9422773842822 1.9637536656891 -0.032278429133475 -0.012667825278037 0.017573123300971 0.6443949515612 9.763130411299 0.12578797073848 0.34191504961073 9.7776411516104 -0.012746467916061 0.0005350648420895 0.19844550624497 -0.010546117377761 -0.0056164240568128 0.19849685312803 0.63865875082081 0.06576473218983 4 10 4 4 0
49.013323806233 8.4063407272301 117.91738128662 0.030763 0.010543 3.0054133267949 0.27351459752684 -1.9585634441326 1.9775265063097 -0.014943777995171 -0.011417962348329 0.032380005660323 0.54240403036025 9.8335288028343 0.13763351125668 0.24015013023364 9.8446517611841 -0.0023656812674889 0.0029619967082047 0.17945866384317 -0.00044401267607174 -0.0025532307646139 0.17948101845748 0.63865875082081 0.06576473218983 4 10 4 4 0
49.013327129383 8.4063223291871 117.98834991455 0.025068 0.013213 3.0789053267949 0.1566645552282 -1.9884089917482 1.9944455623326 0.021911343823978 0.035514268774455 -0.17815586555273 0.35689036303229 9.7585146078189 -0.053803278431851 0.10974659628368 9.7659014013843 -0.0061105734929872 0.010909076877139 0.086897947258397 -0.0049974801547396 0.0087069901473191 0.08721740897512 0.63865875082081 0.06576473218983 4 11 4 4 0
49.013320482758 8.4063568405754 117.81177520752 0.035236 0.013798 2.8691423267949 0.53552754615418 -1.8961419547581 1.9701308026369 -0.024339291946415 0.03390081055899 -0.15317683395918 0.52388046984374 9.6615112119346 -0.028132690585409 0.18395608427046 9.6752559869449 -0.0019379533026265 0.024534543546993 0.26678119024198 0.0015214978697838 0.015143295490012 0.26746807759895 0.62173064907563 0.057982756057297 4 10 4 4 0
49.013322390402 8.4063457673042 117.85810852051 0.031269 0.011284 2.9679933267949 0.31641025949211 -1.9255133491414 1.9509327638519 -0.044997407966907 -0.0080727791571044 -0.031792242979573 0.69248429517985 9.6912243207344 0.081269808718803 0.37947872445753 9.7082939495264 -0.021092384843186 0.000443341511269 0.21809878212842 -0.018549257993541 -0.0066007758872523 0.21822895923614 0.63865875082081 0.06576473218983 4 10 4 4 0
49.013274365804 8.4064783162993 117.51725769043 0.032026 0.008441 2.6817073267949 1.5584393671933 -3.0596088642215 3.4333447236653 0.048147299690435 -0.0062923115770793 -0.38520160870662 0.08174131121045 9.8037261434713 -0.2951246372595 -0.22678236544632 9.8046757026687 0.010690149368319 -0.014687204876946 -0.048887282326687 0.010234894070679 -0.013142641556211 -0.049418211096678 0.58940054292476 0.043139309220246 4 9 4 4 0
49.013328351387 8.4063073757536 117.93752288818 0.023314 0.015783 -3.1216379803847 0.061202738004703 -1.9911302040112 1.9904353284902 0.08175934923189 -0.0014281200506846 -0.12748816623362 0.51642761341632 9.7007134386234 0.025232004087815 0.29302655852561 9.7108562730079 0.0028599966637122 0.0051492187317415 0.16969178152415 0.0055306369607526 0.0012401062346333 0.16969889555846 0.64505658666508 0.063655321851358 4 11 4 4 0
49.013295674443 8.4064174242043 117.65781402588 0.028203 0.021752 2.4399163267949 1.0026190429595 -1.282077303017 1.6268214327803 -0.050033332967065 -0.021417953067195 -0.20732750978722 0.0085274597086687 9.8121775568917 0.008631694601124 -0.27393801194809 9.8106223728138 -0.0072548626500825 -0.0086014575918436 -0.12737300336322 -0.010061653171824 -0.0049302698798989 -0.12737786941805 0.59786035158722 0.043139309220246 4 10 4 4 0
49.013281247145 8.4064575446108 117.53730773926 0.028755 0.01345 2.6463783267949 1.4736136224644 -2.72402898926 3.0970748528307 0.017476672535436 0.0064902568581604 -1.6637604889323 -0.087277396665684 9.8370750518502 -1.5441979272602 -0.37445676367968 9.8502638765823 -0.0066290267541537 0.020373893192149 -0.08622387297907 -0.007673926456424 0.022879668250254 -0.085511413881857 0.58940054292476 0.043139309220246 4 9 4 4 0
49.013303763404 8.4064026933295 117.76371765137 0.032733 0.026743 2.3748813267949 1.1155087256623 -1.2015876970282 1.6392996433073 -0.02982917738125 -0.019246737149343 -0.50108534119097 0.21546073785743 9.765661944096 -0.23942879995841 -0.095479330294 9.777530446985 0.016359069262595 -0.00067456076039082 -0.0040138274646229 0.016246448136905 -0.00055586981589839 -0.0044712111351255 0.60415229867973 0.046669047558312 4 10 4 4 0
49.01331154364 8.4063874246108 117.80708312988 0.039413 0.02014 2.4963803267949 0.74073482402248 -1.0263494642237 1.2651870257165 -0.038520529751079 -0.0064387844729773 -0.33085414489518 0.55847421236516 9.7644202637099 -0.12909547604518 0.17476276761749 9.7835627869612 -0.00099444343310161 -0.0013195959600574 0.18240873139415 0.0027611463855386 -0.0084783785471389 0.18219899348993 0.61055139013846 0.050209560842533 4 10 4 4 0
49.013328320712 8.406312623911 117.9507598877 0.022445 0.015412 3.1273963267949 0.099676426340574 -1.9890454242572 1.9907490191545 0.056066542969265 0.008928423100837 -0.11346000788854 0.37812216381637 9.7976833182758 0.036493866016967 0.15553482964297 9.8043459671757 -0.0072091052030405 0.0058474011826456 0.13592475765308 -0.0051263521470772 0.0027623891731141 0.13611731868898 0.64505658666508 0.063655321851358 4 11 4 4 0
49.013326867786 8.4062881525699 117.84400177002 0.017051 0.016428 -2.9713819803847 -0.26371520002483 -2.1707689543754 2.1855883305867 0.0778783372008 -0.0162461510958 0.30606351396418 0.66926548903552 9.8592817300808 0.46589119172969 0.49933721181652 9.8631057325312 -0.0066754226820367 0.0083453528335986 0.24471915586162 -0.0027063549773609 0.0041305300139831 0.24490248024184 0.63236065658768 0.050931326312987 4 10 4 4 0
49.013304757735 8.4064008495531 117.78170013428 0.034746 0.026412 2.3782853267949 1.0924442335564 -1.1710711006983 1.601347516238 -0.022937126884029 -0.014731688666762 -0.65636435903232 0.31581500930892 9.8605738229828 -0.39413817071235 -0.017060232522516 9.8796278724489 0.017315756654437 -0.0015535716152464 0.030053326383642 0.018103866136616 -0.0025857264435446 0.029512396165872 0.60415229867973 0.046669047558312 4 10 4 4 0
49.013287925534 8.4064384698916 117.54251861572 0.026288 0.017887 2.5761273267949 1.1997652268368 -1.9096325064829 2.2552919361385 0.0092608023249569 -0.016325779159752 -0.87078175819293 -0.050203038938933 9.8008375683676 -0.69454132052892 -0.30785533014966 9.810208331487 0.0035001988944486 -0.0055733747130789 -0.14866814281496 0.0008264034403238 -0.0016647500382573 -0.14880122057028 0.59645033322147 0.045967379738245 4 9 4 4 0
49.013320007668 8.4063594321841 117.80732727051 0.034727 0.012181 2.8423133267949 0.55322834824084 -1.894100369983 1.9725450480224 -0.059691846668456 0.035765215187648 -0.17998235097702 0.58499518465682 9.8798105269098 -0.067777886842395 0.22785589032317 9.8964689325079 -0.027494597812193 0.024468714884544 0.26685113076849 -0.024459699884654 0.014815819926122 0.26785186146166 0.62173064907563 0.057982756057297 4 10 4 4 0
49.013285003685 8.4064470071963 117.54541778564 0.027782 0.01774 2.6163043267949 1.2897366906361 -2.2172329460332 2.5650036452311 0.019497006024172 -0.00095794030816592 -1.6651768731777 0.13895450907803 9.7258533086034 -1.4989679226709 -0.13588546650426 9.7528143686203 -0.0059617859300952 0.0088372732442111 -0.10287053659819 -0.0077157148110234 0.011738125690154 -0.10246090043123 0.58940054292476 0.043139309220246 4 9 4 4 0
49.013327743463 8.4062968261763 117.91358947754 0.017892 0.015014 -3.0424189803847 -0.11516402002437 -2.0446989803471 2.0470603467386 0.064702615043898 0.0013637914837874 0.27125914219029 0.53151528580358 9.7816686949611 0.41610441865908 0.34687478463177 9.7848879993269 -0.019345277137189 0.0080203205982802 0.20112793833248 -0.016364582926549 0.0042293003982159 0.2015041868102 0.63236065658768 0.063655321851358 4 11 4 4 0
49.013288909387 8.4064356069162 117.53151702881 0.026541 0.017752 2.5571043267949 1.1977940769424 -1.8458195127703 2.2004777078923 0.0020769703250001 -0.019684332282494 -0.51023535012458 -0.13418897659097 9.7781848930321 -0.33610136559514 -0.39232441876901 9.7787828793216 0.0062247474391438 -0.0054286491060137 -0.17055993348612 0.003185115286656 -0.00092287171226057 -0.17072730135653 0.59645033322147 0.045967379738245 4 9 4 4 0
49.013327534011 8.4063198647143 117.98621368408 0.024917 0.013842 3.0888613267949 0.14849498877895 -1.9845878335554 1.9898651158004 0.03260070182029 0.03031726686436 -0.11453427528198 0.40033948312715 9.7467378822211 0.016692496936247 0.1561265258057 9.754347404794 -0.0043111678942706 0.0096453101193051 0.097964604218147 -0.0029871513474739 0.0071900418922472 0.098224428487031 0.64505658666508 0.063655321851358 4 11 4 4 0
49.013310856195 8.4063889515433 117.80741882324 0.03904 0.020984 2.4761913267949 0.76263522780536 -1.0258697984983 1.2775176523705 -0.045943292426337 -0.0079554533525867 -0.29997128110865 0.52379703120785 9.8467988813973 -0.088481780459726 0.13653273082232 9.8639758401097 -0.0081230839333168 -0.0012547533735385 0.17262382895271 -0.0044283866689422 -0.0080339410488986 0.17257430839275 0.60415229867973 0.046669047558312 4 10 4 4 0
49.013279956927 8.406461269343 117.53395080566 0.029548 0.011019 2.6551393267949 1.5107865041633 -2.8539776689778 3.229165766382 0.015702806510148 -0.0010196029962469 -1.1110698136249 0.10775040878562 9.858964522434 -1.0112952712381 -0.19052744455705 9.8686763706562 -0.011461771091799 0.013607569878381 -0.078012170490152 -0.012250754766077 0.015956798398935 -0.077446451923033 0.58940054292476 0.043139309220246 4 9 4 4 0
49.013328066738 8.4062993310259 117.93925476074 0.019646 0.014581 -3.0626229803847 -0.075120955725503 -2.0145584580127 2.0151756423729 0.061751331094011 -0.00027637720198679 0.14288549143881 0.566321058692 9.8781279559936 0.28719831346619 0.36135210178898 9.8846863209212 -0.021965144944141 0.0038996112680097 0.19626499091415 -0.019098184044323 -0.00016684904111091 0.19659879363925 0.64505658666508 0.063655321851358 4 11 4 4 0
49.013289788236 8.4064330562532 117.53338623047 0.027728 0.018179 2.5400453267949 1.2153063574664 -1.7992772196493 2.1713884413981 0.004850897458516 -0.021824335164863 -0.44080140545556 -0.21754071546267 9.7684768629433 -0.26560827807122 -0.48236643206232 9.7653108410685 0.014616425536807 -0.00029673492344418 -0.16994814634576 0.011565816537393 0.0043116955622995 -0.17012739704039 0.59645033322147 0.045967379738245 4 9 4 4 0
49.013321320993 8.4063513888786 117.8182144165 0.035856 0.013003 2.9211203267949 0.40750539800159 -1.9056068823655 1.9485929353789 -0.045617853755947 0.011567118392582 -0.24042527476756 1.0856527138911 9.6126020772672 -0.11021645886284 0.73766683900208 9.6479610347826 -0.0081388321820018 -7.3609418726202e-05 0.23953628066694 -0.0049055888921115 -0.0087262567246196 0.23946095940973 0.62173064907563 0.057982756057297 4 10 4 4 0
49.013313897481 8.4063815789046 117.80020141602 0.037453 0.015482 2.5778393267949 0.6350779742362 -1.0829948885263 1.2543451611655 -0.056214103335733 -0.023249921546312 -0.014517896076381 0.66142743094297 9.8473649081865 0.14364610275777 0.28616060028765 9.8644221894598 -0.01405945605055 -0.002016266891005 0.20241565818933 -0.010816354645801 -0.0097187687136188 0.20239169938005 0.61055139013846 0.050209560842533 4 10 4 4 0
49.013306488457 8.4063976195418 117.80669403076 0.035519 0.026487 2.3912823267949 1.0047108713405 -1.1348317112191 1.5150541531774 -0.044961645623772 -0.008216908369595 -0.7374292274404 0.46572910172946 9.7554735794649 -0.47935804038928 0.12030277165881 9.7819168801232 0.00081536324703771 0.0039631123702744 0.06987630909656 0.002662450254983 0.0014846252893023 0.069927047831626 0.60415229867973 0.046669047558312 4 11 4 4 0
49.013267279551 8.4065004594824 117.51713562012 0.031437 0.012967 2.7060353267949 1.6912428636198 -3.5687528860289 3.949074669106 0.033810095845907 -0.010851817540154 -1.8691346069024 0.22811373984669 9.8950694537454 -1.7378044959065 -0.084195327745377 9.9212528004022 -0.0018010885445135 -0.0059632467354263 -0.026185084461054 -0.0021484575673452 -0.0051356334999862 -0.026333452292636 0.58094147725911 0.038183766184074 4 9 4 0 0
49.01332675469 8.406324824085 117.98921203613 0.02547 0.012384 3.0701003267949 0.16348997483754 -1.9980182302865 2.0046677861054 0.011325350316085 0.035394462118244 -0.19497589880557 0.39964497669595 9.8637813488653 -0.079219386431893 0.14548825881772 9.8724373376269 -0.0067896494327858 0.01403505927334 0.078881843760067 -0.0058590570027776 0.011999136985362 0.079291327744451 0.63865875082081 0.06576473218983 4 11 4 4 0
49.013292368481 8.4064254685254 117.59022521973 0.029582 0.021749 2.4929133267949 1.1171245399065 -1.5367373345333 1.8997588899168 -0.021591090297265 -0.010279848320693 -1.531194688939 0.02995495352165 9.8111783877555 -1.3259467013359 -0.25931951052905 9.8377683533097 0.0058383405809575 0.01070600276038 -0.14794920672363 0.0027548378949012 0.015062760475998 -0.14765787334566 0.59645033322147 0.045967379738245 4 10 4 4 0
49.013313353206 8.4063830510674 117.80215454102 0.03866 0.01636 2.5576273267949 0.6573630368286 -1.0595829801176 1.2460485828723 -0.049997937669795 -0.02728562381865 -0.13763402095439 0.65560823796426 9.7737341255991 0.027855335332868 0.27224991156759 9.7928670342707 -0.012582398943324 -0.0016054312184669 0.20193733719669 -0.0091729760113561 -0.009514464378583 0.2018998475902 0.61055139013846 0.050209560842533 4 10 4 4 0
49.013282622261 8.4064537015114 117.54092407227 0.028544 0.015519 2.6367633267949 1.4226897735459 -2.5429429616194 2.9137870573057 0.030257739199096 0.0047744949399686 -1.8455916315127 -0.064989096986366 9.7435806143166 -1.7043572856481 -0.34448295675253 9.7635656909701 -0.0011308976416765 0.015627794066597 -0.08790584384975 -0.0023993973273518 0.018142408322884 -0.087399077377091 0.58940054292476 0.043139309220246 4 9 4 4 0
49.013308107943 8.4063945723936 117.81177520752 0.038267 0.026308 2.4131413267949 0.91458401787086 -1.0441838090088 1.387912871468 -0.021888411512523 -0.011704674307047 -0.91595342298129 0.48479900184458 9.7646610549495 -0.65730359363167 0.12024507535147 9.7968375664409 0.014163747096308 0.0024205916297779 0.11451682689189 0.017184430842754 -0.0018631308668104 0.11411252295134 0.60415229867973 0.046669047558312 4 11 4 4 0
49.013278645494 8.4064651943858 117.53005218506 0.030873 0.009413 2.6630553267949 1.5318500235547 -2.9313358339087 3.3073984675073 0.022344573290371 -0.0037565532001333 -0.72343119077267 0.11438293976793 9.8334386440739 -0.63700238258275 -0.19466485061766 9.8382253672009 -0.0089824484317384 0.0089530446258326 -0.065856373262352 -0.0095599832503745 0.011016041047711 -0.065461775851485 0.58940054292476 0.043139309220246 4 9 4 4 0
49.01331767389 8.4063697865767 117.79624176025 0.038594 0.00922 2.7291003267949 0.72401648871708 -1.6727612027454 1.8224986330456 -0.034037037606615 0.0082490443514381 0.7520306381306 0.67047360821568 9.4328760571394 0.83375461497077 0.31056614237589 9.4450435518613 0.0062489174943092 0.019694905527589 0.26791390306042 0.0085822226134682 0.0094732211405531 0.26839418413795 0.62173064907563 0.057982756057297 4 9 4 4 0
49.013273057675 8.4064825301031 117.50983428955 0.030929 0.009775 2.6865373267949 1.5492462529513 -3.1028690309723 3.4679574851475 0.038501237821587 -0.0079167677091354 -0.50278839429676 -0.022184033548556 9.8479522462025 -0.39881027548951 -0.3246855998341 9.8475133197592 0.0045379057550394 -0.015452709926187 -0.053343955424474 0.0039699755064306 -0.013807019553812 -0.053836087556755 0.58940054292476 0.043139309220246 4 9 4 4 0
49.013305649136 8.4063992334646 117.79335784912 0.035463 0.026324 2.3841833267949 1.0531936511807 -1.1509972165413 1.5598580643473 -0.03040494383866 -0.0092747230604838 -0.68247470339395 0.56208409076762 9.8113104500241 -0.42305931416861 0.21805461828075 9.839656631308 0.0063616775338271 0.00092229664880764 0.054900543321445 0.0078061051867774 -0.0010135532703272 0.054712031219841 0.60415229867973 0.046669047558312 4 11 4 4 0
49.013327784184 8.406317144473 117.98157501221 0.023954 0.014779 3.1012113267949 0.13091821357949 -1.9874810076949 1.9914488256479 0.038001897895264 0.022014945150626 -0.073693862333246 0.47285617750838 9.723476024392 0.065530689974798 0.23477894248834 9.7321743502385 -0.01101465500384 0.011535122389497 0.11109196486326 -0.0094173195054375 0.0088157261219511 0.11148867484361 0.64505658666508 0.063655321851358 4 11 4 4 0
49.013316336954 8.4063744460488 117.79201507568 0.039102 0.007034 2.6734573267949 0.71565923108535 -1.4342359445094 1.6027070273898 -0.030306033695785 -0.018768922817756 1.0413064638514 0.77940412906157 9.9276388672171 1.1179198586018 0.39296019200228 9.9421872461424 0.0020968078974476 -0.0021241993259528 0.25145125901265 0.0040238554301092 -0.011898966188163 0.25115552373153 0.61055139013846 0.050209560842533 4 9 4 4 0
49.013328297005 8.4063048009997 117.93768310547 0.023212 0.015361 -3.1032139803847 0.022316043446127 -1.9916545553838 1.9903805403185 0.078225179585472 -0.008661546072913 -0.091273040640913 0.69192312198027 9.7382480725762 0.060038901975744 0.46535609409497 9.7519611961951 -0.0031955371407384 0.0016650479804992 0.18169318693425 -0.00037663238995794 -0.0025601818369316 0.18170955673161 0.64505658666508 0.063655321851358 4 11 4 4 0
49.013328051404 8.406314987065 117.96584320068 0.022808 0.015357 3.1136793267949 0.11120832675673 -1.9895252166918 1.9922232345326 0.041715024364153 0.01250899810165 -0.086549201010262 0.42408770145725 9.7192004068482 0.059530026892135 0.19669712744141 9.7266830447458 -0.012624701723195 0.0097898508274693 0.12293845111307 -0.010770925475691 0.0069168091662529 0.12331050836873 0.64505658666508 0.063655321851358 4 11 4 4 0
49.013291559064 8.4064277324174 117.57408905029 0.029413 0.020217 2.5075583267949 1.1792831035456 -1.6465594678734 2.0253101371787 -0.0073673970432884 -0.018474979199908 -1.3653379553795 0.10968734735434 9.8511968286613 -1.1728025848615 -0.17948506564117 9.8751645365647 0.0054504772244872 0.0079028170609502 -0.15195650343968 0.0024913226217237 0.012356769140938 -0.15173099428505 0.59645033322147 0.045967379738245 4 9 4 4 0
49.013310213908 8.4063903323791 117.80792236328 0.03957 0.021691 2.4587563267949 0.78290905076347 -1.0221372692526 1.2866770345438 -0.049428346400293 -0.014023117846671 -0.32658645217927 0.62901170999233 9.8517395603094 -0.10424857146421 0.2356855708095 9.8739151738592 -0.0090204578889233 -0.0081596983408289 0.16167071385737 -0.0053952944416563 -0.014599270233926 0.16137374017436 0.60415229867973 0.046669047558312 4 10 4 4 0
49.013316971072 8.406372308111 117.79370880127 0.038243 0.00758 2.6996133267949 0.71549155891425 -1.5542950852984 1.710822221212 -0.042232472544568 0.0070864694001042 1.0245145319181 0.98005975077181 10.169964456075 1.0994578440723 0.58581032721907 10.192475201441 -0.010035102765699 0.014081981973455 0.25958334075084 -0.0081264271531134 0.0040260275758282 0.25999906539799 0.62173064907563 0.050209560842533 4 9 4 4 0
49.013326468668 8.4062848747345 117.84765625 0.016615 0.016953 -2.9418399803847 -0.32795727393643 -2.2114613670803 2.2343067182848 0.084008021012091 -0.012356909397697 0.31808779151979 0.68805915173782 9.8460070808772 0.48257226088716 0.52219463538622 9.8495083919246 -0.0081690617983208 0.0090706889629786 0.26698035935161 -0.0037059199071153 0.0045770825236874 0.26719457578615 0.63236065658768 0.050931326312987 4 10 4 4 0
49.013275850453 8.4064737441399 117.52159118652 0.032755 0.007656 2.6761333267949 1.555934993614 -3.0260885971016 3.4024135578053 0.042124073192153 -0.0071915126525454 -0.34627406269981 0.28645930537326 9.8212337567812 -0.26756765637634 -0.032206321764444 9.8278927931627 0.0063519308496229 -0.0079128737711917 -0.051121142947638 0.0059408644873372 -0.006250334682257 -0.051399133950497 0.58940054292476 0.043139309220246 4 9 4 4 0
49.013293948335 8.4064212365149 117.61889648438 0.029931 0.02276 2.4656263267949 1.0097883095353 -1.319241411187 1.6611712020578 -0.025031430498076 -0.017362415511509 -0.80990428365855 0.20838032261133 9.7043097607879 -0.58907930778091 -0.082275012324562 9.7220418378279 0.0034665851580949 -0.0033510291088934 -0.12896254389125 0.00053501959849085 0.00051130642508289 -0.12905081095637 0.59786035158722 0.043139309220246 4 10 4 4 0
49.013298638403 8.4064116286617 117.69773101807 0.029391 0.023781 2.4012753267949 1.0798114947644 -1.2504437369095 1.6518271092119 -0.035510304078589 -0.0098102353815113 -0.16002743889622 0.077966426264889 9.8802719175575 0.068797430512406 -0.20530002875316 9.8795461194089 0.015562551638407 0.007513009484727 -0.1157450550351 0.01288752858306 0.010823986446394 -0.11581336125096 0.59786035158722 0.043139309220246 4 9 4 4 0
49.013326234792 8.4063274839452 117.99250793457 0.025983 0.011026 3.0614743267949 0.17482435131235 -2.0062199211519 2.0138238545567 0.004847086923747 0.023386089178478 -0.10346483764351 0.45570085476848 9.9478485827318 0.0029881474227969 0.19514593869083 9.9569085797436 -0.0050592311596126 0.0083380563872652 0.077319727966294 -0.0042305145865674 0.0063088972864914 0.077560138497767 0.63865875082081 0.06576473218983 4 11 4 4 0
49.013318993443 8.4063646333924 117.79840087891 0.040957 0.009104 2.7890183267949 0.67325843271303 -1.8318276191604 1.951924712468 -0.031320428931908 0.013593258374694 0.29249003364357 1.4849251330368 10.057820523296 0.37960242830313 1.0735250715794 10.107334293426 0.00071284495090327 0.019917176954331 0.28119436910187 0.0031412898201974 0.0084358819163907 0.2817597154586 0.62173064907563 0.057982756057297 4 10 4 4 0
49.013277171026 8.406469628676 117.52695465088 0.031939 0.008205 2.6702373267949 1.5434584233305 -2.9930274773634 3.3674484024167 0.027220120482153 -0.0055640590099578 -0.5165346434324 0.17597688273432 9.7844018171923 -0.43855726389998 -0.13938009955898 9.7888507226762 -0.0042456235188652 0.0023118177650892 -0.058523960820563 -0.0047112084352848 0.00419556401173 -0.05838461074307 0.58940054292476 0.043139309220246 4 9 4 4 0
49.013301869524 8.4064061506949 117.75341033936 0.030544 0.026551 2.3775873267949 1.1118819822313 -1.2346666340419 1.6608920309157 -0.046328249439855 -0.00056830697534943 -0.23603393875088 0.16015602089644 9.7091019441066 0.018079594398485 -0.13974549607275 9.7122905631826 -0.0045266476586094 0.0048855375575348 -0.053164739956828 -0.0059039509911697 0.0065258785644639 -0.052849053318447 0.59786035158722 0.043139309220246 4 10 4 4 0
49.013287006465 8.4064412263398 117.54534912109 0.026254 0.01811 2.5912833267949 1.2165514785629 -1.9912139864989 2.3334774199625 0.013331021722754 -0.014982255932164 -1.0689427348542 -0.093766033117726 9.7388138601134 -0.89145514336032 -0.35261878233318 9.7507265581435 -0.0030132402344808 -0.0054363033785285 -0.13005195140095 -0.0053848835090942 -0.0019810274979789 -0.13007174983378 0.59645033322147 0.045967379738245 4 9 4 4 0
49.013302820071 8.4064044127894 117.75569152832 0.030924 0.026896 2.3750913267949 1.1203976988808 -1.2216310061333 1.6571974974218 -0.03766312909719 -0.012320192405628 -0.35085675741857 0.1297915405931 9.6845449610915 -0.092330072705881 -0.16777412971458 9.6899044322038 0.0045725292335699 0.0027883499098022 -0.027610700733178 0.0038418921938665 0.0036356767397267 -0.027625093249926 0.59786035158722 0.043139309220246 4 10 4 4 0
49.013271754557 8.4064867474382 117.50173187256 0.030526 0.011242 2.6919143267949 1.5464111277255 -3.1618584094936 3.5196559117278 0.029200726320505 -0.010091180821154 -0.79436967160949 0.098658298353258 9.8038108838379 -0.67929311199929 -0.20193138317613 9.8110223832603 -0.0015407740907899 -0.010270913765621 -0.053356597112099 -0.0021675500179774 -0.0086315021603595 -0.053623878214204 0.58094147725911 0.038183766184074 4 9 4 0 0
49.013325804445 8.4063299103529 117.98876190186 0.026282 0.010309 3.0538793267949 0.18635557383364 -2.0061887916189 2.0148077881258 5.6744408065809e-05 0.0058260759022345 -0.083074349938502 0.42132938336698 9.969086158691 0.021030337944812 0.15549704071919 9.9770959934459 -0.0084140407353291 0.00049280682184375 0.086173658681403 -0.0075125256897755 -0.0018107052635747 0.086240246564377 0.63865875082081 0.06576473218983 4 11 4 4 0
49.013300745755 8.4064080748124 117.73930358887 0.031259 0.025814 2.3832023267949 1.1046715683719 -1.2381296531828 1.6587791825218 -0.041935030115257 0.0036451529918007 -0.25990238404299 0.2387061698868 9.8118296697898 -0.011637430332189 -0.065328971480084 9.817994008041 0.0068769468870327 0.0063273931209686 -0.082134651682404 0.0048107418161767 0.008862038005461 -0.082044664043299 0.59786035158722 0.043139309220246 4 9 4 4 0
49.01329768639 8.4064134126814 117.68758392334 0.028025 0.022626 2.4128943267949 1.0568641283391 -1.2590412189623 1.6434415927332 -0.038489821576103 -0.014106522290317 -0.12248193358555 -0.019632026434609 9.8333654612155 0.095734936949093 -0.29240191651344 9.8293284276229 0.0078903733999211 0.0038985892022346 -0.12352725413737 0.0051498862297275 0.0073237809590792 -0.12351811586036 0.59786035158722 0.043139309220246 4 9 4 4 0
49.013308891249 8.4063930687854 117.8106918335 0.04033 0.025118 2.4275973267949 0.85608160113067 -1.015898208952 1.3282699167581 -0.028363041621492 -0.016053468899095 -0.64044499324724 0.65573879824306 9.7215227621117 -0.39003634709113 0.27282922876736 9.7531926120374 0.014163799244238 -0.0047924355677543 0.13131655424359 0.017520670611222 -0.0099651427101567 0.13061452407833 0.60415229867973 0.046669047558312 4 11 4 4 0
49.013307299571 8.4063961050412 117.81199645996 0.036269 0.026581 2.4003973267949 0.96575362253621 -1.0949967644082 1.4596183618 -0.034525849759795 -0.010411995022067 -0.88181858393391 0.27657460546973 9.7623036276527 -0.62240783807181 -0.073665280871453 9.7858857109106 0.0049693677905795 0.0041727365002432 0.090292385745987 0.0073665808307239 0.00092768669921622 0.090219845782259 0.60415229867973 0.046669047558312 4 11 4 4 0
49.013318326204 8.4063673903538 117.79590606689 0.040654 0.008321 2.7578363267949 0.73576256572076 -1.7490706893335 1.8975296313206 -0.0023958906093877 -0.016027916682496 0.50078619680894 0.81583594258429 9.7534872416792 0.58447409737278 0.42803029093615 9.773798277064 0.014775861345628 0.006815131138078 0.28434605073263 0.017213189821544 -0.004477349232046 0.28424851730512 0.62173064907563 0.057982756057297 4 9 4 4 0
49.013294807292 8.4064193291029 117.63591766357 0.029339 0.022268 2.4526763267949 0.99206775310762 -1.2951581133732 1.6307851511263 -0.045328622485627 -0.022250275169989 -0.35292673527039 0.2186038842741 9.7765160448259 -0.13294956041339 -0.071501809855581 9.7841931363181 -0.0025397985723585 -0.0079755576621933 -0.12985462999218 -0.0054628144738509 -0.0041202280894679 -0.12994458574055 0.59786035158722 0.043139309220246 4 10 4 4 0
49.013328185973 8.4063019643848 117.93828582764 0.021707 0.014619 -3.0823139803847 -0.03284186788461 -1.9975292809848 1.9969754302576 0.064192976900491 -0.0079516068579515 -0.0029488383189271 0.69416800628919 9.8505766960625 0.1445639285924 0.47301168084685 9.8626484989608 -0.015471063612946 -0.0015610100656018 0.18928008700974 -0.012640639507225 -0.0058057508192028 0.18940621017163 0.64505658666508 0.063655321851358 4 11 4 4 0
49.013315033804 8.4063783980812 117.79480743408 0.03731 0.010673 2.6221253267949 0.66831527536103 -1.2097441284263 1.3815782576528 -0.037519836810094 -0.037321894524121 0.80419529941503 0.59554105629159 9.7809589418759 0.92336307639798 0.23039550447419 9.7860791206881 -0.0025242771584532 -0.018113689059823 0.22799555841055 0.00023160347954283 -0.026602112395701 0.22718037576855 0.61055139013846 0.050209560842533 4 10 4 4 0
49.013320957893 8.4063539971304 117.81569671631 0.036311 0.014012 2.8974303267949 0.48432383049769 -1.8983158159635 1.9592644629146 -0.017553310555667 0.022617399625543 -0.27815782143199 1.039745628347 9.7133755692629 -0.14293264554981 0.69054644147859 9.747503671543 0.0039619813239876 0.011598395316288 0.25658769923066 0.0075228084052184 0.0023873732178937 0.25675285240722 0.62173064907563 0.057982756057297 4 10 4 4 0
49.0133127304 8.4063846261603 117.80486297607 0.039755 0.017396 2.5353703267949 0.68277409144004 -1.0423026891943 1.2452788570222 -0.046751807381186 -0.019734688472415 -0.20451253470036 0.68284781324157 9.6920463481334 -0.028546837503094 0.29740591679483 9.7136758309922 -0.0029246433316018 -0.0047700948380824 0.19799975745535 0.00065227477603409 -0.012629989111787 0.19767385109408 0.61055139013846 0.050209560842533 4 10 4 4 0
49.013296670615 8.4064154170371 117.6714630127 0.027343 0.021681 2.4264623267949 1.0292018341001 -1.2692796137298 1.6335920208162 -0.043790714285144 -0.0185829682707 -0.12402218237712 0.012714343791127 9.8380497348478 0.089522262485331 -0.2604215631526 9.8349952007786 -0.0045983813729985 -0.0041961428239894 -0.12386719055557 -0.0072883934797383 -0.00075491516363763 -0.1238080906535 0.59786035158722 0.043139309220246 4 9 4 4 0
49.01328382436 8.4064504513727 117.54315948486 0.0287 0.016474 2.6275803267949 1.3632478829409 -2.3802910796349 2.7429049826835 0.03165694539638 0.0031750782994681 -1.8552124905395 0.069998612251202 9.7474439197227 -1.7005946475158 -0.20979877654062 9.7736364131331 0.0015042914700001 0.0084236988478745 -0.092491517032147 4.0456543711915e-05 0.011074847659494 -0.092224864938439 0.58940054292476 0.043139309220246 4 9 4 4 0
49.013299698795 8.4064098178475 117.72342681885 0.030782 0.024941 2.3911413267949 1.0957737810322 -1.2443581826429 1.6576604919895 -0.037661257594592 -0.0023136511560777 -0.21293115380341 0.14570848006914 9.8558920659908 0.026580232786782 -0.15038652043368 9.8581335078205 0.015457539853065 0.0078519717953156 -0.10236332336535 0.012978837603061 0.010915980338568 -0.10242674095868 0.59786035158722 0.043139309220246 4 9 4 4 0
49.013286005964 8.4064440212178 117.5461730957 0.026855 0.018402 2.6044313267949 1.2403181627099 -2.0942115976001 2.4339584404842 0.010581413843945 -0.0065314726161866 -1.3554104152172 -0.044048985347998 9.7151536971892 -1.1800005097108 -0.3095272268925 9.7331487442897 -0.005640528896932 0.0030212487474827 -0.11608452193887 -0.0077360175719711 0.0061887343923751 -0.11583580971687 0.59645033322147 0.045967379738245 4 9 4 4 0
49.013290678543 8.4064304904346 117.54905700684 0.029231 0.018861 2.5239703267949 1.2239310661639 -1.7444370842488 2.1310881200795 0.0073277522813433 -0.024838056482467 -0.87473868485379 -0.11418736500902 9.837764141489 -0.6932771072471 -0.3938803667223 9.8451481864053 0.018190406425601 0.0028948009830666 -0.16090758423422 0.015224521078969 0.0074639249456798 -0.16106670609782 0.59645033322147 0.045967379738245 4 9 4 4 0
49.013309553322 8.4063917162686 117.80909729004 0.040235 0.023166 2.4424563267949 0.81393641423289 -1.015660530869 1.3010082731529 -0.041651176775062 -0.019273772894023 -0.42597294185274 0.68970064596793 9.8004530405939 -0.18874263437577 0.29548605298075 9.8278038103888 -0.0023255488993618 -0.011262337860972 0.14800851601788 0.0012260861627324 -0.017203270174937 0.1474395088719 0.60415229867973 0.046669047558312 4 10 4 4 0
49.013319521148 8.4063620296849 117.80280303955 0.037549 0.010726 2.8156493267949 0.59562758972679 -1.8840188913647 1.9753215248096 -0.068827563089249 0.025968799031712 -0.040038923095646 1.1241800922165 9.8439997956656 0.057996233729059 0.73728144514506 9.8808549698133 -0.032077143649097 0.024584601051278 0.26812988126973 -0.029410552461128 0.014046880824316 0.26920549075611 0.62173064907563 0.057982756057297 4 10 4 4 0
49.013312150169 8.4063860381361 117.80624389648 0.039705 0.018696 2.5155723267949 0.71254200187781 -1.029899051787 1.2518280392725 -0.039609429826542 -0.011702582440121 -0.31673265570553 0.6787385409788 9.7137256900869 -0.1270988390674 0.29367853838959 9.7373222822873 -0.0016973484267059 -0.0061661497187215 0.19072874486702 0.0020068425157353 -0.013712249625775 0.19033079645697 0.61055139013846 0.050209560842533 4 10 4 4 0
