49.01423800555 8.4169794631775 116.06571960449 -0.006618 0.013884 1.9280663267949 -0.011313248689703 -3.5250288355549e-06 -0.010596101560412 -0.0039634005555464 0.027676850244051 -0.14200738164977 -0.066243103479642 9.8093437564426 -0.0053626559447125 -0.0019498492807117 9.8105935524671 -0.0011820571824935 -0.00063905159783674 -0.00033192829181714 -0.0011865162385972 -0.00064116495227921 -0.00031126289164365 0.19409276132819 0.018439088914586 4 4 5 5 0
49.014237607023 8.4169800704715 116.01181793213 -0.006396 0.013675 1.9261383267949 -0.020838226200713 0.013990081069213 -0.024403296130111 0.0058679994496477 0.01569058390625 -0.14462131786073 -0.064035727843396 9.8089623349441 -0.01009871154693 -0.001266065440215 9.8102316736744 8.642416187185e-05 -0.00058535150228235 2.6474984761298e-05 8.6794057830449e-05 -0.00058517686059255 2.9055920791928e-05 0.19543285291885 0.019104973174543 4 4 5 5 0
49.014238024346 8.4169794359091 116.06488037109 -0.006542 0.013894 1.9287693267949 -0.010554304527333 -0.0004878400524351 -0.0097123271692507 -0.0041591466932278 0.028043687518856 -0.13785845623172 -0.056825726318591 9.8087087462459 -0.0011968666164574 0.0074133742489458 9.8098394894348 4.126676143289e-05 -0.00046976263466106 -4.9738598405431e-05 4.0607814346757e-05 -0.00047010451398264 -4.7241735485444e-05 0.19409276132819 0.018439088914586 4 4 5 5 0
49.014237980418 8.4169795040451 116.06864929199 -0.006531 0.013916 1.9268773267949 -0.011975632261096 0.0013925767385522 -0.011709137283697 -0.0028725576737104 0.027464455485867 -0.13588748026403 -0.060395903365249 9.8061821295706 0.00059606357279424 0.0033479170905608 9.807309491654 -0.00049100756511866 -6.7366477801146e-05 0.00052151342876469 -0.00048371208483545 -6.394016110387e-05 0.00052874839525841 0.19409276132819 0.018439088914586 4 4 5 5 0
49.014237538462 8.4169801962891 115.98991394043 -0.006382 0.01372 1.9267033267949 -0.022543538657026 0.01625295886416 -0.026792653234323 0.007384147933956 0.012741650444213 -0.13249919851037 -0.063406820630433 9.8062775566369 0.0017172240281051 -0.0006895058948374 9.8073774199519 0.00016980473997205 0.0005725566195555 -0.0003542447483281 0.00016489243303497 0.00057030882300172 -0.0003602119478929 0.19543285291885 0.019104973174543 4 4 5 5 0
49.014237932119 8.4169795844368 116.06101226807 -0.006516 0.013919 1.9260573267949 -0.012849977507006 0.0034904214637969 -0.013261658859355 -0.0011972737783753 0.024917713223669 -0.13556668115096 -0.070317814782365 9.8113874694894 0.0010692896607513 -0.0066183452298655 9.8125737017248 -0.00043063482251102 -7.2524391829965e-05 -0.00021418672341943 -0.0004335994604506 -7.3919479759011e-05 -0.00020769041413547 0.19409276132819 0.017691806012954 4 4 5 5 0
49.014237627277 8.4169802543891 115.92568969727 -0.006445 0.013953 1.9285613267949 -0.01871992204263 0.016533401616998 -0.023322988866555 0.0089346996376885 0.0026584858452609 -0.13556885679837 -0.061594836256182 9.8073706849462 0.00098339221597233 0.0016527186699001 9.8085006548371 0.00026493009735201 6.8610522783108e-05 -0.00095728203002195 0.00025152473432866 6.2442330664775e-05 -0.00096128706169536 0.19588006534612 0.018439088914586 4 4 5 5 0
49.014237672546 8.4169802132647 115.92331695557 -0.006471 0.014009 1.9287973267949 -0.017276924564984 0.015788931607917 -0.02171318796003 0.008736232863685 0.0024687518447822 -0.13667105554711 -0.062368727468317 9.8120257925932 0.00040713605219908 0.0011351814294016 9.8131755800722 0.00029673864355572 0.00010485656156148 -0.00082696890553168 0.00028512677182931 9.9545822646953e-05 -0.00083170731974571 0.19588006534612 0.018439088914586 4 4 5 5 0
49.014237801953 8.4169798230492 116.04029846191 -0.006422 0.013813 1.9256633267949 -0.015762345912419 0.0085364349493872 -0.017746357673761 0.0025275589917788 0.021128830869562 -0.13613461529794 -0.062766888410922 9.8062469819336 -0.00038992915947028 7.5942546142002e-05 9.8073926827559 -0.00022049455303933 -0.00034362196082468 -0.00065127111452304 -0.00022943719895984 -0.00034785098319528 -0.00064594215925956 0.19543285291885 0.019104973174543 4 4 5 5 0
49.014237880963 8.416979664431 116.05956268311 -0.006535 0.013926 1.9259633267949 -0.013988274011919 0.005416925998918 -0.014998968259314 0.00021378199989509 0.023776155333933 -0.14052165720206 -0.068182734042523 9.8058757911958 -0.004165726849519 -0.0046821629990169 9.8071179488367 -0.0010385205926001 0.00042285353356222 -0.00088205427455784 -0.0010507220402921 0.00041710216903431 -0.00087026334280538 0.19409276132819 0.017691806012954 4 4 5 5 0
49.014237776034 8.4169798528535 116.0337677002 -0.006408 0.013822 1.9257613267949 -0.016475323582796 0.0095014387761733 -0.018750431172011 0.0031835851733423 0.020013220808171 -0.14056063892301 -0.071691255541203 9.8100979852419 -0.0048810221989115 -0.0087520196339637 9.8113617888586 0.00017712743587335 -3.4888144102121e-05 -0.00025464536810822 0.00017360019281379 -3.654819103207e-05 -0.00025683647231963 0.19543285291885 0.019104973174543 4 4 5 5 0
49.014237945455 8.4169795627422 116.06185913086 -0.006449 0.013961 1.9260203267949 -0.012751670941028 0.0026772706931143 -0.01288668434897 -0.0019251291937491 0.025333869439666 -0.13737937887118 -0.065698098506038 9.8053175919276 -0.00074519595783241 -0.0021671038969489 9.8064995612879 0.0005498749785779 0.00044086571900918 -0.00034221121908981 0.00054496403576854 0.00043869390705708 -0.00035268505360483 0.19409276132819 0.017691806012954 4 4 5 5 0
49.014237747033 8.4169798882473 116.02603912354 -0.006381 0.013758 1.9258353267949 -0.017167570626122 0.010272637945825 -0.019667800272515 0.0036647543200142 0.018609311908769 -0.13882142103954 -0.065532250500564 9.8068455442686 -0.0034082601747302 -0.0026965528334719 9.8080454628523 0.00051988633007499 -0.00076962806239494 -0.00030258664034168 0.00051574642221691 -0.0007715641425011 -0.00030480419415417 0.19543285291885 0.019104973174543 4 4 5 5 0
49.014238043256 8.4169794058551 116.06430053711 -0.00656 0.013901 1.9295243267949 -0.0098771845152414 -0.00092398211136703 -0.0089212587035357 -0.004337863487364 0.028191691041723 -0.14203967711481 -0.071973880866938 9.8110495857005 -0.0050709850759585 -0.0073211844249303 9.8123373958468 0.00041275317075382 -0.0007807270951529 -0.00063130311096395 0.00040391665359333 -0.00078488423822799 -0.00063184922712162 0.19409276132819 0.018439088914586 4 4 5 5 0
49.014237639263 8.4169800319134 116.01540374756 -0.006391 0.013747 1.9259953267949 -0.019737984403994 0.013160950847702 -0.023082584860738 0.0054766585180171 0.016140438087681 -0.13713567496526 -0.065301407888635 9.8092815769277 -0.0022788159627295 -0.0025629632429773 9.810456695806 5.1973437686168e-05 0.00026125539222949 -0.00033843630764861 4.7304723567282e-05 0.0002591027418371 -0.00034077304800297 0.19543285291885 0.019104973174543 4 4 5 5 0
49.014237915723 8.4169796103826 116.06034851074 -0.006435 0.013942 1.9260883267949 -0.013149264252023 0.0042268677753117 -0.013798424901673 -0.00061072325561588 0.024438117042887 -0.1385418578619 -0.062953517181379 9.804372595605 -0.002012138037375 0.00031761047769097 9.8055536396495 0.0003005817882478 0.00035742321701671 0.00059846087965332 0.00030889285571398 0.00036125896639877 0.0005919069545665 0.19409276132819 0.017691806012954 4 4 5 5 0
49.014237951557 8.4169795489303 116.06365203857 -0.00646 0.013896 1.9260283267949 -0.012650590693379 0.0026837258104134 -0.01279411044549 -0.0018841134929081 0.0259474753 -0.14166787699962 -0.062820983050422 9.8084383427218 -0.0052835816434018 0.00070049649209194 9.8096613808772 0.00029717261626207 -0.00017343233803656 -0.00010399394214913 0.00029569727796671 -0.00017411638510017 -0.00010699197793982 0.19409276132819 0.017691806012954 4 4 5 5 0
49.014237973237 8.4169795048103 116.0707244873 -0.006514 0.013896 1.9274073267949 -0.012040177354818 0.00161046353068 -0.011844657194662 -0.0026947677258321 0.02779560905451 -0.13835890469299 -0.062715916617361 9.8079661591801 -0.0018498760477966 0.0012625641503296 9.8091423743229 0.00014994772604447 -0.00034147098225093 0.0003361951517176 0.00015464236288712 -0.00033926236036511 0.00033629891854336 0.19409276132819 0.018439088914586 4 4 5 5 0
49.014237707329 8.4169801609613 115.9248046875 -0.006519 0.014074 1.9287933267949 -0.015608510576404 0.014598266242566 -0.019734289883637 0.0082032581982403 0.0022789175639183 -0.13866877693381 -0.067467131687125 9.8078863664481 -0.00098200053628053 -0.0036980270147412 9.8090979045896 1.8460521094173e-05 0.00014945655572846 -0.00070378864632733 8.5415500982437e-06 0.00014487082788108 -0.00070493835246678 0.19588006534612 0.018439088914586 4 4 5 5 0
49.014237684792 8.4169799746568 116.0170211792 -0.006396 0.013757 1.9258633267949 -0.018717612000024 0.011849098744773 -0.021669184817765 0.0046039965332439 0.016628191046722 -0.13696783655007 -0.067907821496156 9.8071985327625 -0.0019769161661472 -0.0050869372867876 9.8083885150693 0.00015618791269826 4.7422240077599e-05 0.00025993048344535 0.00015972647556477 4.9075765807796e-05 0.00025746974779823 0.19543285291885 0.019104973174543 4 4 5 5 0
49.014237964227 8.4169795168436 116.06777954102 -0.00651 0.013924 1.9263323267949 -0.012334348509884 0.0015505027861819 -0.012101835870654 -0.0028433543905977 0.026971620150642 -0.1380314697437 -0.068253710794848 9.8073252692309 -0.0016741931256122 -0.0043870016973243 9.808532988827 5.9010482435032e-05 0.00041847575707624 -0.00067750116561675 4.9570773945245e-05 0.00041406332300358 -0.0006809618024332 0.19409276132819 0.018439088914586 4 4 5 5 0
49.014237578936 8.4169801060722 116.00518035889 -0.006384 0.013712 1.9263453267949 -0.021610310196494 0.014652578556926 -0.025358478142667 0.0062170245167336 0.014713578313908 -0.14026269345142 -0.063863752002154 9.8112715463819 -0.0057698008551189 -0.0011003897197867 9.812480010397 0.0002696168534608 0.0001402553042638 0.00087245094313321 0.00028154528641562 0.00014581651602102 0.00086780199567672 0.19543285291885 0.019104973174543 4 4 5 5 0
49.014237512998 8.4169802922415 115.9627532959 -0.006417 0.013704 1.9273383267949 -0.023115571818243 0.018103369499514 -0.027978948577641 0.0089019158583649 0.0087725895483319 -0.14025085988576 -0.06963955875563 9.8078539236506 -0.0058158160060129 -0.0068753184819911 9.8090998786415 -0.00032087027324947 -0.00020370168068101 0.00038371562927122 -0.00031555014747816 -0.00020122897833009 0.00038939057211688 0.19588006534612 0.018439088914586 4 4 5 5 0
49.014237958275 8.4169795380323 116.0648651123 -0.006502 0.013901 1.9260823267949 -0.012472367676111 0.0023713962976334 -0.012518087613938 -0.002116236998372 0.026490398090639 -0.14011555605093 -0.066413785294051 9.8101778563016 -0.0037449538245517 -0.002539904184392 9.8114022750446 0.00013178316229685 -7.2680814659736e-06 0.00087263906370039 0.00014384178833005 -1.5547567853998e-06 0.00087075236301132 0.19409276132819 0.017691806012954 4 4 5 5 0
49.014237548898 8.416980313534 115.93312835693 -0.00642 0.013834 1.9278013267949 -0.021455347409027 0.01813246739472 -0.026438190850668 0.0094942889015485 0.0041657481086797 -0.13875920354983 -0.064989298708908 9.8098703257157 -0.0032341238252615 -0.0020169539038133 9.811065913628 0.00011165844240392 4.9315662675266e-05 0.0011669247663768 0.00012780683731995 5.682059480921e-05 0.0011649182771404 0.19588006534612 0.018439088914586 4 4 5 5 0
49.01423783247 8.4169797787864 116.05012512207 -0.0064 0.013856 1.9256633267949 -0.015009116361094 0.0077170922954758 -0.016755527979702 0.0020194196462541 0.022424470216053 -0.14028938448562 -0.064032776477609 9.8106263754682 -0.0041870555170688 -0.00099273030365898 9.8118372981078 0.00035205643020657 -0.00012136933158304 -0.00026618370792388 0.00034835509563891 -0.00012308467740964 -0.00027024757059043 0.19409276132819 0.017691806012954 4 4 5 5 0
49.01423759811 8.4169802736544 115.92861938477 -0.006457 0.013866 1.9283163267949 -0.02007326333582 0.017442848527602 -0.024905819508421 0.0093215687038843 0.003328665502436 -0.13437316609077 -0.066772496166642 9.8101209210938 0.0016373493840417 -0.0034841240396227 9.8112678393094 0.00011003055983909 -0.00055654945650476 6.8671970930617e-05 0.00011105165864848 -0.00055610996307479 7.0760304970838e-05 0.19588006534612 0.018439088914586 4 4 5 5 0
49.014237985247 8.4169794923467 116.06733703613 -0.006501 0.013944 1.9274023267949 -0.01180016554983 0.00097430853707672 -0.01139676655621 -0.0032096855088059 0.02760688687885 -0.13964350459965 -0.071079961305596 9.8105166455827 -0.0031297183134139 -0.0068332014439082 9.8117650095155 0.00081511518580284 0.00064359450325425 -0.0011447966946878 0.0007990483903999 0.00063609608884115 -0.0011601733370068 0.19409276132819 0.018439088914586 4 4 5 5 0
49.014237538294 8.4169803137748 115.94033813477 -0.006417 0.013764 1.9276293267949 -0.022355948845546 0.018338553996265 -0.027352610170743 0.009376935187028 0.005421847751273 -0.1435251285585 -0.070081912765585 9.8086063200437 -0.0086453640781606 -0.0073264228470713 9.8099003369603 -0.00015993776151468 -0.00017371558184601 0.00012676547591287 -0.00015815378022501 -0.00017289734579604 0.00013006618388858 0.19588006534612 0.018439088914586 4 4 5 5 0
49.014237512433 8.4169802490989 115.97776794434 -0.006417 0.013683 1.9269103267949 -0.023232912401477 0.017263310460078 -0.027793206194709 0.0080826319534764 0.010548278075689 -0.13896526653055 -0.065289005109982 9.8072093284744 -0.0047705299718168 -0.0025353691821575 9.8084096023896 -0.00027819344622842 -0.00010642660122599 -0.00072885462419634 -0.00028814358872074 -0.00011105079272901 -0.00072427426857832 0.19588006534612 0.018439088914586 4 4 5 5 0
49.014237554674 8.4169801383385 116.00122833252 -0.006418 0.013664 1.9263703267949 -0.022135911030738 0.01545207130446 -0.026130111571351 0.0067810737555926 0.014014985256789 -0.13998260422921 -0.067801227718636 9.8078214400195 -0.0056933880954447 -0.0049100977271372 9.8090518873513 -5.2123458694703e-05 -0.00044048823800819 -4.9041064738773e-06 -5.2123342267177e-05 -0.00044050104062279 -1.4294960234035e-06 0.19543285291885 0.019104973174543 4 4 5 5 0
49.014237520315 8.4169802214132 115.98532867432 -0.006395 0.013673 1.9267173267949 -0.023074221790418 0.01673786608851 -0.027460034989775 0.0076500263057995 0.011670171066403 -0.14127144245275 -0.062747635015861 9.80819447532 -0.0071658523497247 -1.6638101952714e-06 9.8094098360107 8.9027531253584e-05 -5.7545116219026e-05 -0.00086774356504744 7.713559336564e-05 -6.3068752554339e-05 -0.00086848699490552 0.19588006534612 0.018439088914586 4 4 5 5 0
49.014237897086 8.4169796412499 116.05944824219 -0.006447 0.013865 1.9260353267949 -0.013576500869103 0.0047153015255523 -0.014368881909928 -0.00030105973229574 0.024180647429716 -0.13374107370347 -0.060940964725781 9.8117951825499 0.0026336360598169 0.0024259132648286 9.8128954434894 0.0001742311461011 -0.0005275387217448 6.018522953436e-05 0.00017509522591653 -0.00052715622515026 6.1155558462512e-05 0.19409276132819 0.017691806012954 4 4 5 5 0
49.014237509696 8.4169803302557 115.95185852051 -0.006418 0.013714 1.9275113267949 -0.022859386117289 0.018429855971414 -0.027854850066605 0.0092908995635595 0.0071003031392736 -0.13587792747123 -0.061397525641063 9.8061486714221 -0.0013983852249429 0.0012807354866744 9.807282065968 -0.00046269235976623 -0.000121219392789 5.6870068379587e-05 -0.00046185847578593 -0.00012087012344686 6.3982913305928e-05 0.19588006534612 0.018439088914586 4 4 5 5 0
49.014237860362 8.416979722675 116.05465698242 -0.006413 0.013896 1.9258843267949 -0.014241834815459 0.0064253116518677 -0.015587307792011 0.0010722188385012 0.023387458300325 -0.13498312541008 -0.066575553754502 9.8068507362432 0.0013160741493221 -0.0033419107265969 9.808004966312 0.00044511376085353 0.00014865962676116 -7.3444284334584e-05 0.00044402947690127 0.00014816278267748 -8.0587797815993e-05 0.19409276132819 0.017691806012954 4 4 5 5 0
49.014237720349 8.4169799287774 116.01968383789 -0.006409 0.013812 1.9257313267949 -0.017888875831054 0.01084201352077 -0.020542022844888 0.0039479513561071 0.01746426535774 -0.14040155575685 -0.062978776174105 9.8089766712476 -0.0050108453262846 -0.00010619022146955 9.8101821770625 2.8717582609221e-05 0.00031415459598505 -0.00075774950558543 1.8242601263352e-05 0.00030926423943372 -0.00076005869108082 0.19543285291885 0.019104973174543 4 4 5 5 0
