49.014307670289 8.4315724520866 116.31912231445 -0.024736 0.006226 -2.7489659803847 -4.5059587031205 -10.789764929765 11.692817868881 -0.02549034318614 0.01915052485233 0.51684498510843 -0.23232216057488 9.8122801448874 0.5667010388677 0.0063282957802417 9.8123316037357 -0.0071155090432376 0.019955947939123 -0.013644238760603 -0.0071881003077893 0.019618467935173 -0.014079272012482 0.029068883707497 0.013453624047074 4 10 6 6 0
49.014466960419 8.4323706507441 116.41834259033 0.012623 0.006346 -3.0100039803847 -1.1976253033973 -8.6618368560292 8.7441675353613 -0.034713430406591 0.011215090295744 0.50801820079426 0.11868787964682 10.711462772183 0.55695261027047 -0.031198639053199 10.710542106549 -0.02406716068982 0.029093242115214 -0.033946150772831 -0.02422360408092 0.029567440534336 -0.033382731304749 0.030805843601499 0.014212670403552 4 9 6 6 0
49.014282798922 8.431480710965 116.29977416992 -0.023013 0.004752 -2.7590589803847 -4.5010367205191 -11.155607710465 12.029431240897 -0.0025627627568358 -0.052752547276987 0.52998041821247 -0.51260662429905 10.099821494526 0.59325737194982 -0.26875362523807 10.105931042243 0.020276626723679 -0.026782435201111 -0.013865154542299 0.020190580314728 -0.027111287208821 -0.013340296793351 0.029068883707497 0.013453624047074 4 9 6 6 0
49.014290930869 8.4315111306506 116.31120300293 -0.027449 0.010299 -2.7561609803847 -4.5239567759674 -11.029736809055 11.921424384389 -0.034048275022639 -0.075183132709453 0.4594223353646 -0.62373981265003 9.6784582647271 0.56524260118694 -0.36089650418296 9.6862946688873 -0.0052807267553621 -0.010746527001237 -0.016942912141573 -0.0054629543420128 -0.011202019507305 -0.016582380744207 0.029068883707497 0.013453624047074 4 9 6 6 0
49.014438654294 8.4321193946639 116.41848754883 0.013511 0.002436 -2.9016319803847 -2.2047541810703 -9.1041806041243 9.3674156318911 -0.013894301599079 -0.016975672853337 0.43365688861937 0.62836011767798 9.9613641350291 0.47212132674048 0.48698892981193 9.9678734383498 -0.012353042261624 -0.02461068475248 0.068663636768454 -0.012085909554645 -0.025584179752385 0.068361347726569 0.031400636936215 0.014866068747319 4 9 6 6 6
49.01424412292 8.4313350053458 116.26062011719 -0.020568 0.011255 -2.7613679803847 -4.695853256643 -11.657423793778 12.567630889947 -0.034923349081736 -0.047356391199611 0.21783610434461 -0.11452930066953 9.4333008203104 0.316059165403 0.07606756497516 9.4311419213917 -0.0065498396289846 0.0145763754946 0.0014957650863541 -0.0065357153811432 0.014604447763072 0.0012764124999478 0.028425340807104 0.012727922061358 4 9 6 6 0
49.014360418396 8.4317659202976 116.35443878174 -0.021863 0.009161 -2.7635489803847 -4.0556939638606 -10.255506020506 11.028353338162 -0.0057150807689565 -0.015099722078401 0.49406592833198 0.082124967783046 9.8597158843397 0.57683080425732 0.30064467661296 9.8509810976222 0.0050126139920709 0.01243453607984 0.035053383128505 0.0053046898625084 0.013208075091717 0.03472658251267 0.031400636936215 0.015620499351813 4 10 6 6 0
49.014286863743 8.4314959622837 116.30363464355 -0.025216 0.00751 -2.7578499803847 -4.5111494109212 -11.091234282882 11.97355329265 -0.018571855557269 -0.07485308743154 0.44397857871987 -0.66422696790691 10.009132690106 0.53440885644015 -0.40062207259622 10.018767557803 0.020002961542535 -0.026986101710678 -0.018304201891634 0.019844248708338 -0.027457412397337 -0.017757286842054 0.029068883707497 0.013453624047074 4 9 6 6 0
49.01435261366 8.4317363982251 116.34830474854 -0.020228 0.005852 -2.7568239803847 -4.155025529113 -10.307507457064 11.113476812986 -0.0018325389315448 -0.059400240245641 0.38282032252813 0.14198242247992 9.7688183795259 0.4551458210372 0.34518746056041 9.7607772662468 0.010203875487573 -0.028701853523365 0.030332875294756 0.010434415007767 -0.028063701549018 0.030844318324212 0.031400636936215 0.015620499351813 4 10 6 6 0
49.014468195677 8.4323836933646 116.41963195801 0.013787 0.00221 -3.0064679803847 -1.2072168677009 -8.5869222089793 8.6713784653144 -0.019461233360934 -0.095766948135752 0.36472797260825 -0.60402693871872 10.779024214707 0.40990811126543 -0.75912864970196 10.768898359624 -0.0098349511973597 -0.04121262160891 -0.041177780031438 -0.010041067059831 -0.0406202241125 -0.041787337506816 0.032202484376209 0.015 4 9 6 6 0
49.014299516166 8.4315427045289 116.32183074951 -0.025726 0.010759 -2.7524899803847 -4.5189992846223 -10.908763638267 11.80768944835 -0.031439489263891 -0.026197098431127 0.52344193743239 -0.29865754795581 9.366833471326 0.61249122283528 -0.064031573101736 9.3659217177422 -0.011571801793247 0.022026161825846 -0.016479352657869 -0.011733863783076 0.021606146503639 -0.016903980775059 0.029068883707497 0.013453624047074 4 9 6 6 0
49.014295417243 8.4315277156819 116.31884002686 -0.027004 0.011732 -2.7542339803847 -4.5291151737934 -10.964340969802 11.862886620915 -0.040351163029074 -0.051150454847266 0.38784240332848 -0.41121271579576 9.5873579527828 0.49377739629523 -0.15765298827814 9.5900995423237 -0.0096674267097665 0.012505145721427 -0.016679628553641 -0.0098545557821008 0.012060107086574 -0.016893068098785 0.029068883707497 0.013453624047074 4 9 6 6 0
49.014265853916 8.4314173021922 116.28247070312 -0.028953 0.013232 -2.7630669803847 -4.5861911121839 -11.377399657314 12.266842479576 -0.054268385588026 -0.15164697941276 0.21370305558232 -0.59451003448713 9.2216810753264 0.34540936308345 -0.33961012904736 9.2312741304162 -0.024390351402351 -0.020685596973503 -0.0044628851474347 -0.02444604479519 -0.020794551090471 -0.0034875480333096 0.028425340807104 0.012727922061358 4 9 6 6 0
49.014320593794 8.4316193227519 116.31822967529 -0.025365 0.007042 -2.7458769803847 -4.4620892383427 -10.605894484239 11.506277261008 -0.028649098734972 -0.068575683568579 0.49494723758078 -0.33361614995007 9.9832573354006 0.57579772916713 -0.086129742767786 9.9843478064205 -0.010396465392709 -0.018984935027512 -0.0013931185983834 -0.01040141222786 -0.019015207468696 -0.00082704921867126 0.031400636936215 0.015620499351813 4 10 6 6 0
49.014303598086 8.4315576156209 116.3219909668 -0.024694 0.008536 -2.7508779803847 -4.5100150162422 -10.851593307439 11.751460499353 -0.025152797972683 0.004352353667298 0.52007085189289 -0.50143793531848 9.5211415817305 0.58904343916435 -0.26586991597023 9.5266436329981 0.00097974306222522 0.022777463895131 -0.017674712067369 0.00084468354011229 0.022333113348955 -0.018244189538708 0.029068883707497 0.013453624047074 4 10 6 6 0
49.014463597975 8.4323336641442 116.40602111816 0.010758 0.008494 -3.0154499803847 -1.1455558698668 -8.7313437247927 8.8061103702679 -0.035682359672367 -0.14048029837656 0.0061149262202811 0.7703314978479 9.0673745695762 0.10789879695498 0.67283533768239 9.0769452782373 0.0011007722769997 -0.051015062091256 -0.0044264249295194 0.0010293144573727 -0.050978167978009 -0.0051127188719113 0.030805843601499 0.014212670403552 4 9 6 6 0
49.014432120921 8.4320804931043 116.42468261719 0.008562 0.000967 -2.8803769803847 -2.4491844972031 -9.2136988143704 9.5337644721075 -0.024690009775179 0.030016073553277 0.45394961913306 1.036807092225 9.7080265703335 0.46457330357928 0.92514438358938 9.7188996285314 -0.052174397675486 -0.0017572241018398 0.071122532843657 -0.052096015364204 -0.0025668589458826 0.071168460170028 0.031400636936215 0.014866068747319 4 10 6 6 6
49.014457995835 8.4322720304519 116.40504455566 0.004465 0.001827 -3.0020859803847 -1.2568951690897 -8.9026597380789 8.9909011304244 -0.029621088327323 0.018171380457288 0.31418603404638 0.067393396206938 10.083409037159 0.32528578789081 0.014971099671894 10.083765183273 -0.013304182715046 0.012273725349574 0.044590259771531 -0.013253569745888 0.012045703708299 0.044673081041396 0.030805843601499 0.014212670403552 4 10 6 6 0
49.0144111355 8.4319741282017 116.41821289062 -0.01026 0.006214 -2.8182239803847 -3.1288314839657 -9.5140286395177 10.015382055886 0.013195757606148 -0.039265465557007 0.61768062166941 0.60511608980891 9.9837059331569 0.68714696802932 0.71911012824722 9.9717155062586 0.019438324684469 -0.014097439431363 0.076817597270645 0.019976306354931 -0.013217650947787 0.076847982795012 0.030610455730028 0.014212670403552 4 10 6 6 6
49.014378426283 8.4318367037682 116.37792205811 -0.024841 0.012643 -2.7790319803847 -3.8035709097919 -10.014126302473 10.712125448394 -0.016325908129341 -0.10191381937307 0.52273626802216 -0.032291237647456 9.4731025253925 0.65075532900479 0.21035277610229 9.4631293239628 0.012884509379896 -0.015792813558082 0.018695652909292 0.013142378882145 -0.015307502813651 0.018904669256597 0.031400636936215 0.015620499351813 4 10 6 6 4
49.014248360476 8.4313509495034 116.26630401611 -0.019928 0.00976 -2.7614529803847 -4.6723211859059 -11.6220530066 12.526054476559 -0.025726244304605 -0.00105151422224 0.38547605544093 0.0069825858094228 9.4446723020236 0.46194529484787 0.18866762991429 9.43969025814 -0.012348249804322 0.028252736381606 -0.00042808269841563 -0.012357738960816 0.028239774404198 -0.00083529641682534 0.028425340807104 0.012727922061358 4 9 6 6 0
49.014408268527 8.4319610878617 116.4162979126 -0.010302 0.005603 -2.8111659803847 -3.2350721241607 -9.5483189586003 10.081605950622 -0.00249131611849 -0.023154041609309 0.61925501950697 0.72604676581569 9.9641887460662 0.67864831641461 0.82853318508853 9.9524745071569 -0.0010048174069928 -0.0070842848476722 0.071192578704556 -0.00057748859578291 -0.0063499790291425 0.071265454804537 0.030610455730028 0.014212670403552 4 10 6 6 6
49.014449801005 8.4321960727324 116.41443634033 0.020084 0.005108 -2.9502429803847 -1.6543858512138 -8.9920171992198 9.1430490899991 0.037158870767338 -0.045523341942191 0.30737906840517 1.3503629472869 10.120105225362 0.37110952375282 1.152024040391 10.143139668197 0.0097578114354167 -0.020736977612993 0.09476132902173 0.0103587243805 -0.022584294586464 0.09424286288262 0.030805843601499 0.014866068747319 4 9 6 6 0
49.014324612993 8.4316338062012 116.32398223877 -0.023754 0.009419 -2.7458609803847 -4.4455191701747 -10.559170964482 11.456773664958 -0.032894602748629 -0.080625316969294 0.27662940825977 -0.1287779792164 9.8413964243175 0.37406484531848 0.1008256202164 9.8387095901972 -0.0076547520903664 -0.0089110603447139 0.0011185476485083 -0.0076411409589588 -0.0088848901707607 0.0014219953607439 0.031400636936215 0.015620499351813 4 10 6 6 0
49.014454205505 8.4322341098435 116.41772460938 0.012494 0.010518 -2.9785289803847 -1.3831308573484 -8.9648246370988 9.0707968941614 0.046776676264428 0.0062004146164509 0.060127088315642 0.72235460062162 9.5373682240493 0.14672370854518 0.62269011502486 9.5443627726056 0.035183686253008 0.025479694908031 0.084817583427221 0.035970834912217 0.024568752225677 0.084764240323717 0.030805843601499 0.014866068747319 4 10 6 6 0
49.01444820357 8.4321837586044 116.41512298584 0.021523 0.004801 -2.9410479803847 -1.7479137537546 -9.0145447272911 9.1825387692317 0.034725659385238 -0.010852050708322 0.3840007908142 1.0968613306721 10.015389659822 0.43485504827285 0.889646772648 10.034082851941 0.014820272923889 -0.0031323665903837 0.092808942451076 0.015292371429289 -0.0050503138548518 0.092649574844536 0.030805843601499 0.014866068747319 4 9 6 6 0
49.014261318514 8.4314000638228 116.26767730713 -0.024848 0.005863 -2.7621409803847 -4.5601185890555 -11.452022749827 12.326531023353 0.0012974349771557 -0.12605807283547 0.52231294673599 -0.64771852265538 10.622027033845 0.61621189300193 -0.36599564757411 10.630984928019 0.030101648274797 -0.056677441157312 0.0056450359643532 0.030151269138578 -0.056510227447239 0.0069461653086808 0.028425340807104 0.012727922061358 4 9 6 6 0
49.014382143534 8.4318517336656 116.38737487793 -0.026651 0.013965 -2.7811479803847 -3.7673917825559 -9.9530316481292 10.642140791008 -0.028629327997467 -0.087343708468869 0.49100940338148 -0.13292042300151 9.9468844781839 0.62814010704955 0.13328786933119 9.9392955011859 0.0012594116029482 0.0026221486511381 0.022709816805872 0.0015716559816607 0.0032283233768111 0.022608958120403 0.031400636936215 0.015620499351813 4 11 6 6 4
49.014459150458 8.4322842080375 116.40277862549 0.005099 0.001047 -3.0067419803847 -1.2344940545077 -8.8703394601691 8.9557527056447 -0.045215832873801 -0.00021593730600221 0.28897882887388 0.40055561362198 9.7508325336686 0.30168508604439 0.34058440651226 9.7537566711578 -0.019591936581669 -0.0053880560923744 0.028439083342642 -0.0195562923751 -0.0055587513166226 0.028423859079886 0.030805843601499 0.014212670403552 4 9 6 6 0
49.014446512501 8.4321714238129 116.41807556152 0.018885 0.006442 -2.9323339803847 -1.8629886103025 -9.0290107060493 9.2194198626784 0.0074927825303417 0.012375806594097 0.25353287706718 1.2284231673425 9.7742700154388 0.30918532949552 1.0307879049407 9.7957590752909 -0.022883489305134 0.014762638783592 0.0876488006801 -0.022381887289698 0.01299132970051 0.088064414644215 0.030805843601499 0.014866068747319 4 9 6 6 0
49.014312129064 8.4315886613169 116.31607818604 -0.02407 0.003704 -2.7473759803847 -4.4846897626596 -10.728056966944 11.627704369329 -0.013413778449601 -0.011096909600225 0.66023092883724 -0.45170431923639 10.335016658461 0.70329860651415 -0.1974750172868 10.340227771217 0.0095012637497296 -0.0083630282881909 -0.010743003867414 0.0094603152607349 -0.0086231941024933 -0.010561611274431 0.029068883707497 0.015620499351813 4 10 6 6 0
49.014364070464 8.4317799209025 116.35254669189 -0.022454 0.007423 -2.7670509803847 -3.9969591686397 -10.215819740273 10.969921549397 -0.0043869457864366 -0.034638657839384 0.53516028584977 0.26111275287933 9.994895994812 0.60790661778793 0.48693903678241 9.9823623260758 0.0022064905148646 0.0017178189794513 0.035352513074439 0.0024628955141598 0.0025150104146938 0.035290722698707 0.031400636936215 0.015620499351813 4 10 6 6 0
49.014402246854 8.4319348319439 116.41509246826 -0.012994 0.007634 -2.7991849803847 -3.4177278904775 -9.6287804860232 10.217414785551 -0.019146448244111 -0.011249236721174 0.56634728669447 0.45277619219737 9.7848813578295 0.63458931408605 0.5719962372955 9.7746369866662 -0.014779721195828 0.010743790096145 0.057145198705704 -0.014383758114333 0.011435648063122 0.057112507887088 0.030610455730028 0.014212670403552 4 10 6 6 6
49.014469305055 8.4323954473023 116.43120574951 0.013512 0.007208 -3.0025129803847 -1.2424467338666 -8.5325182699632 8.6225009735591 -0.023377717262865 -0.14317006071049 -0.041490794905849 -0.20837820539826 9.093745089874 0.058055375869602 -0.3200438466906 9.0900592561877 0.023343899978178 -0.070017406558051 -0.049960205878114 0.022763740077163 -0.069408036450491 -0.051115285263642 0.032202484376209 0.015 4 9 6 6 0
49.014270012289 8.4314328639092 116.30015563965 -0.025957 0.01694 -2.7626409803847 -4.5770151063373 -11.343135857342 12.231652315764 -0.048877161553303 -0.042689413262078 0.24975471021201 -0.11785784079482 8.601382504098 0.37188764563689 0.096438152355322 8.5977411513956 -0.017151995858476 0.043407526541397 -0.0090388268935594 -0.017289677146575 0.043169943767974 -0.0098467467725386 0.028425340807104 0.012727922061358 4 9 6 6 0
49.014440832769 8.432133073236 116.41931152344 0.014645 0.005481 -2.9091209803847 -2.1239484051647 -9.078603650947 9.3238614534532 -0.012224094107061 -0.016842144770805 0.27242153394614 1.1219839612657 9.8284472976689 0.33212898885785 0.9663460528341 9.8429657515352 -0.021236407573734 -0.0093034329077071 0.070575566889125 -0.0208061140245 -0.010423090453192 0.070541385228358 0.030805843601499 0.014866068747319 4 9 6 6 6
49.014368001378 8.4317952684047 116.35607147217 -0.022964 0.007161 -2.7710189803847 -3.932992884996 -10.167033377959 10.901241985993 -0.0035873153183278 -0.041361640147808 0.54977809432496 -0.017568699012408 9.9993268402741 0.62612625942227 0.21968134881287 9.9925036792609 0.012829149582803 -0.0089623282853993 0.031373022202989 0.01306731707561 -0.0082183168381839 0.031483993080618 0.031400636936215 0.015620499351813 4 10 6 6 0
49.01445683898 8.4322598076255 116.41309356689 0.003761 0.005687 -2.9949439803847 -1.2763164254694 -8.9308826210985 9.0216273010201 0.008108723330616 0.059154562364103 0.016688651064843 0.46128180639529 9.9405224880256 0.054576371509166 0.41531841108276 9.943808850272 -0.015689557025446 0.031770317153356 0.066687481803265 -0.01541112440939 0.031464521174458 0.066934673388466 0.030805843601499 0.014212670403552 4 10 6 6 0
49.014395305125 8.4319056845727 116.41204833984 -0.019733 0.010549 -2.7898519803847 -3.5986476342815 -9.72069151171 10.365364069739 -0.050851603214818 -0.04619980351302 0.58272452580759 0.35547452893865 9.6700409622878 0.67885425128763 0.52680684198196 9.656179339405 -0.036346468297279 0.0099964673890896 0.037356939111347 -0.035979388082134 0.010646756102599 0.037547130495793 0.030610455730028 0.014212670403552 4 10 6 6 6
49.014460277292 8.4322963495446 116.40074157715 0.00764 0.001785 -3.0096509803847 -1.1707129867531 -8.837709656863 8.9149249742888 -0.0076527756273256 0.024713198411398 0.33340420054236 0.46497083225146 9.6404661548729 0.35766705752945 0.39212369226837 9.6448046218089 0.00030539498416193 -0.0129623152838 0.01926969862435 0.00035377214507582 -0.013102919062312 0.019175345334696 0.030805843601499 0.014212670403552 4 9 6 6 0
49.014340725732 8.43169247932 116.34961700439 -0.017758 0.009814 -2.7498249803847 -4.294199251493 -10.410887170044 11.261746722935 -0.006276407528175 0.0016517624276051 0.26171113119498 0.039593974404793 9.2221883667752 0.33902988362401 0.20714019967881 9.2175835652704 0.007008015989867 0.023202239386659 0.019996614141414 0.0071705543541433 0.023562344635562 0.019509191001348 0.031400636936215 0.015620499351813 4 10 6 6 0
49.014464746684 8.432346811163 116.42095947266 0.008191 0.013948 -3.0153709803847 -1.164188665842 -8.7269398667343 8.8041869491639 -0.043005647551486 -0.02249152340461 0.23523276047663 -1.3989134434294 8.9681542783345 0.35796357716177 -1.471282552797 8.9537549701973 0.0039232322454444 -0.00041099447833425 -0.027211697384021 0.0035435934034134 -0.00019190414452552 -0.027290620194743 0.030805843601499 0.014212670403552 4 9 6 6 0
49.014405296123 8.4319479896829 116.41538238525 -0.011719 0.005833 -2.8048649803847 -3.3339812509388 -9.5863256476797 10.149640847702 -0.01595433245663 -0.014407455151084 0.65808496291715 0.52557768570559 10.010317643948 0.71667983000957 0.63515927499472 10.000149460342 -0.014364917714949 -0.0011613981265487 0.064074170680161 -0.013988150300225 -0.00046224089641873 0.064168069347711 0.030610455730028 0.014212670403552 4 10 6 6 6
49.014257169844 8.4313842858895 116.2643661499 -0.02068 0.004217 -2.7613529803847 -4.5738425699156 -11.51998495281 12.394734610116 0.023424238461923 -0.043525430157673 0.62873544651043 -0.18618030932994 10.534438701799 0.68622288946335 0.054428001663989 10.533063427584 0.038020408875492 -0.023131181897931 0.0066808879464032 0.038057086178538 -0.022972105214137 0.0070516450772158 0.028425340807104 0.012727922061358 4 9 6 6 0
49.014348815995 8.4317222760033 116.34456634521 -0.018786 0.004251 -2.7542929803847 -4.2028717661672 -10.342575613575 11.163932028673 -0.0012492389196648 -0.037334676011526 0.43734955546293 0.12552441194104 10.278241216966 0.48902983119977 0.32741996866522 10.271503420955 0.01569311351479 -0.014987551134086 0.024996906293523 0.015825452595663 -0.014490122161209 0.025219846626968 0.031400636936215 0.015620499351813 4 10 6 6 0
49.014252998115 8.431368436928 116.26613616943 -0.01805 0.006162 -2.7613339803847 -4.6183070042878 -11.578246601841 12.465332233244 0.0079073063840359 0.01097358459076 0.6130388869419 0.096119744196472 10.068799035838 0.66615191978059 0.29144596292238 10.06211843472 0.022882607400371 0.01490002701134 0.0018653699422286 0.022890454460474 0.014938360211852 0.0015121947827842 0.028425340807104 0.012727922061358 4 9 6 6 0
49.014442737485 8.4321454688727 116.41993713379 0.01675 0.006846 -2.9161899803847 -2.039440841815 -9.0626717532382 9.2894072986506 -0.0016440355158345 -0.014614432395876 0.23710537712842 0.79941241907341 9.6359213983891 0.30518358470651 0.63452787254923 9.6463584329528 -0.0066385748777459 -0.002479682645063 0.075100154167398 -0.0061086415808493 -0.0037651897125906 0.07509367199646 0.030805843601499 0.014866068747319 4 9 6 6 6
49.014385490063 8.4318653388363 116.39699554443 -0.02718 0.013379 -2.7832799803847 -3.7415105441625 -9.8918187014219 10.575668113646 -0.047163407486969 -0.085238377386603 0.65767894711688 -0.31647657598552 9.7775464312701 0.78490767644848 -0.059976600061473 9.7733759612421 -0.017953040104896 0.0060097563715435 0.020940335746186 -0.017681682497098 0.0065555933343465 0.021007657024763 0.031400636936215 0.015620499351813 4 11 6 6 4
49.014344984418 8.4317081036227 116.34716796875 -0.018658 0.006529 -2.7519679803847 -4.2486331508809 -10.378986547408 11.21492643635 -0.0028373576286763 0.016551170346347 0.45335936954766 0.076891363810001 10.249269260495 0.50914917427835 0.26791980962835 10.243475437771 -0.00015614588704087 0.018322846258609 0.023973314277452 -2.6008896659631e-05 0.018767801900032 0.023647868160728 0.031400636936215 0.015620499351813 4 10 6 6 0
49.014462507058 8.4323216887424 116.3959274292 0.002894 0.004448 -3.0147129803847 -1.1891631378636 -8.7531933695744 8.8332889412424 -0.07489781806962 -0.095807633975385 0.36398044364835 0.67986572428994 10.419629703405 0.42671557429166 0.61127995658319 10.424354254866 -0.066660708559118 -0.034086201351689 0.0058052095565151 -0.066639767140588 -0.034111511733716 0.0059249006856145 0.030805843601499 0.014212670403552 4 9 6 6 0
49.014436629817 8.4321069073555 116.41896820068 0.01292 0.000699 -2.8946139803847 -2.2677893486891 -9.1417550185246 9.4188999638677 -0.0010355348231462 -0.0045726491944093 0.61821897516853 0.70451607227649 9.9480887379788 0.6366788764342 0.57249515655705 9.9556341863913 -0.0064163889163463 -0.019632885873656 0.070187058787838 -0.0062860063001121 -0.02056235814679 0.069936900654247 0.031400636936215 0.014866068747319 4 9 6 6 6
49.01442481863 8.4320411401062 116.43130493164 -0.005161 0.004234 -2.8584279803847 -2.743648191081 -9.3242612760963 9.7194765713697 -0.066691959934127 0.043289273844017 0.6161632880834 1.0413145292203 10.387591359967 0.63645712557219 1.0700305797873 10.383764307317 -0.044270395768474 0.040583280848714 0.068858928949665 -0.044148039866391 0.04075571547559 0.068763989652792 0.031400636936215 0.014866068747319 4 10 6 6 6
49.014274154677 8.4314483804887 116.3025894165 -0.024654 0.012119 -2.7614609803847 -4.5593181209996 -11.295683769403 12.181075502715 -0.033583235341522 0.017037800355667 0.62019346985521 -0.18715621981416 9.9299435851743 0.70580935100185 0.051025797736767 9.9260852028439 -0.011116979070394 0.060306236658263 -0.011629293897786 -0.011239899025414 0.060007117821875 -0.013006234020994 0.029068883707497 0.013453624047074 4 9 6 6 0
49.014332949835 8.4316639636416 116.3405456543 -0.019897 0.010496 -2.7466089803847 -4.3867339165466 -10.46910542995 11.350996562115 -0.028604815489696 -0.058293467462514 0.42955396713764 0.1831136638479 9.5867544027814 0.5291848626098 0.36465924199535 9.5766271691919 -0.017490365086125 0.0017100999128131 0.011597271648214 -0.01737107730644 0.0019267097060242 0.01175395571915 0.031400636936215 0.015620499351813 4 10 6 6 0
49.014461450486 8.432309641704 116.39614105225 0.006191 0.00256 -3.0118339803847 -1.1323001185241 -8.80161731724 8.874109490854 0.0034415644027472 -0.022164229919359 0.5143365496082 -0.44826823243043 10.400974339242 0.55586994764484 -0.49637836958728 10.39961290953 0.027656015774458 -0.028124454712213 0.024948450490119 0.0277462546962 -0.028230121138633 0.024728520517213 0.030805843601499 0.014212670403552 4 9 6 6 0
49.014416883365 8.4320013574252 116.42772674561 -0.013233 0.009943 -2.8348329803847 -2.9597433390436 -9.4309659786093 9.8845224100527 -0.018062177388351 -0.079822063176907 0.4205716709562 0.41368292228214 9.6654147799694 0.52362118183151 0.53651051475009 9.6544534323946 -0.010659545243453 -0.014129693757329 0.079535692584954 -0.0098067903023497 -0.013117005896318 0.079836974035613 0.030610455730028 0.014212670403552 4 10 6 6 6
49.014451310662 8.4322083462842 116.4183883667 0.018582 0.008172 -2.9596769803847 -1.5582920534007 -8.9819395798136 9.1161038504453 0.04405079296291 -0.033474503015979 0.14301624339851 0.82778629936701 9.1373402948084 0.22879735563275 0.67388310487609 9.148576004889 0.029288513056506 -0.019775056401241 0.094040012474184 0.030163511259263 -0.021368279146758 0.093391698491566 0.030805843601499 0.014866068747319 4 9 6 6 0
49.014414189096 8.4319884221771 116.42175292969 -0.012406 0.007733 -2.8266989803847 -3.0346024855248 -9.4718018239345 9.9461050419417 0.0029961347876385 -0.071815871689411 0.55300168528467 0.54856267559028 10.04191013601 0.64072928559377 0.67766860255348 10.028949072382 0.00690496462398 -0.019288168860766 0.080510054084257 0.0076133411392121 -0.018251127232857 0.080707330118332 0.030610455730028 0.014212670403552 4 10 6 6 6
49.014465834376 8.4323587526966 116.42219543457 0.007931 0.013213 -3.0127319803847 -1.2084060633424 -8.6920994533859 8.7754272300747 -0.066805991243716 0.037307289682325 0.10725382143917 -0.098226069463115 9.8701171094968 0.20608034974462 -0.20146808858505 9.8695968441463 -0.044267865330295 0.053301075953904 -0.030771781248841 -0.044571778068505 0.053621825249837 -0.029707424321453 0.030805843601499 0.014212670403552 4 9 6 6 0
49.014278705482 8.431465368205 116.29899597168 -0.022117 0.00495 -2.7602609803847 -4.5173357828976 -11.223681995821 12.098651535142 -0.0076569603777892 -0.022014531916097 0.74102418584192 -0.25831439108126 10.172939566503 0.79033166684491 -0.028798304474367 10.172676600267 0.0082021164704859 0.0018106583222638 -0.011888502152955 0.0081435914131558 0.001541080536843 -0.011955691204977 0.029068883707497 0.013453624047074 4 9 6 6 0
49.014419512408 8.4320142423223 116.43506622314 -0.012503 0.011564 -2.8428179803847 -2.8935281360904 -9.3959040715968 9.8313365473448 -0.041711839038399 -0.045910736025946 0.34245894623075 0.63446971396411 9.2061274325952 0.44374764971414 0.73624692988775 9.194297894136 -0.02673899488782 0.0079954892481753 0.076083863026723 -0.02589210996403 0.0088394066269959 0.076322600874423 0.031400636936215 0.014866068747319 4 10 6 6 6
49.014427250424 8.4320538790557 116.42569732666 -0.000259 0.000288 -2.8653319803847 -2.6263004007358 -9.2885365157681 9.6527048024869 -0.034655996046719 0.0061504354755456 0.69516202295561 0.91539581108686 9.6564068554686 0.691958481298 0.89225614847036 9.6581331668907 -0.046590096360492 0.010546012630118 0.07642525261646 -0.046613541486273 0.010377639954349 0.076395194403671 0.031400636936215 0.014866068747319 4 10 6 6 6
49.014392392574 8.431893660673 116.40922546387 -0.022819 0.011834 -2.7875219803847 -3.6594495998699 -9.7658726926273 10.428842913033 -0.062431746193354 -0.054235158883773 0.6369646118475 0.15999792282327 9.7549758458709 0.74573769677161 0.36392732945324 9.7421161831455 -0.03485285245873 0.01145460154717 0.027656890248797 -0.034550375477509 0.012016294595036 0.027803143081646 0.030610455730028 0.014212670403552 4 11 6 6 6
49.01439881453 8.4319202915995 116.41358184814 -0.01612 0.009281 -2.7937379803847 -3.5103096028201 -9.6745546093965 10.291739875385 -0.030599531061645 -0.022302046540946 0.62503784608304 0.4213833165588 9.7439846509698 0.70682392057029 0.56440813909882 9.7313746125178 -0.026044166854715 0.014715990157081 0.049368391079303 -0.02563439038838 0.015431703485916 0.049364878779631 0.030610455730028 0.014212670403552 4 10 6 6 6
49.01433685014 8.4316782262461 116.34622192383 -0.018307 0.009713 -2.7477739803847 -4.3349111249176 -10.437889053326 11.302263929826 -0.011016516338423 -0.038668912906556 0.41465480993783 0.14217614560019 9.702372750928 0.50746155401843 0.31655474188794 9.693901180414 -0.0063057504398642 0.0020507200156607 0.020358081593065 -0.0061109619540345 0.0024166960493692 0.020381726095238 0.031400636936215 0.015620499351813 4 10 6 6 0
49.014434534623 8.4320943580218 116.42248535156 0.013598 0.000858 -2.8879849803847 -2.3476715306301 -9.1819153378033 9.4773815664124 -0.0042365110539658 0.028216895614589 0.52325251992272 0.85429641481787 10.126733667032 0.53306229610442 0.71865490382812 10.13680781165 0.0035081711549084 -0.0011653599862941 0.066499590347524 0.0035738238057359 -0.0020552835787982 0.066478646259321 0.031400636936215 0.014866068747319 4 10 6 6 6
49.014356724693 8.4317518763921 116.35321807861 -0.021478 0.009478 -2.7601329803847 -4.1035562146593 -10.283170768955 11.071730113349 -0.0018195280242497 -0.031237961643333 0.27133828879003 0.08391337865342 9.5076187021012 0.36135029494613 0.29132062385814 9.5005784156576 0.0056762391579273 -0.00086876047652088 0.034086891140069 0.005999603563897 -0.00012468658852036 0.03404153712153 0.031400636936215 0.015620499351813 4 10 6 6 0
49.014316164729 8.4316033111989 116.31603240967 -0.025571 0.004853 -2.7462339803847 -4.4734320866004 -10.667699204551 11.567674988204 -0.017614975547347 -0.043797783879339 0.52885823139396 -0.35243343229207 9.8411573537905 0.58694872991959 -0.10265645619754 9.8437345645316 -0.0034026544424897 -0.018109946186912 -0.004068551467337 -0.0034217202885196 -0.018208049897249 -0.0035833502047129 0.031400636936215 0.015620499351813 4 10 6 6 0
49.014371506546 8.4318091511561 116.35879516602 -0.024612 0.007743 -2.7743179803847 -3.8960858784442 -10.11572749609 10.8400740524 -0.01908744468891 -0.079083389329375 0.54494706761367 -0.12725299165853 10.354244767463 0.63587064357791 0.13011060969615 10.349019525802 0.0039919190701627 -0.019444246734458 0.024074286385008 0.0042057828254432 -0.018840137603936 0.024515512875365 0.031400636936215 0.015620499351813 4 10 6 6 0
49.01442982129 8.4320678550347 116.42597961426 0.004329 0.00024 -2.8736949803847 -2.5490961794592 -9.2408576829704 9.5860116243302 -0.048121511816183 0.022226551611896 0.50924330479481 0.84791594340405 9.3860561140377 0.51478468499189 0.78574383733578 9.3914279886885 -0.03906903747125 -0.0057242325877435 0.066952983802862 -0.039029430590003 -0.0061673454126544 0.066947108333929 0.031400636936215 0.014866068747319 4 10 6 6 6
49.014455471596 8.4322463613208 116.41718292236 0.008146 0.00794 -2.9870999803847 -1.3458475825781 -8.9490325140787 9.0497129007297 0.011331623576266 0.026340759688387 0.31822431047569 0.29775096981301 9.810138834403 0.38490722485289 0.23809201608739 9.8090888430147 0.037058814672824 0.019335409417815 0.069696604343383 0.037540893970781 0.01891442925054 0.069519741062593 0.030805843601499 0.014866068747319 4 10 6 6 0
49.014422325432 8.4320283558189 116.43798065186 -0.009118 0.010615 -2.8512449803847 -2.8131872385103 -9.3649101456528 9.7782373594942 -0.054320863871849 0.042312238070127 0.53108066559627 0.47405884406918 9.2181685252901 0.59690259683149 0.53752533730704 9.2109471004 -0.037521096542672 0.056696006779656 0.073051580661693 -0.036976664193929 0.057213185207637 0.072878921901324 0.031400636936215 0.014866068747319 4 10 6 6 6
49.01445286784 8.4322218481745 116.41870117188 0.015949 0.01003 -2.9698099803847 -1.4734323656292 -8.9717204471469 9.0919768287389 0.037623029112981 -0.0043921994608151 0.13203582116933 1.1700518497031 9.8903292697432 0.22927459919805 1.0321795616942 9.9044958073753 0.035625600807998 0.00465070534779 0.085826689897431 0.036471441645353 0.0034549122437145 0.085520922733369 0.030805843601499 0.014866068747319 4 9 6 6 0
49.014444567615 8.4321578437482 116.42044830322 0.01699 0.007354 -2.9236969803847 -1.9716233847613 -9.045057721378 9.2576046430269 -0.011077279945403 0.0015540097218692 0.22142194685929 0.84980963143689 9.584126376533 0.28843437596464 0.67874265244065 9.5963594718815 -0.015081789550743 0.0077418755033936 0.079246532623456 -0.014528891105862 0.0063237061617242 0.079478069827669 0.030805843601499 0.014866068747319 4 9 6 6 0
49.014388783263 8.4318788784132 116.40312957764 -0.02546 0.012717 -2.7852999803847 -3.7060726368208 -9.827691817164 10.503112709271 -0.057721858152398 -0.072266794991103 0.61980883711453 -0.054293196890233 9.6772310766606 0.73838135733693 0.17889774084895 9.6675855333251 -0.024887428802398 0.0075373230793643 0.021158663697177 -0.024631077402747 0.0080377484426203 0.021275718673366 0.030610455730028 0.014212670403552 4 11 6 6 4
49.014328596255 8.4316481969873 116.33345031738 -0.023044 0.010575 -2.7458979803847 -4.4301084303673 -10.5096718487 11.405152186168 -0.041347949374779 -0.060036353872254 0.37496637740026 -0.13723466972407 9.8192498516917 0.47922183182588 0.076263940007669 9.8156407985507 -0.023510797459708 -0.00067684657755325 0.0062952852911211 -0.023442962862273 -0.0005439918575591 0.0065641340420297 0.031400636936215 0.015620499351813 4 10 6 6 0
49.0143749888 8.431822961679 116.36627197266 -0.024842 0.009552 -2.7767419803847 -3.8513478107848 -10.064334455011 10.776063135089 -0.020486332314891 -0.11573152720534 0.5967373091426 0.095200530461238 9.9573713873356 0.70640361999728 0.34348861157316 9.9448615854729 0.0013822390781438 -0.027153536481858 0.021627761643049 0.0016266329454394 -0.026605871214657 0.022268742064723 0.031400636936215 0.015620499351813 4 10 6 6 0
