49.014234259811 8.4170181731551 112.95390319824 -0.007168 0.014608 2.1951313267949 -0.0025746041379149 0.0072111254794232 -0.0063040446689127 0.0043460239641735 -0.0095292975463516 -0.14134769076911 -0.068189835497382 9.8067116452898 0.0013678503653378 0.0019988470366339 9.8079670540827 -0.00015206731351098 0.00094887848115468 0.00073062867907174 -0.00014150795027407 0.00095410688889944 0.00072595489725004 1.5500609665429 0.094752308678997 4 9 4 0 0
49.014232125686 8.4170223981895 112.91213226318 -0.007131 0.014254 2.1909483267949 0.0054455545326399 0.011622320387059 -0.0023223842587673 0.01262294675997 -0.010285043269894 -0.14199845160372 -0.069146222350666 9.8109784544563 -0.0015012900424151 0.001015304573589 9.812249413323 0.00041460742202501 -0.0011745148844492 0.0004568551487868 0.00042117716491605 -0.0011711976180875 0.00045922499085211 1.5560118894147 0.094752308678997 4 9 4 0 0
49.01423447915 8.4170178326151 112.95457458496 -0.007055 0.014414 2.1956483267949 -0.0035420445898932 0.0083430741266917 -0.0077527441685784 0.0046955071561451 -0.010416353465942 -0.14516628943949 -0.064968755330493 9.8038405328248 -0.0037547434376396 0.0045643094202128 9.8051287803143 0.00067707200744324 -0.00021261105267621 0.0019164963608729 0.00070462775600033 -0.00019902833784289 0.0019080283123668 1.5500609665429 0.094752308678997 4 9 4 0 0
49.014235010804 8.4170169362767 112.96394348145 -0.007123 0.01427 2.1963953267949 -0.0054092214263237 0.0072052640432785 -0.0086039385948114 0.0026735175579815 -0.0096495206799785 -0.14741129687494 -0.071113860809832 9.8115418470662 -0.0070159680499492 -0.0012045678347151 9.812903972687 7.3840313491116e-05 -0.0007130797464857 0.00074770809807229 8.4587927997826e-05 -0.00070775175676104 0.00075164042814176 1.5470866168382 0.094047860156412 4 9 4 0 0
49.014234413734 8.4170179351888 112.95426177979 -0.007142 0.014486 2.1954083267949 -0.0037332580956526 0.0087969113033764 -0.0081725782386242 0.0049529730830547 -0.010173938783902 -0.14088003113442 -0.072022047267118 9.8076997053354 0.0012168608663667 -0.0018430795185074 9.8089756614626 0.00027289572272742 -6.4977924685674e-05 0.00029693458999165 0.00027723652921611 -6.2824510350322e-05 0.00029340114520708 1.5500609665429 0.094752308678997 4 9 4 0 0
49.014232709556 8.4170209636704 112.9260559082 -0.007081 0.014441 2.1924043267949 0.00050007570987347 0.01075512045172 -0.0058561326428413 0.0090348434056737 -0.0090787441838182 -0.14320027611815 -0.068235431255596 9.7988086690938 -0.0016693212986139 0.0010134933773561 9.800092394175 -0.00020366986119868 -6.1079848178656e-05 0.0008237609645701 -0.00019174093536486 -5.5260667865041e-05 0.00082702578147527 1.5544404137824 0.094752308678997 4 9 4 0 0
49.014234767818 8.4170173558061 112.95862579346 -0.007133 0.014267 2.1960193267949 -0.0043964078723455 0.0072688435147323 -0.0078189897240064 0.003320814738695 -0.0095494658786586 -0.1474581337607 -0.06851543731594 9.8066051942088 -0.0071057174401888 0.0014920840423855 9.8079502294037 0.00014584961914279 -0.00080420010472879 0.00031148184742129 0.00015037485977283 -0.00080197265657433 0.00031510901071486 1.5486565145312 0.094752308678997 4 9 4 0 0
49.014234965104 8.417017015049 112.96282196045 -0.007153 0.014351 2.1963413267949 -0.0052012886193378 0.0072186354942493 -0.0084430383735325 0.0028066364121757 -0.009624181117277 -0.14078675445679 -0.071225634907175 9.8077378186262 -0.00025838928947671 -0.0011855496541605 9.8090067493031 -0.00017407131235261 0.00038101707822694 0.00091169244704761 -0.00016100700753167 0.00038753745851216 0.00091132146602714 1.5470866168382 0.094047860156412 4 9 4 0 0
49.014233795141 8.4170189326151 112.95096588135 -0.007174 0.01455 2.1944033267949 -0.0028986818937739 0.0086651528082547 -0.0074131411796124 0.0053415826434046 -0.0094917218581311 -0.14504444865075 -0.072940129933255 9.804460743288 -0.0025901777106037 -0.0025431604294646 9.8058040371696 0.00015084553670804 0.00034368516812615 0.00020625304031158 0.00015378528023979 0.00034516995157925 0.00020157862339096 1.5516317217691 0.094752308678997 4 9 4 0 0
49.014234436493 8.4170179001615 112.95419311523 -0.007093 0.014432 2.1954953267949 -0.0035570751922242 0.0083413033344075 -0.0077634996045466 0.0046859638468932 -0.010117297064308 -0.13937195868494 -0.071783062955475 9.8022007393651 0.0023925010116001 -0.0020831362146126 9.8034537979487 0.00034752451003889 -0.00055922431476246 0.00084936905224681 0.00035984458709674 -0.00055318597892974 0.00084823412192172 1.5500609665429 0.094752308678997 4 9 4 0 0
49.014233881344 8.4170187874278 112.95207977295 -0.007149 0.014548 2.1945673267949 -0.0026572926896756 0.0089765352382223 -0.0073997311687031 0.0057344062668061 -0.0093229977116396 -0.1477516308429 -0.070654486382778 9.8072317760591 -0.0051551842749713 -0.00029371414557012 9.8085979128975 0.00048365282160329 0.00012312998136084 0.00095765553712418 0.00049752622916023 0.00012997848632487 0.00094961460480192 1.5516317217691 0.094752308678997 4 9 4 0 0
49.014232104102 8.4170224542681 112.91176605225 -0.007169 0.014375 2.1908983267949 0.005877401265365 0.011805273423663 -0.0020764642607829 0.013022922874254 -0.010303928029453 -0.14432207844413 -0.070811672691285 9.8072051462932 -0.0033209311727922 -0.00061015582837005 9.8085218527718 -0.00013644287125004 -3.5716664791694e-05 0.00056612970273949 -0.00012825214456393 -3.166541792006e-05 0.00056826902062607 1.5567979958877 0.094752308678997 4 9 4 0 0
49.014234344062 8.4170180425247 112.954246521 -0.007181 0.014522 2.1952943267949 -0.0033029867256062 0.0082996251212567 -0.0075319625887318 0.0048023946368286 -0.0094441695459735 -0.15532493972013 -0.072687194935501 9.8061033392558 -0.012794818977713 -0.0022298876436948 9.8075940819645 0.00010487608235214 -0.00025322142520373 0.0010939993878546 0.00012080261038836 -0.00024536354945083 0.0010941044680332 1.5500609665429 0.094752308678997 4 9 4 0 0
49.014234376188 8.4170179940388 112.95406341553 -0.007181 0.014518 2.1953293267949 -0.0039641738110342 0.008539837926541 -0.0082091301712399 0.004610158864111 -0.0098843395558696 -0.14761410497647 -0.073567778719857 9.7992897819206 -0.005276938990134 -0.0032702916768948 9.8006757050902 -9.1651594557663e-05 -0.00014560451023591 0.00054018612532706 -8.3780566154018e-05 -0.00014173306813164 0.00054247667551217 1.5500609665429 0.094752308678997 4 9 4 0 0
49.014234604524 8.4170176287412 112.95587921143 -0.007156 0.014367 2.1958683267949 -0.004321970671024 0.0080645989825621 -0.0082235152355397 0.0040113551850094 -0.0097848298370862 -0.13935787511949 -0.067476531651509 9.8079296580035 0.0013588393238149 0.0026401527493673 9.8091514114215 -9.6780158633898e-05 0.00031890191434366 0.0013605209530706 -7.72664136242e-05 0.00032862866004749 0.0013594412966914 1.5486565145312 0.094752308678997 4 9 4 0 0
49.014234158885 8.417018331747 112.95375061035 -0.007166 0.014526 2.1950023267949 -0.0039870366591911 0.0082314435533728 -0.0080459097338068 0.0043492868692885 -0.0094577269652977 -0.13975272187608 -0.065260417157568 9.8101105081854 0.0027848291704296 0.0049568818813701 9.8113211983617 -0.00010665602997984 -9.6921256049834e-05 0.00053463657299975 -9.884670892914e-05 -9.3116623092134e-05 0.00053679281697948 1.5508462206163 0.094047860156412 4 9 4 0 0
49.01423428968 8.4170181266143 112.95394134521 -0.007195 0.014522 2.1951583267949 -0.0028989906877164 0.0073995068861047 -0.0066775724510946 0.0043089271657033 -0.009194854150339 -0.14918513062158 -0.070779526770973 9.8098718431203 -0.0065625581170212 -0.00043127576124609 9.8112593020145 -0.00038627762740165 -0.000314874053182 0.00032220262333518 -0.00038154212525886 -0.00031259054977582 0.00033002158825121 1.5500609665429 0.094752308678997 4 9 4 0 0
49.014232202252 8.4170221985723 112.91369628906 -0.007095 0.014232 2.1911573267949 0.0042303238643824 0.011389154799615 -0.0031791762845839 0.011726084830449 -0.0096561526368036 -0.14109718852985 -0.068361430248614 9.8087107211706 -0.0015008963331846 0.0015681186242665 9.809963369203 0.00067319442065092 6.4628420039845e-06 -0.0008586634438589 0.00066094851811702 3.826228890067e-07 -0.00086817075273233 1.5560118894147 0.094752308678997 4 9 4 0 0
49.01423480735 8.4170172876221 112.95946502686 -0.007181 0.014367 2.1960113267949 -0.0047117961332714 0.0070629043664169 -0.0079543272249108 0.002968877059747 -0.0096599277577206 -0.14352844661876 -0.068975174880623 9.8020249314544 -0.0029840498272024 0.001137434645616 9.8033178220231 -0.00043809423186228 0.00049782294260248 -0.00071280840472094 -0.00044835113776758 0.00049268293329426 -0.00071000533402798 1.5486565145312 0.094752308678997 4 9 4 0 0
49.014232815528 8.4170207304942 112.92819213867 -0.007068 0.0144 2.1926343267949 -0.00027490364220182 0.010946206715141 -0.0065997132281609 0.0087372051993591 -0.0093733979958234 -0.14438276561755 -0.069335761083432 9.8041773288416 -0.0029508510252877 -0.00032306626498909 9.8054851018825 -0.0004540341376683 -0.00046856110308657 0.00028175665279018 -0.0004498443436321 -0.00046657053434349 0.00029151902302544 1.5544404137824 0.094752308678997 4 9 4 0 0
49.014232348372 8.4170218187968 112.91723632812 -0.007075 0.014243 2.1915453267949 0.0025223291848627 0.010951800008802 -0.0043178434042582 0.010375939598686 -0.0095789084303312 -0.14583772816191 -0.072519129038033 9.8085228567709 -0.0061646369247606 -0.0030040495589618 9.8098724761446 0.00026939440621999 4.8053229198334e-05 0.00042269515455189 0.00027537954118547 5.101791894037e-05 0.00041844726915775 1.5560118894147 0.094752308678997 4 9 4 0 0
49.014233125446 8.4170201254426 112.93529510498 -0.007124 0.014496 2.1932233267949 -0.002310784320638 0.011666973498104 -0.0086793079977219 0.008131859911719 -0.0093246891422089 -0.15317067917724 -0.068146555845902 9.8041538272177 -0.011418979181452 0.0018663346920438 9.8055801946632 0.00035829052658784 0.00065588824763898 -0.00015832865369678 0.00035583130873662 0.00065477657793361 -0.00016821462812402 1.5530360588216 0.094752308678997 4 9 4 0 0
49.014233569468 8.4170193316535 112.94603729248 -0.007238 0.014514 2.1941203267949 -0.0026471454843617 0.0098625501600518 -0.0079062111367302 0.0064628847668979 -0.0092398252530918 -0.13702711410676 -0.056644383251069 9.8129104175848 0.005353348679912 0.014277907882373 9.8140187695991 -0.00014137744838792 6.0801408568036e-05 0.00040392271428756 -0.0001355124221316 6.3725188913626e-05 0.00040552900865457 1.5516317217691 0.094752308678997 4 9 4 0 0
49.014234746818 8.4170173914048 112.95831298828 -0.007204 0.014315 2.1960033267949 -0.0042048049422962 0.0074330840270375 -0.0077596309904967 0.0035664075720312 -0.0096774270284939 -0.142023303507 -0.0712111389919 9.809020284998 -0.0013970964387861 -0.0011862490478905 9.8103065605126 -0.0011113847688689 -0.00039840864672205 0.00062928569798561 -0.0011022036185028 -0.00039391142211744 0.00064799644932665 1.5486565145312 0.094752308678997 4 9 4 0 0
49.014235038108 8.4170168887309 112.96444702148 -0.007146 0.014294 2.1963723267949 -0.0055328779508132 0.0070271811818431 -0.0086000110326957 0.0024563852572075 -0.0096289069013582 -0.14137739580904 -0.064249718931148 9.8091586755856 -0.0011390555475102 0.0057627652871633 9.8103861117433 -9.563893531834e-05 -5.9822140379445e-05 -0.0003597456035854 -0.0001007599250433 -6.2398890294694e-05 -0.00035789119953543 1.5470866168382 0.094047860156412 4 9 4 0 0
49.014233174129 8.4170200389442 112.93636322021 -0.007197 0.014493 2.1933173267949 -0.0029997875680524 0.011542758632932 -0.0091671146492139 0.0076287361588576 -0.0094904913029603 -0.14619684767008 -0.065116128181595 9.8066446649344 -0.0042788480342627 0.004983170710559 9.8079481668373 -0.00080985399141781 0.00035793469315316 0.00053776898814772 -0.00080204879627575 0.00036177893620899 0.00054684288470894 1.5530360588216 0.094752308678997 4 9 4 0 0
49.014232525754 8.4170213943864 112.92124938965 -0.00699 0.01426 2.1919953267949 0.00099774472040668 0.010964324358035 -0.005569699212963 0.0094968429628825 -0.009518600359439 -0.14526052728128 -0.067156219492126 9.8093262031801 -0.0056789169729618 0.0014638599049615 9.810629716734 0.0001365170240833 0.0005322091817958 0.00038014391104518 0.00014184433870772 0.00053482994884368 0.00037440034760486 1.5546076675483 0.094752308678997 4 9 4 0 0
49.014234111026 8.4170184083851 112.9535446167 -0.007142 0.01456 2.1949513267949 -0.0037880048722005 0.0088884436692537 -0.0082680367647012 0.0049992930051406 -0.0093632809081939 -0.1486924658538 -0.07041052295214 9.8063735224831 -0.0062224876950675 -0.00018750209323172 9.8077514530883 0.00036398274599201 0.00054368388357325 0.00099993015157701 0.00037843081344811 0.00055078937683153 0.00099063035298396 1.5508462206163 0.094047860156412 4 9 4 0 0
49.0142324253 8.4170216282065 112.91901397705 -0.007052 0.01417 2.1917003267949 0.001882647832976 0.010722609498316 -0.0047066923487569 0.0098165967483603 -0.0095160003065019 -0.13898145918492 -0.069992899184974 9.8095127858648 0.0004849424430154 -0.00082689311385677 9.8107472927279 3.2688145662869e-05 -0.0008433338845238 0.00010596105693851 3.4311510154637e-05 -0.00084257229303354 0.00011143548964698 1.5546076675483 0.094752308678997 4 9 4 0 0
49.014234933291 8.4170170695701 112.96221160889 -0.007104 0.014314 2.1962373267949 -0.0051401002216106 0.007076733313716 -0.0083101638656295 0.0027279924780473 -0.009533433580718 -0.14299078956352 -0.071863351952396 9.8104722540879 -0.0025292641260973 -0.0018612847704986 9.8117767621749 0.00059994661262924 -8.6993916335377e-05 0.0003678539414682 0.00060515338592562 -8.4348498323539e-05 0.00035985951237182 1.5470866168382 0.094047860156412 4 9 4 0 0
49.014232556983 8.4170213158268 112.92217254639 -0.006982 0.014209 2.1921523267949 0.00056704921353425 0.010923368705965 -0.0058969949852476 0.0092123063501023 -0.0096003611321355 -0.14387004036394 -0.066101143962957 9.8071554675762 -0.0043693331235889 0.0023091055602378 9.8084320972082 -6.8794286845197e-05 -0.000288373744495 0.001387334771393 -4.9049751639449e-05 -0.00027868838312497 0.0013901515985909 1.5546076675483 0.094752308678997 4 9 4 0 0
49.014234645533 8.4170175602086 112.95671081543 -0.007128 0.014361 2.1958823267949 -0.0041873195098851 0.007667095299836 -0.0078820035456732 0.0037672276365493 -0.0095683039318537 -0.14070033076292 -0.06867447308068 9.8109883526884 -1.7719975402771e-05 0.0012933462050762 9.812237773628 0.00010388696225142 0.0003612781748053 0.00026736014518486 0.00010768630840443 0.00036322668996565 0.00026327613862001 1.5486565145312 0.094752308678997 4 9 4 0 0
49.014233524052 8.4170194114485 112.94496917725 -0.007252 0.014496 2.1940183267949 -0.0025991835997237 0.010911359689143 -0.0084786760241866 0.0073434044551886 -0.009362831899381 -0.14441058698836 -0.072011268925352 9.8121265592699 -0.0019233631913465 -0.00083133667715475 9.8134532564081 8.4530196035461e-05 -0.00046751196065041 0.00071176310643839 9.4909342703867e-05 -0.00046232547108573 0.00071383929842448 1.5516317217691 0.094752308678997 4 9 4 0 0
49.014232302942 8.4170219286482 112.91613769531 -0.007135 0.014283 2.1914133267949 0.0028731942247057 0.010878116403092 -0.0039888635877619 0.010520338806825 -0.0094678050125479 -0.14264727437906 -0.068766982740574 9.8030175964853 -0.0030783385941871 0.00078887665721238 9.8042958567952 -0.00062335328718572 0.00080798888070138 -0.00061565620272771 -0.0006321356928078 0.0008035903639308 -0.00061242880729481 1.5560118894147 0.094752308678997 4 9 4 0 0
49.014234905465 8.4170171191315 112.96141052246 -0.007156 0.01434 2.1962283267949 -0.0051137999570528 0.0070793180962469 -0.0082902793949799 0.0027457042168123 -0.0096113984117668 -0.1446501377529 -0.069798827681725 9.8111797935261 -0.0039725914671922 0.00029860651728243 9.8124935586502 -0.00015924973461758 9.7979669470118e-06 0.00063914415537821 -0.00015009461254471 1.4385295423422e-05 0.00064128884295048 1.5470866168382 0.094047860156412 4 9 4 0 0
49.014232575566 8.4170212696225 112.92259979248 -0.007012 0.014286 2.1921943267949 -7.0524500518002e-05 0.010719477669995 -0.0062974181088505 0.0086749239006317 -0.0089715086560382 -0.14441956529732 -0.069006496640637 9.8093828090213 -0.0047613717802817 -0.00058214540306534 9.8106873366607 -0.00060016231141703 0.00085358925791987 0.00086701278243636 -0.00058783518357817 0.00085963117404344 0.00086946181662469 1.5546076675483 0.094752308678997 4 9 4 0 0
49.014234224835 8.4170182288152 112.95374298096 -0.007138 0.014573 2.1950293267949 -0.0028456904402945 0.0077048733790919 -0.0068124117394159 0.0045884759012358 -0.0093635291134235 -0.13659270917002 -0.075233058278356 9.8110493636998 0.0062547638713801 -0.004897831649187 9.8122853398629 0.00059363892507598 0.0002198172602151 -0.00032730753888007 0.00058878520341112 0.00021746616417587 -0.00033749038367582 1.5508462206163 0.094047860156412 4 9 4 0 0
49.01423374772 8.4170190102049 112.9506072998 -0.007148 0.014492 2.1943693267949 -0.00274642866967 0.0090046852948183 -0.0074875373837604 0.0057064788831999 -0.0094402995947085 -0.13756672304581 -0.065802080880288 9.8101463148057 0.0048479206552647 0.0047064071284876 9.8113291090648 0.00073672685564614 -0.00045778867094692 0.00045742217654955 0.00074336069980367 -0.00045448862223489 0.00044995402979276 1.5516317217691 0.094752308678997 4 9 4 0 0
49.014233262829 8.4170198804093 112.93848419189 -0.007174 0.014451 2.1935313267949 -0.0020419940010666 0.011310735125841 -0.0082553266969513 0.0079970296122647 -0.0094271274116186 -0.13038465111225 -0.066996264917586 9.8089269923001 0.011569926981756 0.00359325603952 9.8100148541936 0.00043806067477415 -0.00038661656894567 0.00079799590166705 0.00044961889614217 -0.00038087286201409 0.00079434753297149 1.5530360588216 0.094752308678997 4 9 4 0 0
49.01423206988 8.4170225486841 112.91082763672 -0.007165 0.014389 2.1908083267949 0.0062108831629316 0.011937109067379 -0.0018811176336144 0.013324071545634 -0.010136419818176 -0.14033792261191 -0.070875189032995 9.8022775691322 0.00089965357754637 -0.00063108555888516 9.803538335706 8.731593933422e-05 -0.00034734253076416 -0.00021979347466526 8.4188199007333e-05 -0.00034891777638076 -0.00021854034669074 1.5567979958877 0.094752308678997 4 9 4 0 0
49.014234583199 8.4170176632258 112.95571899414 -0.007165 0.014405 2.1957443267949 -0.0044227592792001 0.0080951796759877 -0.0083229472151365 0.0039776081270866 -0.0094674817955565 -0.14331679807689 -0.075221652542282 9.8020088921897 -0.0025633954680111 -0.0051568256853615 9.803343637067 -0.00024839231263111 0.00078274681144609 6.1945188531542e-05 -0.00024756328384265 0.00078315037021875 5.9918463078225e-05 1.5486565145312 0.094752308678997 4 9 4 0 0
49.014232676652 8.4170210391992 112.92520904541 -0.007045 0.014411 2.1922683267949 0.00040803682871721 0.010781279705294 -0.0059454249664085 0.0090030324108933 -0.0080131433101237 -0.14182458585528 -0.075299207868547 9.8008804962799 -0.00067691655584278 -0.005931377844255 9.8021938653206 0.00063076419583554 0.00016165452454705 -7.0526638675229e-05 0.00062963825718902 0.00016116311340776 -8.078992246702e-05 1.5546076675483 0.094752308678997 4 9 4 0 0
49.014233709105 8.417019082625 112.94948577881 -0.007196 0.014498 2.1942513267949 -0.0027194219095918 0.0097708534277822 -0.0079124518548832 0.0063449122426062 -0.0094954939365729 -0.14446647046607 -0.069342813141607 9.8079850865855 -0.0021692507512132 0.0013019955023783 9.8092938604389 0.00017466375283873 -0.00019604826958109 -7.9613065702575e-05 0.00017351424557918 -0.0001966211533516 -8.0726344801506e-05 1.5516317217691 0.094752308678997 4 9 4 0 0
49.014232376455 8.4170217519775 112.91783905029 -0.007043 0.014199 2.1916103267949 0.0023965091104775 0.010891082106923 -0.0043855069587097 0.010253106285466 -0.009324269568744 -0.14038668113685 -0.068052645954755 9.8140053174495 -0.00079193663904272 0.0013254294172807 9.8152451509538 0.00051403211251428 -0.00045956615994514 0.00056678700800048 0.00052207954191589 -0.00045557184573379 0.00056265424412768 1.5560118894147 0.094752308678997 4 9 4 0 0
49.014233348 8.4170197267399 112.94055938721 -0.007254 0.014487 2.1937063267949 -0.00092380981230395 0.0094496039988807 -0.0062629427001508 0.0071361248214429 -0.0092271193684716 -0.13830947116156 -0.080015911173754 9.8078460795925 0.0036115404947686 -0.0088472438204409 9.8091431941236 8.8176563377817e-05 0.00027644662562411 0.00043122276279301 9.4385486284803e-05 0.00027949674485213 0.00042788484641281 1.5530360588216 0.094752308678997 4 9 4 0 0
49.014232280273 8.4170219852112 112.91571044922 -0.007089 0.014229 2.1915013267949 0.0035550259463945 0.011044241884646 -0.0035305967799457 0.011052067678134 -0.009364595531736 -0.14182561970468 -0.068242049044064 9.8077126757108 -0.0022199312302309 0.0014123005740994 9.8089752054913 0.00027168680350186 -0.00010511504251673 0.0012599727771371 0.00028961122830056 -9.6168400255106e-05 0.0012566986487697 1.5560118894147 0.094752308678997 4 9 4 0 0
49.014233975261 8.4170186293139 112.9528503418 -0.007193 0.014572 2.1947283267949 -0.0029695357883896 0.0086864203401757 -0.0074846226164959 0.0053153202093736 -0.0094785837178299 -0.14131199345821 -0.074107831506541 9.8033711430008 0.0011329124278882 -0.0037004911527347 9.8046688877928 -0.00017022409652057 0.00071343659910433 0.00092441130535737 -0.00015684069568746 0.00072004879134403 0.00092164909624416 1.5508462206163 0.094047860156412 4 9 4 0 0
49.014232170029 8.4170222780278 112.91307830811 -0.007161 0.01425 2.1912223267949 0.0046709875130872 0.011617290873337 -0.0029522166544646 0.012168137496682 -0.0099186229652611 -0.14119153324612 -0.069821448526277 9.8099218124942 -0.0012626093641877 0.00036929424957077 9.8111860125489 -6.7093580738478e-05 -0.00027166908299136 0.0017874461623585 -4.157063442804e-05 -0.00025887662414893 0.0017901078394077 1.5560118894147 0.094752308678997 4 9 4 0 0
49.014233228699 8.4170199397284 112.9377746582 -0.007172 0.014451 2.1934123267949 -0.0027839243924254 0.011743161811149 -0.0091094896109521 0.0079164059433013 -0.0093449487123148 -0.14121834676896 -0.078051890088987 9.8104611179464 0.00078799897729235 -0.0074528054139008 9.8117851042713 0.00048206331828668 -0.00043840720383984 0.00024818863590766 0.00048568949947961 -0.00043665837449581 0.00024430511252778 1.5530360588216 0.094752308678997 4 9 4 0 0
49.014234681502 8.4170175009592 112.95725250244 -0.007114 0.014347 2.1959773267949 -0.0042158977759173 0.0074671423828165 -0.0077883868996367 0.0035878907278656 -0.0095329177676561 -0.14217611538598 -0.067878302735447 9.8089234113811 -0.0014800457797436 0.001930166118524 9.8101882074654 8.9285970390897e-05 3.3576978599361e-05 0.00091687460663869 0.00010243687840131 4.0103964189715e-05 0.00091522675761869 1.5486565145312 0.094752308678997 4 9 4 0 0
49.014233917736 8.4170187239263 112.95259857178 -0.007162 0.014492 2.1945703267949 -0.0031177240291078 0.0085031223560841 -0.0074973157178811 0.0050806913117328 -0.0095030554638271 -0.14646382951135 -0.068714236549049 9.8077140790046 -0.0040938900086546 0.0014972627133885 9.8090472642099 -9.6706376837329e-06 -0.00044281753913043 -0.00018658884330259 -1.2326233402507e-05 -0.00044414394226047 -0.00018324239397913 1.5508462206163 0.094047860156412 4 9 4 0 0
49.014234842213 8.4170172282797 112.96012115479 -0.00718 0.014332 2.1961953267949 -0.004875292413654 0.0073695377187951 -0.0082665049707426 0.0031214695953557 -0.009644415782033 -0.14434186110064 -0.078497537868479 9.8086349414818 -0.003888193176973 -0.0081145746043554 9.8100070099207 -6.0980260600669e-05 0.00020192909604486 0.0018301266314243 -3.4807823343323e-05 0.00021506612522979 0.0018292833745748 1.5486565145312 0.094752308678997 4 9 4 0 0
49.014234722085 8.4170174327962 112.95797729492 -0.007119 0.014356 2.1959453267949 -0.0042680292921022 0.0072894172282222 -0.0077267282125141 0.0034131116652409 -0.0096899260024426 -0.1456012556836 -0.072459420130191 9.8041732154045 -0.0050324732690288 -0.0025644387212134 9.8055204998991 0.00022721340424219 0.00031265383215349 1.644808243012e-05 0.00022740350579683 0.000312780720664 1.0969244865048e-05 1.5486565145312 0.094752308678997 4 9 4 0 0
49.014232646904 8.417021104661 112.92449188232 -0.007089 0.014396 2.1922343267949 -7.5434272546214e-05 0.010732535217738 -0.0063094728031913 0.0086823726599695 -0.0077293253144222 -0.14095693992253 -0.072684721366955 9.8118910641026 -0.00029427332754409 -0.0031645737610298 9.8131721798593 -1.2833243925193e-05 0.0010421078029814 0.00056286688769568 -4.8739653946291e-06 0.001046096166237 0.00055555311656157 1.5546076675483 0.094752308678997 4 9 4 0 0
49.014233487031 8.4170194804601 112.94385528564 -0.007291 0.014464 2.1939623267949 -0.0025803971165925 0.010042428545971 -0.007955646797634 0.006649512363994 -0.0094236083632986 -0.15734330959641 -0.077261598173129 9.8113282213677 -0.014981194212705 -0.0059952211685203 9.812880977653 -0.00046048847019497 -0.00083554218604776 0.0014324796990722 -0.00043954750288493 -0.00082512126699989 0.0014450919873242 1.5516317217691 0.094752308678997 4 9 4 0 0
49.014233939686 8.4170186861203 112.95273590088 -0.007153 0.014542 2.1946643267949 -0.0032680778027078 0.0085114294964149 -0.0076243219756508 0.0049994533248329 -0.0093670930791344 -0.14066707977359 -0.074369783405943 9.8078010302848 0.0017093808404311 -0.0040759510063084 9.8090905005117 0.00027433668910074 0.00042925074548752 0.0011556557403637 0.00029101594682935 0.00043755681003077 0.0011484553229693 1.5508462206163 0.094047860156412 4 9 4 0 0
49.014235061338 8.4170168482226 112.96487426758 -0.007192 0.014287 2.1965713267949 -0.0055843159161259 0.0070936106465549 -0.0086808111084158 0.0024794029094176 -0.0097090205493099 -0.14571744448495 -0.072439606149763 9.8063779276402 -0.005518501281946 -0.0022583036233749 9.8077260235555 -0.00060742607472718 -0.00019496584165888 0.0017481672536445 -0.00058239477076125 -0.0001824728321489 0.0017580256459774 1.5470866168382 0.094047860156412 4 9 4 0 0
49.014232236347 8.4170221055036 112.91466522217 -0.007125 0.014217 2.1913133267949 0.0039054221248675 0.011259889858004 -0.0033693333050735 0.011431747695231 -0.009500010717334 -0.13831152285719 -0.071306797084784 9.8077893250102 0.0012324734827161 -0.0013458567104025 9.8090235209101 0.00020227407254247 -0.00019475110690561 0.00036550803452892 0.00020748146256018 -0.00019212128268864 0.00036397696336973 1.5560118894147 0.094752308678997 4 9 4 0 0
49.014232729713 8.4170209191261 112.9263458252 -0.007102 0.014411 2.1923693267949 8.1902381217775e-05 0.010519487249213 -0.0060593050564403 0.0085994803317509 -0.0094358706057805 -0.14799613080667 -0.066610629708477 9.8096300964284 -0.0063137231745117 0.0025628217237817 9.810969938334 -0.0008232563243829 -0.00057004578033559 -0.00059803248656498 -0.00083172200636955 -0.00057428621060761 -0.00058206795642543 1.5544404137824 0.094752308678997 4 9 4 0 0
49.014232894291 8.4170205544613 112.92987060547 -0.007105 0.014447 2.1929103267949 0.0003508558698824 0.010102343050688 -0.0056020265620832 0.0084141553446428 -0.0093326167267553 -0.13809069446476 -0.074394640901232 9.8116353820599 0.0037694131052565 -0.0048270268421146 9.8128872826161 -0.00020542045528906 -0.0002157502975511 6.1170789451703e-06 -0.00020530297096721 -0.00021567852426358 1.0634998947788e-05 1.5544404137824 0.094752308678997 4 9 4 0 0
49.014234547816 8.417017721518 112.95516967773 -0.007152 0.014342 2.1957343267949 -0.004429963905193 0.0076365141975391 -0.0080602221334044 0.0036018869717597 -0.0095801906741474 -0.14744096104181 -0.070669681142956 9.8168917107329 -0.00636981836882 -0.00082477411785053 9.8182513030114 -0.00062844466591132 -0.00051312375668035 0.00088392244434219 -0.00061558567621569 -0.00050679345060745 0.00089651443144199 1.5500609665429 0.094752308678997 4 9 4 0 0
49.014234055892 8.4170184996383 112.95320129395 -0.007155 0.014507 2.1947843267949 -0.0034398551236697 0.008304940497118 -0.0076440185832097 0.0047300668371332 -0.0094044914372562 -0.15218820429197 -0.071362639889927 9.8096465878758 -0.0096753846060143 -0.00085479930583966 9.8110815654069 0.00061596220361949 -0.00037964609052788 -9.8240670645036e-05 0.00061452481240571 -0.0003803312352199 -0.00010442928547846 1.5508462206163 0.094047860156412 4 9 4 0 0
49.014232258083 8.4170220518348 112.91496276855 -0.007072 0.014234 2.1913113267949 0.0036597212655118 0.011244008631218 -0.0035605153003416 0.011275812801735 -0.0094790535530306 -0.14271628419245 -0.069395857059459 9.8079596735013 -0.0031778287103882 0.00046789477240345 9.8092429507336 0.00096751104980292 0.00012293693247143 -0.00033407034195932 0.00096265026859943 0.00012056526721246 -0.00034867092238007 1.5560118894147 0.094752308678997 4 9 4 0 0
49.014233042433 8.417020277624 112.93335723877 -0.007201 0.014435 2.1931243267949 -0.0001424040921004 0.010197967745506 -0.006060214425855 0.0082031873509547 -0.0092196989884397 -0.15409245134536 -0.075409920510814 9.806475202829 -0.01249598990789 -0.005268238391529 9.8079664093966 -0.00080998150333966 -8.0967766415682e-05 0.0001487018190461 -0.00080775215385345 -7.993607720141e-05 0.0001609359315038 1.5530360588216 0.094752308678997 4 9 4 0 0
49.014232496611 8.4170214590526 112.92079162598 -0.00703 0.014219 2.1919173267949 0.0015717027277412 0.010931879748847 -0.0050831245854347 0.00980499614956 -0.0097209619277291 -0.1401402566388 -0.065884936965437 9.8085781373287 -0.00062071474515249 0.0029362463516763 9.80979990479 -0.0001788837250077 -0.00011517727433506 0.00058875454130123 -0.00017048000462135 -0.00011104983212825 0.00059204422389956 1.5546076675483 0.094752308678997 4 9 4 0 0
49.014233071042 8.4170202262997 112.93385314941 -0.007125 0.014433 2.1932153267949 -0.0012260393939511 0.011105898062591 -0.0074705399827661 0.0083087096143952 -0.0090942002280567 -0.15774504678694 -0.070488415906815 9.8087194266529 -0.016006582095279 -0.00035299907862264 9.8102277321254 0.0004822023517433 -0.00032211914771037 0.00062072712561763 0.00049112936904613 -0.00031768549776265 0.00061596838070427 1.5530360588216 0.094752308678997 4 9 4 0 0
49.014232148154 8.4170223331632 112.91271972656 -0.007142 0.014283 2.1910123267949 0.0050558957403652 0.011689340458056 -0.0026791324477888 0.012450896391295 -0.010023585913469 -0.14371411769401 -0.069585028910451 9.809166045219 -0.0035132377440908 0.00056079592206836 9.8104649166205 0.00021821370507963 -0.00018141853897495 0.00060666803978354 0.00022688183398716 -0.00017709589466667 0.00060478797900864 1.5560118894147 0.094752308678997 4 9 4 0 0
49.014234516386 8.4170177730459 112.95484161377 -0.007082 0.014387 2.1956223267949 -0.003993569852718 0.0077954550440161 -0.0077990578041359 0.0039864875011635 -0.010335613153875 -0.14216354039224 -0.064752416231147 9.8112743439821 -0.00099228432375761 0.004731790130255 9.8125167345699 5.1845933564027e-05 -5.3805579094571e-05 -0.00021682953850555 4.8760458383024e-05 -5.5333458456959e-05 -0.00021715599492835 1.5500609665429 0.094752308678997 4 9 4 0 0
49.014232994551 8.417020368992 112.93212127686 -0.007138 0.014443 2.1930423267949 0.00031812278389732 0.0097045250245642 -0.0053976793811257 0.0080711784898061 -0.0091939540303371 -0.1438109666369 -0.068864997291217 9.8033118392089 -0.0021533541175961 0.00089069671932898 9.8046081792212 -0.000343280248225 -0.00014092095846214 0.0002707133054183 -0.00033928319586281 -0.00013902688110177 0.00027663861960629 1.5544404137824 0.094752308678997 4 9 4 0 0
49.014232874398 8.4170205969474 112.9295501709 -0.007084 0.014431 2.1928743267949 -0.0001818516500688 0.010106120166676 -0.00603646270047 0.0081072791606166 -0.0093231255342387 -0.13990532934627 -0.071204154254025 9.8051879802414 0.0016769122299826 -0.0019983221299865 9.8064442837998 -0.00041263340110075 -0.00017178498844281 0.00073760370843474 -0.0004019912438292 -0.0001665485877433 0.00074470905061867 1.5544404137824 0.094752308678997 4 9 4 0 0
49.014233398629 8.417019639862 112.94169616699 -0.007276 0.014501 2.1937453267949 -0.00074153218621106 0.0094655257846209 -0.0061246163169661 0.007255012226908 -0.0092194717322428 -0.14305973170933 -0.072334569568936 9.8026138828941 -0.0010540750622757 -0.0011722353904058 9.8039245073592 -0.00024611332253466 0.00024768387279461 0.00010465439745685 -0.00024460784260697 0.00024841007638298 0.00010637923962421 1.5530360588216 0.094752308678997 4 9 4 0 0
49.014233292084 8.4170198272221 112.93912506104 -0.00724 0.014434 2.1936723267949 -0.0016397991949356 0.0098843361567615 -0.0070973873826884 0.0070722233378409 -0.0093970644730377 -0.13385202554691 -0.065691738621069 9.8062936184417 0.0080185375072253 0.0049856049843028 9.8074226114819 -0.00054400589074171 -0.00061868961330659 0.0016319252534027 -0.00052029388018079 -0.00060688769512975 0.0016440631777654 1.5530360588216 0.094752308678997 4 9 4 0 0
49.014234025426 8.4170185482393 112.95319366455 -0.007139 0.014462 2.1947233267949 -0.00315328040866 0.0084272265393138 -0.0074825554235281 0.0049972662696855 -0.0093734332013182 -0.14610243076219 -0.063803358445013 9.8135563499712 -0.003591620842056 0.0066206180291433 9.8148484213723 0.00070579762724585 -0.0010742362623463 -9.077762665448e-06 0.00070568594729767 -0.0010742794728889 -1.1635900753496e-05 1.5508462206163 0.094047860156412 4 9 4 0 0
49.014232782692 8.4170207995674 112.92768859863 -0.007031 0.014414 2.1925903267949 -0.00018197667299796 0.010652207212408 -0.0063520868332773 0.0085529814361399 -0.0092406081253578 -0.14470677781763 -0.071479387964868 9.8129477455876 -0.0030330265891377 -0.002387497472754 9.814274140879 0.00021767163939117 -0.00043449335195103 0.0011137480528813 0.00023381499223719 -0.00042666757137464 0.0011135442941696 1.5544404137824 0.094752308678997 4 9 4 0 0
49.014234882198 8.4170171595669 112.96110534668 -0.007142 0.01429 2.1961703267949 -0.0048971804206151 0.0073050812579937 -0.0082466630935186 0.0030559998165646 -0.0095634024201332 -0.14108953253336 -0.065307227035434 9.8052589969109 -0.00055943645257191 0.0048018437148223 9.8064904838682 0.00017821457115803 -0.00076903236981262 0.00051139205647916 0.00018557270811094 -0.00076532670534204 0.00051424663711348 1.5486565145312 0.094752308678997 4 9 4 0 0
49.014233848638 8.4170188410801 112.95178985596 -0.007194 0.014528 2.1944553267949 -0.0027747742041845 0.0087828841020857 -0.0073815386474258 0.0055092010770781 -0.0094009803125284 -0.14199954846383 -0.075081011829416 9.8090762255666 0.00062812219023368 -0.0045398783053219 9.8103901994824 1.6713671482893e-06 -0.00023137620663459 0.00034060862279239 6.6349477974224e-06 -0.00022892220465345 0.00034220460563701 1.5516317217691 0.094752308678997 4 9 4 0 0
49.014234194084 8.4170182764689 112.95375061035 -0.00715 0.014516 2.1950403267949 -0.0036036613725898 0.0077484457737377 -0.0074527929486285 0.0041809902164998 -0.0094452526849164 -0.14180650351997 -0.07462196196387 9.8072304828358 0.00066352577386284 -0.004459409425397 9.808538324282 0.00010694615508711 -0.00022083979442486 0.00024233096594937 0.00011045400547513 -0.0002191055138807 0.0002423084463113 1.5508462206163 0.094047860156412 4 9 4 0 0
49.014233674794 8.4170191428422 112.94872283936 -0.007244 0.014512 2.1942653267949 -0.002519206474095 0.009608631732918 -0.0076548146674347 0.0063305686873468 -0.0093757065032146 -0.14837713630801 -0.081333651169231 9.8075993978933 -0.0060798105042804 -0.010215561469436 9.8090517809364 0.00016824568918198 3.4517939300526e-05 0.001170439680341 0.0001851647626489 4.3017582998999e-05 0.0011675734358076 1.5516317217691 0.094752308678997 4 9 4 0 0
49.014232851899 8.4170206470164 112.92911529541 -0.007033 0.014379 2.1927753267949 -0.0003284995061938 0.010585011035748 -0.0064337353936092 0.0084117433490996 -0.0093703158410816 -0.13573564295593 -0.066732468338264 9.810292638643 0.0057322571646509 0.0023839235749062 9.8114566106993 0.00026072080403918 -0.00074831023196729 0.00091460216817903 0.00027391823566231 -0.00074181883431895 0.00091601006835861 1.5544404137824 0.094752308678997 4 9 4 0 0
49.014232400404 8.4170216956262 112.9182434082 -0.007079 0.01423 2.1916303267949 0.0020964419863976 0.010671066218709 -0.0045020822588612 0.0098993865507556 -0.0095849693696552 -0.14661176557763 -0.06780805004961 9.8024079557746 -0.0070901674980853 0.0013948109972124 9.8037361263273 -0.00028301632383551 -6.9516602632939e-05 0.00016419887505599 -0.00028066075817042 -6.837764106488e-05 0.00016869484187192 1.5546076675483 0.094752308678997 4 9 4 0 0
49.014232951162 8.4170204475332 112.93123626709 -0.007044 0.014453 2.1929653267949 0.00055865718516665 0.0099811426280773 -0.0053627982029301 0.0084365724977012 -0.0091005663141967 -0.14028153737113 -0.069937242804602 9.8063105675304 0.0013504128884848 -0.00045137519846664 9.8075630530494 0.00078648675134618 0.00016261400896185 0.00023712853630329 0.00078986035596462 0.00016430511711954 0.00022458561811329 1.5544404137824 0.094752308678997 4 9 4 0 0
49.014232449473 8.4170215709827 112.91952514648 -0.007006 0.014239 2.1917933267949 0.0017740241883906 0.01095085138229 -0.0049286506484125 0.009938640463531 -0.0095816038856238 -0.14198446646561 -0.076793902282691 9.805582934956 -0.0023606272199414 -0.0078694070958532 9.8069081898873 0.0004676810375725 -1.7734719497548e-05 0.00027637628088106 0.00047159631928229 -1.5761947456632e-05 0.00026980260800309 1.5546076675483 0.094752308678997 4 9 4 0 0
49.014232612367 8.4170211813652 112.92364501953 -0.00711 0.014321 2.1922293267949 -0.00032215864025346 0.010784908961366 -0.0065401663961452 0.0085816216658934 -0.0084521305545797 -0.14296312212729 -0.073634444619134 9.8150112620878 -0.0027870695951619 -0.004670967355453 9.8163271436607 -0.0014400181015007 0.00068015561172893 0.0012548185600412 -0.0014219501449087 0.00068904094499008 0.0012704808188311 1.5546076675483 0.094752308678997 4 9 4 0 0
49.014233454281 8.4170195388326 112.94320678711 -0.00727 0.014527 2.1938163267949 -0.0014165319455592 0.0092502244023201 -0.0065476256011633 0.0066859164657953 -0.0093125263207639 -0.15145606418081 -0.064442586682289 9.804785562199 -0.0092418775400129 0.0066756786900339 9.8061605552792 -0.00024321910792658 0.00038158344454324 0.00021274366447519 -0.00024015488239234 0.000383111186729 0.00021347791354083 1.5530360588216 0.094752308678997 4 9 4 0 0
49.014234090502 8.4170184416487 112.9535446167 -0.007143 0.014531 2.1948853267949 -0.0036146213143856 0.0086451850254804 -0.0079849326961084 0.0049036270040369 -0.009420342610784 -0.15080435350077 -0.075182322064758 9.8081573866506 -0.0082204553656727 -0.0047918465638727 9.8095999438089 0.00063504781805985 -0.00012927798265701 0.00070098099262138 0.00064517517748679 -0.00012425090638324 0.00069257561976325 1.5508462206163 0.094047860156412 4 9 4 0 0
49.01423361889 8.4170192434613 112.94719696045 -0.007279 0.014482 2.1941923267949 -0.0027721133720771 0.0087973935828506 -0.0073863170423033 0.0055245699660183 -0.0094906481933251 -0.14510231066532 -0.068813849736139 9.8026626628415 -0.0029337923185859 0.0022555030446696 9.8039775544387 -0.00046901755741739 -0.0003863793075926 0.00052963155387424 -0.00046127422008899 -0.00038253554617579 0.0005391373618999 1.5516317217691 0.094752308678997 4 9 4 0 0
