49.014242252267 8.4169908753206 111.71956634521 -0.005678 0.014888 2.0554813267949 0.028613987409846 -0.0065863655051765 0.028387832639327 0.0075014923705104 -0.015120500476768 -0.14042951128975 -0.05576518647694 9.8052805065052 0.0055753992640709 -0.00010760348608536 9.8064430270436 2.2962808803939e-05 -3.3426925720302e-05 0.00079290271748656 3.4779208242165e-05 -2.8934280216157e-05 0.00079264446645036 0.40151961346863 0.04101219330882 4 5 4 4 0
49.014242449178 8.416991150807 111.68537902832 -0.005591 0.014733 2.0542383267949 0.02678539730478 -0.0035963754044271 0.025386633992449 0.0092689534971112 -0.016116060903344 -0.14221714306508 -0.056465868330907 9.808336988895 0.0022814372558105 -0.001700547072136 9.8095303526167 -0.0001444580580319 5.2953119372791e-05 0.00069144247154875 -0.00013424167722984 5.6820532983494e-05 0.00069320494165226 0.40151961346863 0.04101219330882 4 5 4 4 0
49.014242217616 8.4169908724262 111.72297668457 -0.005655 0.014913 2.0552733267949 0.028505951379813 -0.0063237748383695 0.028171749476797 0.0076767347420155 -0.014979758738688 -0.14208770581648 -0.06286047680416 9.8080800836136 0.0040087941712467 -0.0070991846255385 9.8093074473612 0.00062994408761943 0.00035852829096389 0.00030909712512347 0.00063445219295325 0.00036032347722557 0.00029763732240651 0.40151961346863 0.04101219330882 4 5 4 4 0
49.01424233361 8.4169909045477 111.71313476562 -0.005629 0.014857 2.0557113267949 0.029460813143206 -0.006506003754111 0.029097653795824 0.0079746064220487 -0.015100154108651 -0.14072631906491 -0.054493453412622 9.806570730899 0.0053236897419057 0.00070023247518968 9.8077302578437 3.7742531461761e-05 -0.00055398246100211 0.0011095523279246 5.4299801682342e-05 -0.00054770967638891 0.0011119600845414 0.40151961346863 0.04101219330882 4 5 4 4 0
49.014242444742 8.4169911825659 111.68970489502 -0.005578 0.014662 2.0545943267949 0.026622287617241 -0.0029287825624544 0.024930721029455 0.0097868782448444 -0.016183109735195 -0.14096821241994 -0.053636709652709 9.8063779116707 0.0032501953114147 0.00079607262245853 9.8075371253903 -0.00039692777963895 -0.00068358526598983 0.00065036310911287 -0.00038722306449799 -0.00068000561778578 0.00065989191509384 0.40151961346863 0.04101219330882 4 5 4 4 0
49.014242455925 8.416990870029 111.69428253174 -0.005655 0.014902 2.0566463267949 0.030251190884475 -0.007964385442684 0.030469744333132 0.0070824500601308 -0.01559581601004 -0.14017800040431 -0.055472392028372 9.802884983213 0.0055916323271119 1.5561064572e-05 9.8040425878645 0.00012091258821125 0.00059522247836926 0.00057904701846596 0.00012948807476211 0.00059850038833727 0.00057379031612949 0.40151961346863 0.04101219330882 4 5 4 4 0
49.0142424758 8.4169912718106 111.71029663086 -0.005502 0.014709 2.0555733267949 0.026474832864153 -0.00080705413347349 0.023800861975954 0.011622677489244 -0.015258695788181 -0.14559863046578 -0.054451067645988 9.811029637875 -0.001174590556439 -0.00039053748279946 9.8122608231758 0.00015658998103437 -0.00017136489236807 0.00068948566903601 0.00016676410448363 -0.00016755681942507 0.00068803073476176 0.40151961346863 0.04101219330882 4 5 4 4 0
49.014242464666 8.4169913044016 111.71394348145 -0.00551 0.014723 2.0554213267949 0.026402147572392 -0.00051577629136764 0.023601138535861 0.011845924332379 -0.015070120032089 -0.14116248362606 -0.05414574672774 9.8097303995464 0.0033414379366484 -8.678236347461e-05 9.8108946769446 1.2414600497351e-05 -1.729544465694e-06 0.00053762620407829 2.0341650986874e-05 1.2381311805468e-06 0.00053738816008911 0.40151961346863 0.04101219330882 4 5 4 4 0
49.014242451169 8.4169909755968 111.68239593506 -0.005627 0.01474 2.0557583267949 0.028632961941505 -0.0065396590561729 0.028379022494512 0.0075660484221651 -0.016377499248432 -0.14386003137045 -0.05935160595291 9.8122630280932 0.0011174093015815 -0.0040891302266559 9.81349588852 0.00014342990812471 -0.00036909906607709 0.00099354343698246 0.00015810460043581 -0.00036350247628182 0.00099336796852627 0.40151961346863 0.04101219330882 4 5 4 4 0
49.014242506411 8.4169909177575 111.68283843994 -0.005632 0.014828 2.0563063267949 0.030357324706454 -0.0073541433143254 0.030281007476317 0.0076623441027574 -0.016329979481644 -0.13543127919278 -0.053605211590734 9.8101601647436 0.010168169424754 0.0017541054232968 9.8112359685223 0.00018487935161956 -0.00016758125008285 0.0018764989445089 0.00021272094781581 -0.00015699581796475 0.0018744687601117 0.40151961346863 0.04101219330882 4 5 4 4 0
49.014242439631 8.4169909976199 111.68260955811 -0.00563 0.014742 2.0555183267949 0.027945397724895 -0.0062305035196993 0.027628613971811 0.0075116583210488 -0.016223126403812 -0.13692577011408 -0.055099876423978 9.8066853564324 0.0078305783549322 -7.348166860855e-05 9.8077929420805 -0.0002852767507721 -0.00018738369515741 0.00064476273558234 -0.00027573069641469 -0.00018376158786564 0.00064992459540196 0.40151961346863 0.04101219330882 4 5 4 4 0
49.014242428487 8.4169908691613 111.70046234131 -0.005651 0.014859 2.0566063267949 0.029926781364249 -0.0077020819805234 0.030060967943145 0.0071605489153818 -0.015170032134528 -0.13691516215509 -0.059154771001662 9.8065644263199 0.0087592658902537 -0.0038170459213523 9.8076939700932 -8.539769102892e-05 0.00010075898906814 0.00028228689152913 -8.1226990736577e-05 0.00010234966035242 0.00028292370663953 0.40151961346863 0.04101219330882 4 5 4 4 0
49.014242420738 8.4169910328384 111.6842880249 -0.005631 0.014775 2.0551823267949 0.027397215248557 -0.0056597736890581 0.026879677433494 0.0077540721950545 -0.016259429852171 -0.14572907541997 -0.058815065165501 9.8078192252045 -0.00085810549709464 -0.0037180317080459 9.8090773981581 -0.00022651351219969 0.00027504933542834 0.00093588575829615 -0.00021268298886891 0.00028031084479984 0.00093756136745604 0.40151961346863 0.04101219330882 4 5 4 4 0
49.014242480708 8.4169913189676 111.71691131592 -0.005537 0.014759 2.0555433267949 0.026813458587879 0.00023609370010351 0.023614506869595 0.012703232696978 -0.015164800523222 -0.14011558699156 -0.057818674910719 9.8070489568022 0.0043260472688092 -0.0037347368792312 9.8082190009076 -0.00037324889624151 0.00057076321396971 0.0003476004272623 -0.00036814619817055 0.00057267154435725 0.00034991128164979 0.40151961346863 0.04101219330882 4 5 4 4 0
49.01424218804 8.4169908702632 111.72602844238 -0.005697 0.014842 2.0549903267949 0.028111047758813 -0.0061836326225885 0.027759071094089 0.0076094296363626 -0.01492699728299 -0.13465159129032 -0.054490832581405 9.8059378996379 0.011304633433229 0.0014197690355322 9.807007440556 0.00018464526974005 -0.00070312658644747 -4.6844092344189e-05 0.00018400340322967 -0.00070336403922021 -4.5565517724921e-05 0.40151961346863 0.04101219330882 4 5 4 4 0
49.014242434603 8.4169911225221 111.68579864502 -0.00559 0.014754 2.0544553267949 0.026680665720032 -0.0042435410529587 0.025592392216394 0.0086543790998563 -0.01605579764553 -0.13486156926975 -0.058545266104853 9.8061884371624 0.0095894672717595 -0.0036780141564433 9.8072853717968 3.6640456078742e-05 0.00047578934327494 0.0010130066955968 5.1561097310334e-05 0.00048145985252101 0.0010097037047663 0.40151961346863 0.04101219330882 4 5 4 4 0
49.014242476061 8.4169908780718 111.69022369385 -0.005655 0.014877 2.0565423267949 0.03035353936102 -0.0077854343683126 0.030476834633563 0.0072878863642177 -0.015894330333847 -0.14291526020459 -0.059041055850124 9.8102388904865 0.0028979512764639 -0.0036250380416287 9.8114566274671 -7.4933203517161e-05 0.00031170436385356 -5.5370300346725e-05 -7.5736676162211e-05 0.00031139212340308 -5.6030705486589e-05 0.40151961346863 0.04101219330882 4 5 4 4 0
49.014242496572 8.4169913123304 111.71464538574 -0.005488 0.01472 2.0558833267949 0.027083814239354 0.00051103867966575 0.023722676533112 0.013077780605338 -0.015628065161095 -0.14038797175893 -0.060901575022352 9.8095486335631 0.0040740231684052 -0.0069029979994388 9.8107385821087 0.00035402225870847 -0.00011387103652337 0.00098515903633186 0.00036848273718596 -0.00010849545531328 0.00098039575848776 0.40151961346863 0.04101219330882 4 5 4 4 0
49.014242400231 8.4169908787243 111.70606231689 -0.00567 0.014837 2.0564263267949 0.029627942282347 -0.0073940538233544 0.029654677159848 0.0072861978452776 -0.01502628117308 -0.14138719416316 -0.053437587931663 9.8053352159241 0.0042976937920815 0.0019546615169664 9.8064989275386 -0.00028292345221173 -0.00032280087479342 0.00073191604434741 -0.00027198018788851 -0.00031866453881079 0.00073782960540233 0.40151961346863 0.04101219330882 4 5 4 4 0
49.014242314366 8.4169908963669 111.71450805664 -0.005633 0.014884 2.0556093267949 0.029079314362655 -0.0063530482190758 0.028689396794273 0.0079300686088222 -0.015157424581145 -0.13503509401928 -0.061338086443447 9.8082471873064 0.010858467958353 -0.0059414602766687 9.809360570935 0.00030213889571738 0.0002167872268723 0.00092708739907031 0.00031588564527798 0.00022206477183789 0.00092126407809363 0.40151961346863 0.04101219330882 4 5 4 4 0
49.014242476479 8.4169913122782 111.71556091309 -0.005489 0.014734 2.0554883267949 0.026421075750707 1.3645141441052e-05 0.02337193591113 0.012321781363627 -0.015080320665026 -0.13472968092228 -0.056877854297484 9.8062748458637 0.009792444823623 -0.0028356033074168 9.8073602281395 0.00040218629115265 -5.2966947567966e-05 0.00086682978943603 0.00041493297876592 -4.8217065523241e-05 0.00086110738943693 0.40151961346863 0.04101219330882 4 5 4 4 0
49.014242422403 8.4169910891941 111.68560791016 -0.005596 0.014721 2.0546813267949 0.026453854771712 -0.0048819091879356 0.025686517262534 0.0079902318471772 -0.016013345520611 -0.14065931236011 -0.057100514594044 9.8064224271235 0.0038701845308246 -0.0021643215680884 9.8075965244365 9.519373618922e-05 -0.00020696195232795 0.00018807331808527 9.7992523685117e-05 -0.00020589074843366 0.00018779628894085 0.40151961346863 0.04101219330882 4 5 4 4 0
49.014242361507 8.4169909033563 111.71089172363 -0.005662 0.014879 2.0558773267949 0.02940621685518 -0.0070233549502049 0.029289333390511 0.0074959377295921 -0.015147637798297 -0.14190419026785 -0.054864046325736 9.8068000614494 0.0039878695929015 0.00029150341618375 9.8079794234696 -0.00061620638821646 8.8246220394791e-05 0.0011973599500274 -0.00059834331650146 9.4997269587169e-05 0.0012058747815515 0.40151961346863 0.04101219330882 4 5 4 4 0
49.014242457198 8.4169911647443 111.68543243408 -0.00555 0.014717 2.0543703267949 0.026815512158817 -0.0035031384782422 0.025370594357429 0.0093636154257732 -0.016289686036979 -0.14062460073497 -0.056189190923113 9.8060393133893 0.0037787301408376 -0.0016248302079949 9.8072078000444 0.00027413875276168 -0.00012050710360433 0.0016536286199407 0.00029846437509934 -0.00011131498837521 0.0016500613452062 0.40151961346863 0.04101219330882 4 5 4 4 0
49.01424241355 8.4169911840817 111.70218658447 -0.005582 0.014686 2.0555233267949 0.025589446753708 -0.0028197328785218 0.023956564575843 0.0094262034576782 -0.015481967795195 -0.13469921416908 -0.057570998450989 9.8066602785085 0.0095442015137203 -0.0029728103218315 9.8077494266075 -0.00020849910560837 -0.00032902667015264 0.0011115068570043 -0.00019205414663123 -0.00032280954101066 0.0011162602966907 0.40151961346863 0.04101219330882 4 5 4 4 0
49.014242380968 8.4169908897708 111.7077331543 -0.005661 0.014869 2.0561843267949 0.029438511399486 -0.0070687043978491 0.029337159574166 0.0074782330276302 -0.015085290356403 -0.14746995917269 -0.058987745348599 9.812151454903 -0.0016340881211211 -0.0035968848745898 9.8134363816171 -0.00017408486840459 0.00016873284262698 0.00022789531294921 -0.00017070454702457 0.00016999555389082 0.00022949353902234 0.40151961346863 0.04101219330882 4 5 4 4 0
49.014242452396 8.4169912485988 111.70735931396 -0.005552 0.014712 2.0553683267949 0.025931238811773 -0.0015341359532273 0.023660368783281 0.010722405893427 -0.015191451912374 -0.14255210005964 -0.063451071984959 9.8077395298818 0.0016212539505689 -0.009204461460159 9.8089765222899 -0.00036080580116692 0.00022556260874244 7.6068232426046e-05 -0.00035966962156097 0.00022598423850753 8.0144920057025e-05 0.40151961346863 0.04101219330882 4 5 4 4 0
49.014242484639 8.4169909448616 111.68073272705 -0.005626 0.014809 2.0560263267949 0.029467893151778 -0.0067916041619364 0.029233797945342 0.0077374401475594 -0.016389259380549 -0.13704491161557 -0.050914388011495 9.8073318749999 0.0081936090378076 0.0043100143241264 9.8084170758556 0.00015276853854804 0.00015840888119756 0.0006691092904349 0.00016264518334278 0.00016219670076269 0.00066588306436187 0.40151961346863 0.04101219330882 4 5 4 4 0
49.014242468297 8.4169912594417 111.70863342285 -0.005509 0.014741 2.0555263267949 0.026361534689505 -0.0011236196164291 0.023848951084608 0.011288050761707 -0.015285697818117 -0.14305006832394 -0.057858638728284 9.8060694588532 0.0012292740886431 -0.0037693456017892 9.8072827610599 0.000106912606751 0.0004875781255087 0.001144572085255 0.00012370472027401 0.0004938771372327 0.0011401891049843 0.40151961346863 0.04101219330882 4 5 4 4 0
49.014242289893 8.4169908883532 111.71602630615 -0.005673 0.014871 2.0555643267949 0.028645821808544 -0.0066184615663831 0.028429991963355 0.0074915137147098 -0.015229699811282 -0.14884923604388 -0.058340964517632 9.8092793161331 -0.0028150289337666 -0.0026890994362377 9.8105812592854 5.2941917602043e-05 -0.00023792146837499 0.00097748771947041 6.7511431282748e-05 -0.0002323546865227 0.00097793173852889 0.40151961346863 0.04101219330882 4 5 4 4 0
49.014242439951 8.4169912358951 111.70550537109 -0.005537 0.014682 2.0554333267949 0.02556888509142 -0.0019997753382661 0.023556270975283 0.010142457653551 -0.015290410334778 -0.14220538919013 -0.051437016614505 9.8042287243401 0.0018736730200652 0.0027955237182336 9.805394285266 -0.00014683123710187 -0.00021965366611803 0.001752381368091 -0.00012100584841107 -0.00020990881146175 0.0017555641065546 0.40151961346863 0.04101219330882 4 5 4 4 0
49.014242415081 8.4169911771036 111.69927978516 -0.005595 0.014667 2.0553673267949 0.025688123295839 -0.0029378217462862 0.024101218747605 0.0093617469971246 -0.015676922931579 -0.14139981250931 -0.059702301672312 9.8067446007871 0.0027563243347249 -0.0051970167032608 9.807943758785 -0.00055828071176468 -0.00050062896460201 0.00077084691885379 -0.00054682497098956 -0.00049631118626369 0.00078176371931972 0.40151961346863 0.04101219330882 4 5 4 4 0
49.014242480849 8.4169913055507 111.71458435059 -0.00552 0.014677 2.0560233267949 0.027257207856525 0.00055193307134543 0.023854187971496 0.013199905795743 -0.015632076250665 -0.13259309441473 -0.058226720259353 9.8087492485016 0.011730149838611 -0.0040795345989353 9.809810480363 0.00012160472402298 -0.00055025031076925 -0.00019336778082663 0.00011881678419257 -0.00055132053412052 -0.00019210132051711 0.40151961346863 0.04101219330882 4 5 4 4 0
49.014242489577 8.4169913202442 111.71633148193 -0.005489 0.014737 2.0556853267949 0.026832071692727 0.00041920410030173 0.023544561684791 0.012875911605452 -0.015365519091135 -0.14187248351132 -0.05370270321114 9.8095852210817 0.0026921044153062 0.00027053507250495 9.8107576700317 0.00025514613572135 8.0224068867592e-06 0.00092104211836809 0.0002686640222715 1.3091276371353e-05 0.00091709950935853 0.40151961346863 0.04101219330882 4 5 4 4 0
49.014242460445 8.4169911715676 111.68594360352 -0.00554 0.014729 2.0543683267949 0.026848561282008 -0.0031927842837934 0.02525477208357 0.0096558445213956 -0.016229034974263 -0.13613401940675 -0.059201140707118 9.8124335578815 0.008406781177787 -0.0045765902692565 9.8135518190861 0.00051720719608514 2.7090770218568e-05 3.6930802364768e-05 0.00051770484233487 2.7285426964627e-05 2.9140044269114e-05 0.40151961346863 0.04101219330882 4 5 4 4 0
49.014242433412 8.4169911786731 111.69387054443 -0.005535 0.014687 2.0550213267949 0.0261164084564 -0.0028979381731347 0.024464918842588 0.0095882000869435 -0.015951602111273 -0.13442148829874 -0.050511178222596 9.8100421376651 0.0097570319892061 0.0039718798922741 9.8110874637934 0.00041804925346854 -0.000112284574349 0.0010644920835819 0.00043360919917147 -0.00010632346868459 0.0010588406321617 0.40151961346863 0.04101219330882 4 5 4 4 0
49.014242489735 8.4169909024014 111.68588256836 -0.005614 0.014813 2.0563823267949 0.030377233896681 -0.0074400137309007 0.030337680232943 0.0075997377004202 -0.016123424935136 -0.14429002179781 -0.060400746445226 9.8125903339566 0.0014097237010385 -0.0049408219676189 9.8138353291347 0.00066997681718117 -0.00051817110650632 0.0010189115317525 0.00068507105288452 -0.00051244308482055 0.0010117205079615 0.40151961346863 0.04101219330882 4 5 4 4 0
49.014242426177 8.4169912157171 111.70398712158 -0.005521 0.014727 2.0554773267949 0.025509516702029 -0.0023129394766236 0.023648893910974 0.0098394419830352 -0.015166246972809 -0.1492260457401 -0.058405698112465 9.8133365234055 -0.0047802644608928 -0.0038675553462037 9.814643100313 0.00061936999405506 0.00017106987082855 0.00094361755197173 0.00063319635295115 0.00017629867388531 0.00093346227327215 0.40151961346863 0.04101219330882 4 5 4 4 0
49.01424249673 8.4169909375066 111.68116760254 -0.005657 0.014801 2.0560873267949 0.030216961011763 -0.0071213961712604 0.030049411592561 0.0077982466024848 -0.016458921554514 -0.14063767829814 -0.059952026584505 9.8085131815471 0.0048016946102511 -0.004656453843502 9.8097023198192 -0.0002887175087457 -0.00027449315014927 0.00091704834494528 -0.00027510464241939 -0.00026929923922104 0.00092274396600349 0.40151961346863 0.04101219330882 4 5 4 4 0
49.014242417024 8.4169910565531 111.68504333496 -0.005606 0.014728 2.0549553267949 0.026829154907909 -0.0052313639891205 0.026179701353704 0.0078610375872314 -0.016107485164455 -0.13716570609013 -0.052929613378097 9.807498381456 0.007492274933906 0.0020227388357539 9.808597336567 -3.338112632436e-05 -0.00025023785047791 0.00097169460037901 -1.9026335649422e-05 -0.00024478754817656 0.00097346397407503 0.40151961346863 0.04101219330882 4 5 4 4 0
