49.014238924683 8.4169893627222 115.62631225586 -0.006479 0.01499 1.7182843267949 0.01772098016072 0.0019712140113981 0.017239067495319 0.0045533985546314 -0.030521378657441 -0.1446055443744 -0.066288031335032 9.8068945157191 0.0021569752497709 -0.0026269557920798 9.8081839695531 0.00028938167799546 0.00035625493424636 0.00018169960610196 0.00029202631470413 0.00035742773887363 0.00017504271368582 0.40380316987364 0.045254833995939 4 5 4 4 0
49.014239560611 8.4169883991746 115.54161071777 -0.006635 0.01515 1.7194513267949 0.030009164577296 -0.0077343090336918 0.030823635649249 -0.0032051037648077 -0.033021852842829 -0.14594689654214 -0.067412416662299 9.8049103881778 0.0021966088151293 -0.0025395538219478 9.8062277191951 -0.00027411224301166 0.00078209269217725 0.0011177019449775 -0.00025724329594347 0.00078948408027855 0.0011165288592406 0.40300124069288 0.045254833995939 4 5 4 4 0
49.014238874455 8.4169893794165 115.63368988037 -0.006514 0.014936 1.7181543267949 0.016866576302788 0.001931239309488 0.016400250313823 0.0043866596192501 -0.030099947274324 -0.14348266836195 -0.068846778211617 9.8064143151581 0.0030902677270715 -0.0051354574520429 9.8077035917955 -0.00021694823580419 -0.0002850225736916 -0.00023851367839362 -0.0002204646747367 -0.00028657186518609 -0.00023337849912975 0.40380316987364 0.045254833995939 4 5 4 4 0
49.014239070604 8.4169892569142 115.60707092285 -0.006511 0.015005 1.7184593267949 0.020179210923614 0.00036228361082355 0.019906295521157 0.0033273526920213 -0.031244375342398 -0.14677559209391 -0.069493809036314 9.80613429512 0.00024868931370398 -0.0055466966008423 9.8074773017732 0.00029627235055133 0.00017313503557073 0.00021812230347915 0.0002994791935473 0.00017457600363672 0.00021252356342707 0.40380316987364 0.045254833995939 4 5 4 4 0
49.014239608292 8.4169882256516 115.53939056396 -0.006691 0.01509 1.7196413267949 0.031028795773055 -0.0091853060686337 0.032047509964767 -0.0044848050602564 -0.032574523823305 -0.13760727592172 -0.061896774126282 9.8061463200088 0.010537219115505 0.0032832876986068 9.8073009237212 -0.00073645143702775 -0.00029208505888692 0.0015454555271491 -0.00071305134167986 -0.00028175667524763 0.0015582665976254 0.40300124069288 0.045254833995939 4 5 4 4 0
49.014239354103 8.4169890881188 115.57006072998 -0.006522 0.015069 1.7189583267949 0.024095671932353 -0.0022715758036019 0.024167206377698 0.001307140132367 -0.032475230362742 -0.14004065848314 -0.059528059855608 9.8076267142424 0.0075935357830752 0.0047168092987262 9.8088030403144 0.00054004780362653 0.00012055873541475 0.0011761434382782 0.0005576752198517 0.00012825741567071 0.0011670636499692 0.40300124069288 0.045254833995939 4 5 4 4 0
49.014239448888 8.4169877620862 115.56042480469 -0.006697 0.015103 1.7192693267949 0.028973767810352 -0.01075255318286 0.030245886189903 -0.0063468656523531 -0.030556213476741 -0.15134266919037 -0.065654262179082 9.8102462966694 -0.0031138172536952 -0.00029423899563838 9.8116326060098 -0.00058456049465019 1.6548591735634e-05 0.00055366165245785 -0.00057612397112181 2.0206087825567e-05 0.00056230675485882 0.40380316987364 0.045254833995939 4 5 4 4 0
49.014239409045 8.4169877172309 115.56495666504 -0.00668 0.015122 1.7191583267949 0.028331683990134 -0.010989463040113 0.029645335690835 -0.0066787676198637 -0.030264599061177 -0.1418301970469 -0.061931993232641 9.8035692457731 0.0064388959712661 0.0033576828889488 9.8047880227948 -0.00033352083182043 0.00015429851380183 0.00041361196437267 -0.00032725243809424 0.00015705287894558 0.00041756113787362 0.40380316987364 0.045254833995939 4 5 4 4 0
49.014239652087 8.4169887892213 115.53587341309 -0.006574 0.015147 1.7197983267949 0.031256716851502 -0.0049050823328706 0.031638551429011 -0.00021023517346722 -0.034063898538564 -0.14118215902449 -0.063182110578306 9.8070157675271 0.0073020091573759 0.0012738324940013 9.8082325345923 4.1875428308108e-05 0.0001650224015529 0.00036226757668395 4.734984106874e-05 0.00016740358151371 0.00036049914871463 0.40300124069288 0.045254833995939 4 5 4 4 0
49.014239554809 8.4169889412451 115.54689025879 -0.006509 0.015074 1.7195993267949 0.028637398942802 -0.0035002115935481 0.028839944641852 0.00078178067310671 -0.033657505358643 -0.14740350646575 -0.066538917922352 9.8091405064498 0.00064169351998043 -0.0022889194137042 9.8104732770249 0.0008051597820792 -0.00044919181276642 0.00049886621622934 0.00081264170514064 -0.0004458973585921 0.00048961752282296 0.40300124069288 0.045254833995939 4 5 4 4 0
49.014239645694 8.4169887070525 115.5355682373 -0.006593 0.01512 1.7197443267949 0.031316361908605 -0.0056128698956769 0.031802569774301 -0.00090265398110208 -0.034203309352756 -0.14229501363653 -0.061923434599916 9.8042704563775 0.0060416036616656 0.0024873230496123 9.8054961874307 -0.00032800227005829 -0.00010191584012597 0.00046315202747696 -0.00032095779701068 -9.8878397944995e-05 0.00046870212257636 0.40300124069288 0.045254833995939 4 5 4 4 0
49.014239278435 8.4169891134619 115.57909393311 -0.006556 0.015015 1.7187323267949 0.022927182433866 -0.0018157480839254 0.022944482479738 0.0015822145513738 -0.032189584568273 -0.15019048154086 -0.066529919644118 9.809917138415 -0.0028191936425053 -0.0021179417074898 9.8112916448137 0.00020927575913528 -0.00020073473436899 0.00045379450848604 0.00021608786403704 -0.00019774584394392 0.00045190981109061 0.40300124069288 0.045254833995939 4 5 4 4 0
49.014239633015 8.4169886548475 115.53555297852 -0.00662 0.015118 1.7197153267949 0.031193235718866 -0.0061371071717768 0.0317585280988 -0.0014412582323082 -0.033991269409101 -0.14496588055892 -0.068041377951088 9.8098942921879 0.0035133546285171 -0.0032530756680117 9.8112004655875 -0.00021581320474872 -0.00020486029278963 0.0012389117880638 -0.00019698314263075 -0.00019666278375571 0.0012433723805474 0.40300124069288 0.045254833995939 4 5 4 4 0
49.014239267513 8.416987596598 115.58136749268 -0.006629 0.015064 1.7190773267949 0.026302971626944 -0.011298640912254 0.027683584420451 -0.0072886175464942 -0.02914632094047 -0.13728393999095 -0.064605600800176 9.8060346790154 0.010747374320581 0.00059288586402548 9.8072030221151 0.00041102994060678 -0.0003453012059085 0.0014487397514093 0.00043284870034419 -0.00033565870763207 0.0014446169756793 0.40380316987364 0.045254833995939 4 5 4 4 0
49.014238812614 8.4169894079594 115.64343261719 -0.006523 0.014929 1.7181053267949 0.016035557146155 0.0018284174583567 0.015593615442139 0.004161878530269 -0.029894150249083 -0.14716841781513 -0.062637576438901 9.8108316102662 -0.00071950989991062 0.0011260588425282 9.8121354237605 -0.00034870724524226 -8.182026580657e-06 0.0005956431364843 -0.00033980963200743 -4.3090110316872e-06 0.00060083003921526 0.40380316987364 0.045254833995939 4 5 4 4 0
49.014239563883 8.4169884588994 115.54109954834 -0.006667 0.0151 1.7194293267949 0.030153975195436 -0.0075344666846991 0.03093734986976 -0.0029849039360894 -0.033128803067942 -0.14083284925512 -0.063139535573397 9.8070799389584 0.0072722117301717 0.0016465070855656 9.8082912585049 -0.00099155290330766 9.277692468511e-05 0.00065945675540359 -0.00098149306944381 9.7136058829524e-05 0.00067374611852256 0.40300124069288 0.045254833995939 4 5 4 4 0
49.014239422112 8.4169890427541 115.56172180176 -0.006557 0.015103 1.7192133267949 0.02561541831484 -0.0027117802772939 0.025734979934157 0.0011022907410576 -0.032820549212418 -0.14463507753454 -0.066200428321755 9.809261082842 0.0031817437840088 -0.0018366115509355 9.8105499624001 0.0001142494481019 0.00043449486207678 0.0011624295592382 0.00013173470826753 0.00044209498320712 0.0011577096467152 0.40300124069288 0.045254833995939 4 5 4 4 0
49.014239130307 8.4169874842891 115.59853363037 -0.006659 0.015138 1.7189103267949 0.023998989078128 -0.011956910561155 0.02550088576456 -0.0082838987292195 -0.027968198959273 -0.1446314580952 -0.061848207121847 9.8080482233339 0.0034240273723313 0.0033683368839769 9.8093085266715 -0.00013778630229164 0.0009097895896503 0.00079335598989393 -0.00012588209547565 0.00091504390739688 0.00078930481618161 0.40380316987364 0.045254833995939 4 5 4 4 0
49.014239218787 8.4169891245516 115.58657073975 -0.00658 0.014996 1.7185973267949 0.022115869020546 -0.0017461136109057 0.022131900407762 0.0015296081329126 -0.031909192040933 -0.14096835791172 -0.067484357192638 9.8105548295475 0.0064487873268804 -0.003214151396776 9.8117972090988 -0.00041442330783479 -0.00056319988175095 0.00060372869957323 -0.00040519234500946 -0.0005592383907455 0.00061358357081897 0.40380316987364 0.045254833995939 4 5 4 4 0
49.01423903649 8.4169892952058 115.61157226562 -0.006516 0.015021 1.7185063267949 0.019390728828465 0.00036818821486795 0.01912572908876 0.0032160964259405 -0.031044238144401 -0.14418225687034 -0.064946615599661 9.805690975566 0.0027213722642186 -0.0011147290858243 9.8069652567354 -3.3744859677525e-05 0.00059476397066039 0.0012134848390527 -1.565863914425e-05 0.00060264835861286 0.0012099329567277 0.40380316987364 0.045254833995939 4 5 4 4 0
49.014239351487 8.4169876610278 115.57172393799 -0.00668 0.015122 1.7190623267949 0.027537209344614 -0.011016771529506 0.028862973498919 -0.0068260623778544 -0.029833662418624 -0.14555252029353 -0.069511298078065 9.8066284020217 0.0026506447849014 -0.0042141330126973 9.8079539846368 -0.00031341732392029 0.00034809895136566 0.00024643426934922 -0.00030969895382984 0.00034975013645306 0.00024885313803678 0.40380316987364 0.045254833995939 4 5 4 4 0
49.014239592622 8.4169885596608 115.53869628906 -0.006579 0.01507 1.7195063267949 0.030374251371488 -0.0068417727131399 0.03105277037474 -0.0022648510028173 -0.033524127912775 -0.15052818519376 -0.061929523577213 9.8110540818077 -0.0024310595169806 0.0027918761118992 9.812403366205 0.00039242178788526 -0.00030233538842549 0.00061184728306584 0.00040165364278883 -0.00029827388482774 0.00060784278720622 0.40300124069288 0.045254833995939 4 5 4 4 0
49.014239129165 8.4169891988242 115.59918212891 -0.006514 0.015016 1.7185953267949 0.020914856046024 -0.00026541953727658 0.020726142918605 0.0028159559247441 -0.03137567813088 -0.13801587330993 -0.060682712370362 9.8061109947969 0.0089736310269333 0.0031183454079373 9.8072651078302 -2.3239371942577e-05 0.00038889833975633 0.0013686508110747 -2.7847481973242e-06 0.0003978240258613 0.0013662725102491 0.40380316987364 0.045254833995939 4 5 4 4 0
49.014239574388 8.4169883262551 115.54117584229 -0.006632 0.015125 1.7194203267949 0.030397296077234 -0.0082302430834481 0.03128096807306 -0.003637791571333 -0.032709870217352 -0.13832365908845 -0.060396351451798 9.8055754358455 0.0098955846089464 0.0045591438010534 9.8067308472964 -6.0446270177198e-05 0.00016254351191623 -0.0001931151946303 -6.3382330295986e-05 0.00016123888243882 -0.0001932285295753 0.40300124069288 0.045254833995939 4 5 4 4 0
49.014239568875 8.4169880313891 115.54419708252 -0.006651 0.015056 1.7194683267949 0.030535585868261 -0.010000839852697 0.031680248651889 -0.0053665949272206 -0.031990684871529 -0.14821471677043 -0.067142887257145 9.8107435185975 -0.00010651592220635 -0.0018852157346774 9.8120926371816 3.5771759997715e-05 -0.00064700214303233 0.00035271985851361 4.1135802521007e-05 -0.00064463345506829 0.00035646734617489 0.40380316987364 0.045254833995939 4 5 4 4 0
49.014239177588 8.416989160149 115.59181213379 -0.006563 0.015008 1.7186313267949 0.021619403614063 -0.0014345939475241 0.021595018327021 0.00176427611383 -0.03179904777255 -0.14762087123315 -0.0629716341667 9.806467914081 -0.00050291429498636 0.0010200639039989 9.8077810499233 -0.00056377883252439 4.2316599390397e-05 0.0010155616680084 -0.00054848766496664 4.8971203263257e-05 0.0010236173496239 0.40380316987364 0.045254833995939 4 5 4 4 0
49.014239526979 8.4169878591111 115.55084991455 -0.006642 0.015097 1.7194513267949 0.030006846998516 -0.010574434285382 0.031241762590919 -0.006015107454958 -0.031229402347612 -0.14863765922781 -0.069037205355638 9.8110755874036 -0.00040462697677511 -0.0037601324361728 9.8124436156908 0.00021604180838486 -0.00015282225769633 0.0015232436237337 0.0002390154799092 -0.00014270071691107 0.0015207931631891 0.40380316987364 0.045254833995939 4 5 4 4 0
49.014239653787 8.4169888509876 115.53773498535 -0.006556 0.015144 1.7198243267949 0.03076547769395 -0.0046824405181842 0.031119711768584 -6.3653696389609e-05 -0.034166000916839 -0.14757000140181 -0.06813421548969 9.8102133163831 0.00093102813582181 -0.0037003216556778 9.8115591016231 0.00028198594944359 7.5609416353645e-05 0.00034369648804197 0.00028713862659501 7.78688893296e-05 0.00033885392317472 0.40300124069288 0.045254833995939 4 5 4 4 0
49.014239476844 8.4169878016208 115.55728149414 -0.006636 0.01513 1.7193713267949 0.029722957712201 -0.010779202576136 0.030991174199614 -0.0062603826655318 -0.030962416304254 -0.14224262968634 -0.063522899920965 9.8053666636481 0.0060015144081306 0.0016885139112783 9.8066020894861 0.00026383638421487 0.00039091025166011 0.0016561055851288 0.0002888119943962 0.00040191387754982 0.0016493120628617 0.40380316987364 0.045254833995939 4 5 4 4 0
49.014238981037 8.4169893268263 115.61924743652 -0.006527 0.015024 1.7182863267949 0.018491188466318 0.0011474156252913 0.018121716720965 0.0038528203776166 -0.030820345984351 -0.15042511654379 -0.057261096228859 9.8046230980245 -0.0036419158777402 0.0065028877721716 9.8059413276191 -0.00029612524305753 0.00085703278725086 -0.00052821412586933 -0.00030406102845371 0.00085357509096035 -0.00052928681370564 0.40380316987364 0.045254833995939 4 5 4 4 0
49.014239544721 8.4169879233813 115.54821014404 -0.006662 0.015128 1.7193483267949 0.030180710768785 -0.010261350436412 0.031367443610569 -0.0056792172644307 -0.031562724081709 -0.14348048662053 -0.06182988912009 9.8072468159551 0.0048648773436813 0.003428372941355 9.8084895501194 -8.9813731065109e-05 0.00013283555915595 -0.00027794476934258 -9.4014791191345e-05 0.00013098845464912 -0.00027744899944683 0.40380316987364 0.045254833995939 4 5 4 4 0
49.014239576421 8.4169880855398 115.54270172119 -0.00668 0.015096 1.7195543267949 0.030806575671989 -0.0098733052463585 0.031929660862452 -0.0051984263963807 -0.032239271781257 -0.13941970492369 -0.061520218144579 9.8025476633312 0.0087418946757345 0.0036284673210691 9.8037276490035 -0.00055978933505008 -0.00024780248215579 0.00081841132307648 -0.00054735941312804 -0.00024230488220807 0.00082838105230114 0.40300124069288 0.045254833995939 4 5 4 4 0
49.014239182382 8.4169875213062 115.59188079834 -0.006667 0.015126 1.7189503267949 0.02492471240354 -0.011719732969397 0.026382074724325 -0.0079106492447766 -0.028572716246587 -0.14682519739051 -0.063289940380242 9.8079779890088 0.0012737518517143 0.0019046166649972 9.8092807162669 -0.00025349427617005 0.00065035416674202 0.00028529289464004 -0.00024925423335826 0.00065221724439965 0.00028474046331303 0.40380316987364 0.045254833995939 4 5 4 4 0
49.014239593204 8.4169882748064 115.54012298584 -0.006611 0.015088 1.7194873267949 0.030696175609982 -0.0088418275104068 0.031667360928967 -0.0041966474628306 -0.032719382109656 -0.14719447308695 -0.065395856135328 9.8100536837494 0.0010731478892847 -0.00034332301568777 9.8113756864477 0.00041988970872355 -0.00045330734454483 -6.4177225913356e-06 0.00041979876471654 -0.00045332754143037 -9.7495397865949e-06 0.40300124069288 0.045254833995939 4 5 4 4 0
49.014239592009 8.416988142137 115.54081726074 -0.006656 0.015103 1.7196103267949 0.031108852164211 -0.0094387287643018 0.0321644249047 -0.0047223165539535 -0.032448502290789 -0.1435292568154 -0.067034708564812 9.8092548662984 0.0047324776802668 -0.0019276349755703 9.8105324901357 -0.00028757389373151 -0.00012899840912112 0.00091702644414722 -0.00027365642513552 -0.0001228885662289 0.00092207402654878 0.40300124069288 0.045254833995939 4 5 4 4 0
49.014239504159 8.4169889897508 115.55228424072 -0.006558 0.015126 1.7194833267949 0.027255877214605 -0.0030686582674272 0.027409932345225 0.0009980865151185 -0.033532537823694 -0.14093856193907 -0.063041014055408 9.8019465433888 0.0069930026724976 0.0012537772737603 9.8031599015905 6.8378813290262e-05 0.00037126849504487 0.0011435994049106 8.5591557942452e-05 0.00037875827271116 0.0011399764147691 0.40300124069288 0.045254833995939 4 5 4 4 0
49.014239572562 8.4169879905581 115.54412841797 -0.006684 0.015106 1.7194213267949 0.030531647918187 -0.010085443399379 0.031688747385482 -0.0054516837689373 -0.031747875263814 -0.14661442139835 -0.067533072943195 9.8071541090211 0.0016254000830252 -0.0022863572858795 9.8084819601638 -0.00051542055157229 -0.0001033627282173 -0.00014615005917885 -0.00051757646589412 -0.00010433138172718 -0.00013764510346422 0.40380316987364 0.045254833995939 4 5 4 4 0
49.014239617805 8.416988880057 115.54154205322 -0.006555 0.015099 1.7198473267949 0.029883271211594 -0.0043737279814267 0.030201489519912 0.0001078804315243 -0.034023756460028 -0.14620769987131 -0.064735989457771 9.8047164915912 0.0020053475298858 -0.0004437985132847 9.8060200771853 0.00011810714871178 -0.00043912540254055 0.0017888156823977 0.00014513205697116 -0.00042739315617274 0.001789662205572 0.40300124069288 0.045254833995939 4 5 4 4 0
49.014239604711 8.4169886051713 115.53764343262 -0.006609 0.015129 1.7195583267949 0.030921927195501 -0.0062377040985485 0.031505017125623 -0.0015836440713534 -0.03369761641474 -0.14419920363532 -0.065607335274011 9.808122173377 0.004287745365657 -0.00076451403292751 9.8094007506475 0.00012582110126215 2.4322930499322e-06 0.00046153561348945 0.00013280650951859 5.47592674689e-06 0.00045954518610278 0.40300124069288 0.045254833995939 4 5 4 4 0
