49.014243376546 8.4169767470522 114.21601867676 -0.006439 0.014678 2.1957753267949 0.014723267159276 -0.0080499328142058 0.016651211376156 0.002076859720065 -0.018834933539238 -0.14094356043583 -0.064119629054995 9.8039816273805 0.0028802358242706 -0.0012408645515982 9.8052033753456 -0.00039132719258085 0.00029340912540925 0.0011040611012468 -0.00037513778772277 0.00030050841188694 0.0011077396772165 0.4024574511672 0.04101219330882 4 5 4 4 1
49.014243823136 8.4169774633221 114.10438537598 -0.006219 0.014751 2.1940233267949 0.022591108101707 1.9101357406925e-05 0.018330633362127 0.013204069706176 -0.023509614118377 -0.1465687602424 -0.064205130698248 9.8104757480255 -0.0020518878505493 -0.0029577915153549 9.8117801038026 0.00043904858593749 0.00026342364460444 0.0011199350572862 0.00045548912992818 0.0002704106400024 0.0011116894754144 0.40164785571443 0.04101219330882 4 5 4 4 1
49.014243399101 8.4169767199715 114.21565246582 -0.006411 0.014666 2.1949013267949 0.014941321578013 -0.0080843275089445 0.016849251562939 0.0021683816056452 -0.018988029896938 -0.14257690792617 -0.063322604237305 9.8085404113226 0.0014194077310787 -0.00052695517140931 9.8097810596493 -0.00012283907652328 -0.00021171844823671 0.00058973630341619 -0.00011414519733601 -0.00020794070053784 0.00059280390346618 0.4024574511672 0.04101219330882 4 5 4 4 1
49.014243349572 8.4169769082464 114.2103729248 -0.006359 0.014649 2.1976993267949 0.014012311288126 -0.0063199555666716 0.015056459892794 0.0030962994196445 -0.018543377839683 -0.14687807586902 -0.06233488100894 9.8063815143451 -0.0031691508072809 0.00010783463986444 9.8076788164426 0.00017105000105525 1.8058296460609e-05 0.00059404365077543 0.00017976224460006 2.1827214609427e-05 0.00059135600937519 0.4024574511672 0.04101219330882 4 5 4 4 1
49.014243892528 8.4169774525285 114.09557342529 -0.006258 0.014788 2.1936773267949 0.024520539911196 -0.00061418603491296 0.020273144636111 0.013806997943423 -0.024078400156306 -0.13872179039853 -0.063169695563878 9.8026001220541 0.006025629959287 -0.0016379912895093 9.8037830196202 0.00044082220537595 0.0003054251044252 0.00032051157816852 0.00044546506663829 0.00030742470089493 0.00031209458546065 0.40164785571443 0.04101219330882 4 5 4 4 0
49.014243367285 8.4169771076627 114.18923187256 -0.006393 0.014637 2.1990053267949 0.013873149232322 -0.0040003351972427 0.01357644801204 0.0049137606759073 -0.019235287504883 -0.13695231780436 -0.06335154823171 9.8036133318084 0.00636217329762 -0.00089632097554399 9.8047723221884 -0.00042065363007322 0.00038593540546987 0.0016141599900686 -0.00039707447050505 0.00039620721657767 0.0016176256493353 0.4024574511672 0.04101219330882 4 5 4 4 1
49.014244102904 8.4169774539655 114.07064819336 -0.006266 0.014758 2.1927863267949 0.029597317442296 -0.0031963052244711 0.02591831085779 0.014644400260623 -0.024817529444879 -0.14536071908189 -0.064964860309912 9.8099697027807 -0.00020573712338136 -0.0035465979756874 9.8112610351318 -3.1773226913101e-05 -0.00063617202485794 0.0010986625551376 -1.5506358852362e-05 -0.00062928123657578 0.0011029953106043 0.4024574511672 0.04101219330882 4 5 4 4 1
49.014243921507 8.4169777731715 114.0767288208 -0.006183 0.014672 2.1956333267949 0.028280078194063 -0.0010450694338657 0.023550262148373 0.015691972919365 -0.024484558986078 -0.13773824343339 -0.062615316656901 9.8049267184187 0.0059701308889599 -0.0018653132977627 9.8060923298562 0.00024750321853418 0.00034293798521197 0.00067293690525384 0.00025728997613422 0.00034714855799342 0.00066708044398605 0.40164785571443 0.04101219330882 4 5 4 4 1
49.014244091796 8.4169774729167 114.0685043335 -0.006265 0.014756 2.1931333267949 0.029575317382623 -0.0032849581426266 0.025948000327608 0.0145668071004 -0.024936955787789 -0.13554413417003 -0.063099349369725 9.8062217188633 0.0093510020670395 -0.0017689258943239 9.8073568492499 -9.1422316080348e-05 -0.00025392103170642 7.6494823147596e-06 -9.1268959019288e-05 -0.0002538646258323 1.059671679597e-05 0.4024574511672 0.04101219330882 4 5 4 4 1
49.014243574106 8.4169773435801 114.1449508667 -0.006259 0.014658 2.1965493267949 0.017216810795738 -0.00097294855495042 0.014521144197974 0.0093006758004893 -0.021271769179248 -0.14124954807046 -0.062927903674317 9.8063827705705 0.0022819678322159 -0.0014135521318594 9.8076016295574 0.00024799290603204 0.00027861898925578 -0.00099266457001098 0.00023340928682602 0.00027240331738382 -0.00099791421821966 0.4024574511672 0.04101219330882 4 5 4 4 1
49.014243452979 8.416977263843 114.1676864624 -0.006291 0.014632 2.1981173267949 0.014839457021803 -0.0019955300882178 0.01318285500762 0.0070997702118303 -0.019969771049432 -0.14116257012028 -0.067314762102372 9.8101835346954 0.0023464637535753 -0.005353352082532 9.8114282311859 0.00034656623837769 -2.3879549668609e-05 0.00042213511265688 0.00035270506783846 -2.1199905606236e-05 0.00041718514655151 0.4024574511672 0.04101219330882 4 5 4 4 1
49.014243618754 8.4169773450031 114.13775634766 -0.006305 0.014654 2.1961453267949 0.018101379377726 -0.00093626688338481 0.015221747332067 0.0098405133101709 -0.021701868894481 -0.13986606379264 -0.062689730970831 9.8077762808491 0.0037293510728122 -0.0010548633807042 9.8089731471893 -0.00037617212947487 0.0001149623572399 0.0010610055361207 -0.00036066915479706 0.000121608195427 0.0010656598099302 0.4024574511672 0.04101219330882 4 5 4 4 1
49.014243950741 8.4169777343238 114.07395172119 -0.006193 0.014657 2.1953723267949 0.028513023378542 -0.0013921073511702 0.023946130589496 0.015540637610335 -0.02452155341545 -0.14748557029427 -0.065191503681105 9.8079477565443 -0.0035302828632711 -0.0043526071488594 9.8092716358668 0.00020039460156467 -0.0002803245354883 0.00026645740345977 0.00020433729456553 -0.00027868714524607 0.00026521728408208 0.40164785571443 0.04101219330882 4 5 4 4 1
49.014243366321 8.4169770631643 114.19264984131 -0.006416 0.014656 2.1986633267949 0.013827682053603 -0.004644925837811 0.013919834780784 0.0043608396125302 -0.018988577157856 -0.14663332452905 -0.064391919070736 9.8048294475311 -0.0031745226839329 -0.0018978290638269 9.8061370267778 -0.00078538458436405 0.00051489485297996 0.001409634876581 -0.00076469888502877 0.00052388952899888 0.0014176764595206 0.4024574511672 0.04101219330882 4 5 4 4 1
49.014243654013 8.416977377658 114.13186645508 -0.00626 0.01463 2.1957183267949 0.018948083180258 -0.00073577413509766 0.015795216061774 0.010492072992693 -0.021921523785612 -0.14383319300593 -0.062682849191643 9.8104020159851 -0.00014838110224087 -0.0011223612982369 9.8116567049849 0.00024106462410869 -0.0003948938978837 0.0013073400337183 0.0002602519510023 -0.00038670039894708 0.0013061176998796 0.4024574511672 0.04101219330882 4 5 4 4 1
49.014244087806 8.416977493821 114.06307220459 -0.006274 0.014703 2.1938003267949 0.029250394176182 -0.0034483668713928 0.025769323911415 0.014262507889215 -0.02501344759388 -0.14229352957151 -0.062666267992119 9.8071728254396 0.0022125555535058 -0.0012508181793426 9.8084047209666 -0.00016129884478771 -0.00053249063023139 0.0016446695547624 -0.00013703841071769 -0.0005221861527895 0.0016501456525286 0.4024574511672 0.04101219330882 4 5 4 4 1
49.014243395458 8.4169767090633 114.21738433838 -0.006426 0.014676 2.1946383267949 0.014842045131097 -0.0080965929273603 0.016776595741045 0.0020943023095964 -0.019113880963624 -0.14568355892104 -0.065272298136108 9.8079661280596 -0.001603495254607 -0.0023263764720958 9.809264529096 -0.00010509866243748 -0.0001965996392428 0.0011956344718361 -8.7494442049206e-05 -0.00018893276525419 0.0011982804855777 0.4024574511672 0.04101219330882 4 5 4 4 1
49.014243789013 8.4169774484067 114.11000823975 -0.006242 0.014717 2.1942713267949 0.021685047747956 -0.00021211938844863 0.017725354893223 0.012494028811579 -0.023223058662409 -0.13604305431597 -0.065150770478915 9.8068370950481 0.0082641193672985 -0.0038956689272888 9.8079929498078 1.5651253959757e-05 -4.7492485187425e-05 0.00027700959538449 1.9733792735095e-05 -4.575558697718e-05 0.00027705250275068 0.40164785571443 0.04101219330882 4 5 4 4 1
49.014243384345 8.4169771773344 114.18255615234 -0.006359 0.014616 2.1989543267949 0.013990822658717 -0.0031226785202363 0.013155296255556 0.0056948388350973 -0.019337580731601 -0.14516030371009 -0.066795758083129 9.8095384549865 -0.0017627224723578 -0.0044772789966876 9.8108385032357 -0.00020136361026476 1.7817990793679e-05 0.00071941087805249 -0.00019084539424624 2.2380525439832e-05 0.00072214099684831 0.4024574511672 0.04101219330882 4 5 4 4 1
49.01424404755 8.4169775816381 114.06517791748 -0.006252 0.014696 2.1941103267949 0.029271703930154 -0.003025544232002 0.025534808440572 0.014627332239755 -0.025035666871116 -0.13649412151499 -0.063577101851465 9.8051957305891 0.0076679600551396 -0.0023370723490268 9.8063488269615 -0.00013412109807393 -2.7844130755241e-05 0.00079761233421417 -0.00012239615748306 -2.2874696920795e-05 0.00079965864100375 0.4024574511672 0.04101219330882 4 5 4 4 1
49.014243367183 8.4169769925038 114.19896697998 -0.006357 0.014624 2.1983673267949 0.014059409081598 -0.0052369083254213 0.014456083881098 0.0040140789880207 -0.018694817165567 -0.1391867191563 -0.062104803940178 9.8104964484997 0.0043395619669863 0.0004082694908509 9.8116792563484 0.00025999818175186 -6.2321520404723e-05 0.0013302873874731 0.00027939714442545 -5.3840782341903e-05 0.0013266971621457 0.4024574511672 0.04101219330882 4 5 4 4 1
49.01424336104 8.4169768718866 114.21218109131 -0.006352 0.014662 2.1970093267949 0.014296444596978 -0.0067872320590458 0.015562469548264 0.002874128593012 -0.01853571716437 -0.13713671969286 -0.062973859666131 9.8112298065185 0.0065396675566444 -0.00043289376535971 9.8123879690014 0.00038994658543859 0.0004535393146951 0.00021643822547003 0.00039302783094684 0.00045490491801493 0.00020779574742873 0.4024574511672 0.04101219330882 4 5 4 4 1
49.014244082891 8.4169774797564 114.06623077393 -0.006208 0.0147 2.1935313267949 0.029399414256014 -0.0033802967621532 0.025855160055143 0.014396647545257 -0.024919262543477 -0.14527947590798 -0.067914539390597 9.8077910927587 -0.00064266782308836 -0.0065718550429389 9.8090993856935 0.00092658834884211 -0.00075473792774618 0.00039339593022086 0.00093235004618086 -0.00075228002590337 0.00038443238978972 0.4024574511672 0.04101219330882 4 5 4 4 1
49.01424374544 8.4169774163718 114.11729431152 -0.006221 0.014694 2.1947223267949 0.020573170704069 -0.00064625272408833 0.017071329372954 0.011499703271865 -0.022651820384299 -0.1461917560982 -0.065183383773929 9.8074961759692 -0.0020424234825589 -0.0038812699360919 9.8088012084533 0.00045075194146067 -0.00018381441950269 0.001494251334265 0.00047268350183983 -0.00017448660651704 0.0014885624787278 0.40164785571443 0.04101219330882 4 5 4 4 1
49.014243991129 8.4169776856109 114.07038116455 -0.006214 0.014644 2.1951083267949 0.028494193857942 -0.0017792264080766 0.024160588371674 0.015210137988637 -0.02464595873068 -0.14071957361747 -0.063255377177442 9.8113951503697 0.0031953495228602 -0.0021199081198385 9.8126075204176 0.00033615990930357 -0.00038583504048959 0.00012578617631694 0.00033804016408169 -0.00038503842118523 0.00012325218460073 0.40164785571443 0.04101219330882 4 5 4 4 1
49.014243352325 8.4169769318702 114.20817565918 -0.006405 0.014628 2.1980093267949 0.013855168511019 -0.0059071311452618 0.01468554968879 0.0033455748066671 -0.018468462403802 -0.14063154046709 -0.06179288204361 9.8129248213191 0.0030073059090431 0.00074931476607362 9.8141266751263 -0.00054159720452757 -0.00012350093518635 0.0010718402608369 -0.0005258437629511 -0.00011666511458668 0.0010804198500351 0.4024574511672 0.04101219330882 4 5 4 4 1
49.014243847083 8.4169774711344 114.10041809082 -0.006224 0.014765 2.1938463267949 0.023205538591783 -7.0067032304946e-05 0.018884680959123 0.013485937579147 -0.023849133747108 -0.13586141864426 -0.061552052222255 9.8045867379992 0.0087046911552261 -0.00038981010020266 9.8057173095511 0.00030406429586078 0.00028084240847383 0.00068138295878391 0.000314066105815 0.00028509987459482 0.00067508024257929 0.40164785571443 0.04101219330882 4 5 4 4 1
49.014243990182 8.4169774125966 114.08904266357 -0.006228 0.014755 2.1930653267949 0.026750422952294 -0.0020021392346623 0.022901498621073 0.013968299135638 -0.024120166390868 -0.13890239020334 -0.063335959325114 9.8092003395258 0.0061046149164898 -0.0018083679074541 9.8103864025761 0.00083881926023599 -0.00058358449695768 0.00070197028812353 0.00084915908390015 -0.0005792304288099 0.00069312224761772 0.40164785571443 0.04101219330882 4 5 4 4 0
49.014243365352 8.4169769474112 114.20422363281 -0.006379 0.014629 2.1980123267949 0.013940935120154 -0.0056296566320313 0.014591530564416 0.0036234383089211 -0.018563988703663 -0.14946619970615 -0.06647031822046 9.8074508607703 -0.0059641572201274 -0.0039227785439242 9.8088121677382 -2.5704560332355e-06 -5.8524201880187e-05 0.00033261603913123 2.2719167907193e-06 -5.641747745476e-05 0.00033297142114751 0.4024574511672 0.04101219330882 4 5 4 4 1
49.014244065463 8.4169774107437 114.08160400391 -0.006291 0.014834 2.1927763267949 0.028431937360684 -0.0029173273780542 0.024805569678282 0.014197524866736 -0.024284756104342 -0.14629168726818 -0.067529214733424 9.8106714858566 -0.00094927349833046 -0.0059825761561472 9.8119929061598 -0.00029013372856094 0.00028436524390914 0.00079312831755326 -0.00027838645710748 0.00028934462020464 0.00079553834007664 0.4024574511672 0.04101219330882 4 5 4 4 1
49.014243528603 8.4169773258086 114.15329742432 -0.006284 0.014636 2.1972763267949 0.016377887992445 -0.0010856115106626 0.013902123150218 0.0087262619704491 -0.020781040737728 -0.14289293160325 -0.065444456761228 9.8087826614522 0.00060459518943355 -0.0036772740232623 9.8100410728009 0.00019233202908247 2.8184379679534e-05 0.00060115032394326 0.00020109164649022 3.1938419889541e-05 0.00059807224958336 0.4024574511672 0.04101219330882 4 5 4 4 1
49.014244096825 8.4169774242247 114.07592773438 -0.006289 0.014819 2.1926563267949 0.02921647291852 -0.0031345131171613 0.025572020100104 0.014474069956005 -0.024457810276272 -0.13734176484249 -0.060595072493908 9.8043930526812 0.0079177577620726 0.00086726569229759 9.8055389880658 -0.00035307655976188 -6.9484852672024e-06 0.0011297880971167 -0.00033627074224165 1.6455166196365e-07 0.0011349344739909 0.4024574511672 0.04101219330882 4 5 4 4 1
49.014243369639 8.4169768058161 114.21402740479 -0.006354 0.014635 2.1964013267949 0.01441763539569 -0.0075156518566962 0.016088972469656 0.0023441303441773 -0.018770188315362 -0.13917881569235 -0.064571862550879 9.8056869530971 0.0046059616897508 -0.0018489685973927 9.8068856700945 0.00074295208938655 -0.00037433074083231 0.0007675286206509 0.00075418726540048 -0.00036941245901743 0.00075895361286477 0.4024574511672 0.04101219330882 4 5 4 4 1
49.014244034731 8.4169774052655 114.08489990234 -0.006256 0.014761 2.1928823267949 0.02788973512607 -0.0028281195798749 0.024313206791358 0.013953596649771 -0.024279106624324 -0.14005658670677 -0.060752245168903 9.8096715564746 0.0050837316478021 0.00071586851674673 9.8108583332677 0.00024658196950041 -0.00063133297282493 0.00064614215445444 0.00025620109538946 -0.00062724966752186 0.00064631790587409 0.4024574511672 0.04101219330882 4 5 4 4 1
49.014243955033 8.4169774191267 114.09195709229 -0.006277 0.014772 2.1932763267949 0.025673920560131 -0.0016478217069646 0.021815724133116 0.01363588905937 -0.023991451891485 -0.1387172214098 -0.06026310318348 9.8057921632049 0.0060375764629904 0.0012482280449717 9.806956621883 1.5879906618291e-05 2.8889719222398e-05 5.8925523322759e-05 1.668415406835e-05 2.921475275499e-05 5.8500813945137e-05 0.40164785571443 0.04101219330882 4 5 4 4 0
49.014244017746 8.4169776208712 114.06820678711 -0.006212 0.014675 2.1945433267949 0.029029494808596 -0.002469761048117 0.025008535189921 0.014945962772689 -0.024893169055065 -0.13588046632417 -0.063243530343896 9.8096137483724 0.0082157585613036 -0.0020651915849564 9.8107550391215 0.00047308716302421 -0.00013830959323943 0.00059405941460902 0.00048179344755331 -0.00013459001539813 0.00058788344151027 0.4024574511672 0.04101219330882 4 5 4 4 1
49.014244076786 8.4169775192897 114.0633392334 -0.006263 0.014684 2.1938793267949 0.029127536215563 -0.0034127788067938 0.025646212644758 0.014224342620651 -0.025059295550806 -0.14343360786648 -0.062128138321901 9.8093424088738 0.00093317520482565 -0.00072500922321657 9.8105877239902 -1.807129881805e-05 -0.00054242279829381 8.8120860447127e-05 -1.6698716644904e-05 -0.00054185848456461 9.1768338550713e-05 0.4024574511672 0.04101219330882 4 5 4 4 1
49.014243869693 8.416977474682 114.09777069092 -0.006266 0.014767 2.1937473267949 0.023809630309673 -0.00014787963487016 0.019422712152807 0.013772377914589 -0.023991576582498 -0.14409126073456 -0.068770506884923 9.8062777835809 0.00066848495425064 -0.0074230866359467 9.8075744607399 -0.00011763521632771 2.6646884145097e-05 0.00065379903218271 -0.00010796155747688 3.0744310879553e-05 0.00065529841294939 0.40164785571443 0.04101219330882 4 5 4 4 1
49.014243931491 8.4169778547412 114.07698822021 -0.006169 0.014645 2.1955583267949 0.02888826863416 -6.3468471570662e-07 0.023431133296523 0.016897167368357 -0.024479472694936 -0.14091371457465 -0.060981143932822 9.8044942730716 0.0027998961555142 -0.00037974532719447 9.8056960261646 0.0001455189914638 -0.0002838288665716 0.001655571002731 0.00016977787706173 -0.00027357444175783 0.0016549881342542 0.40164785571443 0.04101219330882 4 5 4 4 1
49.014243917703 8.4169774377771 114.09408569336 -0.006288 0.014754 2.1937523267949 0.024983229499555 -0.00098022229837453 0.020862502155126 0.013779641647285 -0.024081287435626 -0.14334817274035 -0.064882614727704 9.8103887097394 0.0014082831394172 -0.0033804139400549 9.811649852527 -0.00027724897309354 -0.00010748516080491 0.0020105342444149 -0.00024756248355753 -9.4868239014815e-05 0.0020150540447679 0.40164785571443 0.04101219330882 4 5 4 4 0
49.01424340508 8.4169772095309 114.17774200439 -0.006318 0.014634 2.1988283267949 0.01426118623185 -0.0025672616855929 0.013048062693333 0.006302419562644 -0.019714987661705 -0.13610399609646 -0.060257910964134 9.8020257887164 0.0072604497195477 0.0017997302458818 9.8031532226775 0.00017122228113992 0.0001351501409185 0.000830556252061 0.00018332423283701 0.00014039811524564 0.00082711031026614 0.4024574511672 0.04101219330882 4 5 4 4 1
49.014244018094 8.4169774029801 114.08622741699 -0.006291 0.01481 2.1928053267949 0.02745866643835 -0.0024646558463996 0.023750046987151 0.01399950871604 -0.024249125006895 -0.1462294762447 -0.064113785073842 9.8081265993059 -0.0011482186130602 -0.0025959979004812 9.8094263109358 -0.00024321294505731 0.00022561682855243 9.4073128084049e-05 -0.00024180040726397 0.00022619213038246 9.6200602878513e-05 0.40164785571443 0.04101219330882 4 5 4 4 0
49.014243488608 8.4169773004045 114.16026306152 -0.006286 0.014595 2.1978013267949 0.015605198921051 -0.0014652763797028 0.013494938246478 0.0079723898436569 -0.020498265382141 -0.13581054746532 -0.063967047566084 9.8055291877967 0.0075882716007266 -0.0022256670230457 9.8066752755881 0.00010556849676489 -0.00059995010929925 0.001423500155115 0.00012642014159848 -0.00059100219804549 0.0014255376738939 0.4024574511672 0.04101219330882 4 5 4 4 1
49.014243697699 8.4169773909013 114.12540435791 -0.006254 0.014638 2.1952563267949 0.019695046572841 -0.00067908344683877 0.016372928569461 0.010967369820806 -0.022370518206316 -0.13736002337101 -0.058951789137293 9.8081910501006 0.0064421393132087 0.0023363441075985 9.8093278001006 -0.00010614499093855 -0.00052376004741791 0.0010193200250377 -9.1145965195169e-05 -0.00051737304614496 0.0010239910217445 0.4024574511672 0.04101219330882 4 5 4 4 1
49.014243990208 8.4169776647039 114.07081604004 -0.006221 0.01466 2.1949713267949 0.028581183547396 -0.0021695511576279 0.024463447138755 0.01493747123669 -0.024690954449223 -0.14439382238712 -0.06173022371967 9.8068347770751 -0.00036931626707867 -0.0006454204370972 9.8080917711516 0.00015691312150833 -0.00037455808613025 0.0012924168703579 0.00017589604841665 -0.00036649563751391 0.0012922708430639 0.40164785571443 0.04101219330882 4 5 4 4 1
49.014243917101 8.4169778149777 114.07746124268 -0.006179 0.014625 2.1957083267949 0.02833028923726 -0.00056814247507225 0.023309928084535 0.016111293219543 -0.024474326626265 -0.1457149977604 -0.067138857849715 9.8095361413211 -0.002024977536679 -0.0063668253549438 9.8108455314754 0.00025977880144366 -0.00039489884448686 0.0013781547057742 0.0002799469959501 -0.00038632850188774 0.0013766454348686 0.40164785571443 0.04101219330882 4 5 4 4 1
