49.014243211159 8.4169908092658 111.74640655518 -0.006497 0.01405 1.9145523267949 0.029205620237984 -0.0034805050227043 0.028668363395628 0.0065726710267313 -0.05644241244471 -0.13647021893139 -0.060773320122561 9.8082944548997 0.0014412252490601 0.0027756610355615 9.809431455621 -0.00015786481680758 -8.1209463897264e-05 -8.106247942101e-05 -0.00015892470491165 -8.1740351506419e-05 -7.8318798857484e-05 0.38985253622363 0.039597979746447 4 4 4 4 0
49.014242174741 8.4169914513182 111.98581695557 -0.006007 0.014567 1.9593493267949 0.056490857096605 -0.0011792561329745 0.052717710460946 0.020334010277839 -0.06414403692445 -0.13708797203171 -0.067963696244042 9.808509796739 0.0061218793510523 -0.0089243146212768 9.8096973216148 0.00021420664627495 -0.00051709896045494 -0.00031128164482267 0.00020972838151817 -0.00051895501784897 -0.00031126003179693 0.38720020661152 0.029 4 4 4 4 0
49.014242772313 8.4169914717148 111.86651611328 -0.006124 0.01432 1.9369263267949 0.05325443030057 0.0042413463255938 0.048173263743893 0.023095144782106 -0.062689940817378 -0.13764743263821 -0.065491284169568 9.8067812774566 0.0028193607558686 -0.005297243171448 9.8079642383204 0.00043815864272064 0.00023049271136249 -0.00030153014075095 0.00043379541624196 0.00022862947997754 -0.00030915908299524 0.38480254676912 0.034655446902327 4 4 4 4 0
49.014243024062 8.4169911485624 111.78553771973 -0.006439 0.014089 1.9156063267949 0.032101177170645 0.0011065660990068 0.029839572220237 0.011887496850273 -0.057413458530083 -0.14284645599349 -0.065186937838158 9.8107247933715 -0.0046437643268135 -0.0023769440743801 9.8119801150018 -0.00057623248405134 1.337036760553e-05 0.000256383162393 -0.00057255354542603 1.503556257576e-05 0.00026440427190859 0.38783759487703 0.039597979746447 4 4 4 4 0
49.014243073653 8.4169911177546 111.77858734131 -0.006395 0.014102 1.9159163267949 0.032171687494693 0.00079469698648055 0.030006867655587 0.011629167308817 -0.057335385217246 -0.13476206668663 -0.065667811904739 9.8054262975265 0.0034992237791467 -0.0026969247087188 9.8065710642491 0.00054665053552017 1.3051855890948e-05 0.00076839950156812 0.00055742753086217 1.7981209313479e-05 0.00076052448713138 0.38783759487703 0.039597979746447 4 4 4 4 0
49.014242129653 8.4169914443329 111.99359130859 -0.006011 0.014602 1.9600543267949 0.055973627807561 -0.0018924579462684 0.052494851957458 0.0195174578789 -0.063936629989056 -0.13290032277795 -0.062324816670439 9.8052200587828 0.010364740620471 -0.0033059993829938 9.8063131103578 0.00013804127580792 -7.1269341422476e-05 -0.00038191454783146 0.00013246062633072 -7.3560481194062e-05 -0.00038343554537655 0.38720020661152 0.029 4 4 4 4 0
49.014243227771 8.4169909338594 111.74756622314 -0.006462 0.014059 1.9157753267949 0.031307256406951 -0.0017658916397288 0.030058695973515 0.0089294377916536 -0.057264493299159 -0.13635542882857 -0.065682941655278 9.8069113002942 0.0018545589068078 -0.0025284589681233 9.8080787296838 -0.00019318234819636 -0.00050856511986803 0.00038076741484097 -0.00018776995162918 -0.00050610467517277 0.00038671152205454 0.38985253622363 0.039597979746447 4 4 4 4 0
49.01424321774 8.4169907825945 111.74349212646 -0.006545 0.014037 1.9143743267949 0.028600155175603 -0.0038914215682983 0.028238828432236 0.0059729948554614 -0.056299265720034 -0.13597420559787 -0.065349044232078 9.8086082717283 0.0017837262811016 -0.0014521329909748 9.8097684360235 -0.0004434822418328 -6.9032519852644e-05 0.00068044544830363 -0.00043389040227594 -6.4610096022393e-05 0.00068704091132617 0.38985253622363 0.039597979746447 4 4 4 4 0
49.014242291031 8.4169914436255 111.96881866455 -0.005959 0.014554 1.9566773267949 0.057049318578559 -0.00034077919528997 0.052969938592558 0.021188146313783 -0.064151820109512 -0.14194649699986 -0.060316286807519 9.7983452652946 0.00071441142533711 -0.0016908846463214 9.7995586835958 0.00050026431492841 6.0516090062158e-06 0.00040323444702408 0.00050612168392723 8.4393145489541e-06 0.00039590690950947 0.38720020661152 0.029 4 4 4 4 0
49.014242807483 8.4169914506005 111.85601043701 -0.006193 0.01428 1.9327523267949 0.05036973246478 0.0041609587466377 0.045617283190067 0.021759824442453 -0.061912826177947 -0.13178554012811 -0.064759448244569 9.8063859314309 0.0083586370070378 -0.0040664043417121 9.8074809158577 8.4008054607093e-05 -2.9599470010954e-05 9.9948997052161e-05 8.5429950209986e-05 -2.8961334409906e-05 9.8935420582517e-05 0.38480254676912 0.034655446902327 4 4 4 4 0
49.014242447508 8.4169914576113 111.93739318848 -0.006031 0.014474 1.9494833267949 0.056197075817208 0.001300020005662 0.051721768599296 0.022015058786803 -0.063544873480169 -0.13364184921014 -0.060330411694338 9.8067045826947 0.0085514905292233 -0.0010695016904916 9.8077972676933 0.00031498441245193 -0.0003268186313981 -0.00023144884752657 0.00031165184799878 -0.00032821932427193 -0.00023398129241469 0.38560082987463 0.031827660925679 4 4 4 4 0
49.014242827141 8.4169913823547 111.83206176758 -0.006263 0.014125 1.9208313267949 0.041254948859128 0.0041371743254988 0.037322493444039 0.018058845967379 -0.059899543040562 -0.14146503184222 -0.062672822514622 9.8099679493466 -0.0026666467380829 -0.0014037133768853 9.8111875407028 -0.00018626576371334 -0.00027295138157286 6.1211809831149e-05 -0.00018529610982549 -0.00027262563053418 6.5546738205997e-05 0.3854062791393 0.0367695526217 4 4 4 4 0
49.014242928288 8.4169913158889 111.794921875 -0.00633 0.014101 1.9147793267949 0.033814675207642 0.0038556801551744 0.030531595734498 0.015037289606027 -0.058770915477665 -0.13512625314022 -0.066105419259317 9.8126532669161 0.0033953133782295 -0.0040252432049104 9.8138051789563 7.3407335653927e-05 -0.00020538519271461 0.00096334647459868 8.7034420896365e-05 -0.00019926126579314 0.00096349759439555 0.38661867518267 0.038183766184074 4 4 4 4 0
49.014242834311 8.4169913798231 111.82824707031 -0.006286 0.014132 1.9197873267949 0.040234984465154 0.0039470161974326 0.03644874119359 0.01749053560769 -0.059735188035197 -0.13284397608549 -0.059062474479032 9.8120687571151 0.0059880330796419 0.002463094295718 9.8131436784185 -0.00016122583478996 -0.00016090894273946 5.7453892698847e-05 -0.00016031892578002 -0.00016056478657611 6.074776590582e-05 0.3854062791393 0.0367695526217 4 4 4 4 0
49.014242669951 8.4169914774838 111.89312744141 -0.006078 0.014413 1.9464693267949 0.056826278495167 0.0030134418098283 0.051742289319008 0.023686179503465 -0.063385290825585 -0.13585814702191 -0.059524996179973 9.8094608226347 0.0059113125532952 6.0149102014265e-06 9.8105803303015 -4.0796227147863e-05 -0.00056189718371965 -0.0011648056862852 -5.753948035026e-05 -0.0005690019098327 -0.0011606627819924 0.38560082987463 0.031827660925679 4 4 4 4 0
49.014243230898 8.416990986943 111.74704742432 -0.006425 0.014087 1.9159533267949 0.031789036485865 -0.0011499194484714 0.030302317506376 0.0096764082007083 -0.057489877758991 -0.13239160253111 -0.061342578424877 9.8043084769958 0.0057767679418521 0.0015972768033962 9.80539238099 3.5375619071638e-05 -6.2545821487117e-05 -0.00024859946732211 3.1875818889754e-05 -6.4134827356782e-05 -0.00024866462021079 0.38985253622363 0.039597979746447 4 4 4 4 0
49.014242568276 8.4169914780381 111.91371917725 -0.006127 0.014412 1.9480783267949 0.056470964090122 0.0023633327052362 0.05162869151741 0.023000784790726 -0.063571533416372 -0.13497093205033 -0.056590733927647 9.8103146639907 0.00669630010915 0.0029278742038239 9.8114034880881 -0.00099360472976775 -0.00049560992553367 -0.00010013760159279 -0.00099488951472633 -0.00049622943106942 -8.2756180139567e-05 0.38560082987463 0.031827660925679 4 4 4 4 0
49.014242700016 8.4169914826679 111.88627624512 -0.006063 0.01443 1.9451553267949 0.056377368917605 0.0031129317409859 0.051317877240508 0.023549511954409 -0.063526553201971 -0.13453987215177 -0.065882890180282 9.8052143756128 0.0070410748837167 -0.0062982422731466 9.8063543931556 0.00036224833137915 -2.3127984623406e-05 0.00031843975280149 0.0003668127375524 -2.1207350168848e-05 0.00031333721962357 0.38480254676912 0.034655446902327 4 4 4 4 0
49.014242918611 8.4169913336287 111.79693603516 -0.006288 0.014141 1.9150213267949 0.034366277525415 0.0038536198465594 0.031044830726449 0.015235113922072 -0.05902425252269 -0.1369469790472 -0.06495751754922 9.8067733752098 0.0015389524798049 -0.0030295512011111 9.8079443379246 0.00060753965354821 0.0004515121070933 0.00054392928259131 0.00061514153239834 0.0004549513449474 0.00053242830753592 0.38661867518267 0.038183766184074 4 4 4 4 0
49.01424241371 8.4169914535944 111.94523620605 -0.006044 0.014532 1.9505793267949 0.056576741348411 0.0012275753871555 0.05207431826365 0.02215225263599 -0.063365293434392 -0.14086193116143 -0.067511131710627 9.8048833627023 0.001481744013165 -0.008247541191442 9.8061243700794 0.00010942657758076 0.00039884494439985 8.1653822791561e-05 0.00011058658479682 0.00039932851782581 7.7648142776351e-05 0.38560082987463 0.031827660925679 4 4 4 4 0
49.014242729603 8.4169914799117 111.88096618652 -0.006084 0.01443 1.9443043267949 0.056171831451015 0.003612970548016 0.050967912548072 0.02388760123808 -0.063371040527746 -0.14118712302154 -0.068628328617293 9.8090057673613 0.00028567611628759 -0.0089038876866009 9.810257656975 0.00021340413032331 0.0002382055200984 0.00030852847518246 0.00021781742453499 0.00024007920530033 0.00030398203759133 0.38480254676912 0.034655446902327 4 4 4 4 0
49.014243214977 8.4169908407533 111.74768066406 -0.006471 0.014008 1.9149003267949 0.030013599377471 -0.0028031499889928 0.029197527584189 0.0074949556987803 -0.056691707433966 -0.13832400593448 -0.06533783933375 9.8102913057385 -0.00041281718837196 -0.0018791567803584 9.8114837879682 0.00015822846258177 -0.00073790556399442 -0.00045696250169376 0.00015185629746593 -0.00074089678992035 -0.00045432818382982 0.38985253622363 0.039597979746447 4 4 4 4 0
49.014242993125 8.41699116784 111.78952789307 -0.006411 0.014059 1.9152573267949 0.032299786055413 0.0016378545509731 0.029849903987721 0.01244765839507 -0.057532702560952 -0.13717286035006 -0.063201099057791 9.8051614998723 0.00098206587701718 -0.00055665333378438 9.8063244062755 -0.00022621310641913 -0.000546289269617 -0.00078280650323802 -0.00023712914451473 -0.00055130652727298 -0.0007760140471828 0.38783759487703 0.039597979746447 4 4 4 4 0
49.014242845924 8.4169913718024 111.81916809082 -0.006264 0.014129 1.9178653267949 0.038319992123112 0.0042508256061852 0.034581455438031 0.017047607079125 -0.059642929022158 -0.13186724207687 -0.065763221230525 9.8081172053511 0.0067121631858313 -0.0041313665922376 9.8092209209721 0.00046966684538207 0.00010716407320183 -0.00034092683834235 0.00046478919298379 0.00010501000968555 -0.00034819392906737 0.38661867518267 0.038183766184074 4 4 4 4 0
49.014242083511 8.4169914401582 112.00185394287 -0.00602 0.014596 1.9609693267949 0.055294267846941 -0.0023084306460215 0.052009544446562 0.018915840756146 -0.063823061354365 -0.14064698797557 -0.065515674981886 9.8057826824446 0.0027766091429393 -0.0065140620834491 9.8070077311031 -8.9482580375249e-05 -0.00047467952338104 0.00074968802176232 -7.8462831805337e-05 -0.00047014319262687 0.00075374936975415 0.38720020661152 0.029 4 4 4 4 0
49.014242775552 8.4169914727642 111.86834716797 -0.006127 0.014355 1.9395703267949 0.054205730300405 0.0039112183740072 0.049135448358726 0.023222340695854 -0.062845710750966 -0.12836103258749 -0.066202672273802 9.8092331484641 0.012366887453875 -0.0061207762485484 9.8102868917116 0.00010578282552841 0.0003087798549058 0.0013920264010372 0.00012570160178255 0.00031729078320754 0.0013884241175149 0.38480254676912 0.034655446902327 4 4 4 4 0
49.014242974805 8.4169912039141 111.79090881348 -0.00646 0.014167 1.9151113267949 0.032498742649629 0.0021088824498388 0.029881124103686 0.012951293958144 -0.057797713707667 -0.13901262328502 -0.0645012177938 9.8082404082524 -0.00050002995560334 -0.0017511165472287 9.8094374230907 -0.00097109839014085 0.00078583586440656 0.00025649730775313 -0.0009674744063262 0.00078742023258837 0.00026518681899634 0.38783759487703 0.039597979746447 4 4 4 4 0
49.014242484606 8.4169914644131 111.9298324585 -0.006052 0.014453 1.9488353267949 0.056364118439593 0.0019086531859227 0.051670125821957 0.022600338725653 -0.063279609726833 -0.13854896677219 -0.072334949514606 9.8107345504342 0.0034034884794156 -0.012804292573831 9.8119708249743 0.00034521855149566 -0.00019439439823729 0.00036606561688719 0.00035052137193502 -0.00019216976742527 0.00036220785967118 0.38560082987463 0.031827660925679 4 4 4 4 0
49.01424287512 8.4169913683829 111.80912780762 -0.006302 0.014092 1.9169173267949 0.036925452829903 0.0040589486806401 0.033352035558306 0.016358658764461 -0.059813915115541 -0.12965439008873 -0.061740058692232 9.8070318109496 0.0086903441661009 -7.4114722758295e-05 9.8080792680493 -0.00013625082945478 -0.00016357930789147 -0.00041485403102144 -0.00014205201906553 -0.00016621197596214 -0.00041186476661677 0.38661867518267 0.038183766184074 4 4 4 4 0
49.0142423823 8.4169914515228 111.95124816895 -0.006066 0.014532 1.9517863267949 0.056900738532782 0.00078433924740349 0.052509819983303 0.021932497389129 -0.063476501966801 -0.13174065014193 -0.061174222010992 9.8118437706337 0.010596304767281 -0.0018947957757488 9.8129126591884 -0.00031713778214115 0.00061739353691331 0.00061719384672175 -0.00030819409709769 0.00062112073169469 0.00061799984474873 0.38560082987463 0.031827660925679 4 4 4 4 0
49.014243162401 8.4169910788534 111.76312255859 -0.006405 0.014059 1.9163633267949 0.032255945205479 0.00022326523546592 0.030274711657373 0.01113277808507 -0.057370640413328 -0.13247959382533 -0.060093282353652 9.8133619063798 0.0057476891007483 0.0029492166089418 9.8144381153401 0.0004103358616532 -0.00051319788582688 0.00012951962046017 0.00041213699514772 -0.00051235801415742 0.00012704014786717 0.38783759487703 0.039597979746447 4 4 4 4 0
49.014242256382 8.4169914414995 111.97469329834 -0.006009 0.014578 1.9580413267949 0.057331705134418 -0.00063023334810167 0.05331795762694 0.021083724091086 -0.063773645592103 -0.13993369170133 -0.062254073416087 9.8147731063988 0.0031152228061332 -0.0033816753333234 9.8159670572219 -0.00012916343949109 0.0001205770420154 0.00079934087587568 -0.00011754025104953 0.00012536643219544 0.00080039586947365 0.38720020661152 0.029 4 4 4 4 0
49.014242835578 8.4169913748181 111.82398223877 -0.006263 0.014117 1.9186013267949 0.039089126181509 0.004028778970037 0.035363750828869 0.017134805773135 -0.059758267071534 -0.13696501578524 -0.069179880416317 9.8057029909168 0.0016606946046133 -0.0075460096395979 9.8069005577644 0.00051908305293228 -0.00018980039234568 0.00072988587123898 0.00052938002331285 -0.00018521210665128 0.00072367187208678 0.3854062791393 0.0367695526217 4 4 4 4 0
49.01424310064 8.4169911111083 111.77383422852 -0.006394 0.014107 1.9158683267949 0.032135541985375 0.00049482161222753 0.03007365497051 0.011336379962798 -0.057334911898912 -0.12861835138423 -0.062087726749669 9.8099209216923 0.0097933608541801 0.00084590220936705 9.8109557877444 0.00042699013049053 -3.3788094985819e-05 0.00022487824076398 0.00043012275332363 -3.2331392657925e-05 0.0002190516074328 0.38783759487703 0.039597979746447 4 4 4 4 0
49.014242761446 8.4169914796766 111.87159729004 -0.00608 0.014367 1.9408913267949 0.054958556475335 0.0037266064481239 0.049867594672693 0.023399748398794 -0.063301953466986 -0.13245277845093 -0.067114062250293 9.8033075979719 0.0084744576061943 -0.0073770904150037 9.8044257145708 0.00038851324808691 3.860835017454e-05 5.8909383315751e-06 0.00038857430926601 3.8664047277073e-05 9.5311661907617e-08 0.38480254676912 0.034655446902327 4 4 4 4 0
49.014242914617 8.4169913476214 111.7991027832 -0.006348 0.014099 1.9155883267949 0.035005230842498 0.004042785292726 0.031573648358918 0.015646567526342 -0.059289844513261 -0.14019301097362 -0.066305629256971 9.810547181701 -0.0016314950595139 -0.0044603160687349 9.811771923766 -0.00065007673421538 -0.00035102892678729 -0.00053603252402028 -0.00065756621650034 -0.00035443618094837 -0.00052455581089788 0.38661867518267 0.038183766184074 4 4 4 4 0
49.014243130328 8.4169910977988 111.76853942871 -0.00643 0.014076 1.9161373267949 0.032070908088369 0.0004101799133968 0.030040212033029 0.011238205659653 -0.057450993637279 -0.14118487213023 -0.06447756300148 9.8085209853206 -0.0029649527378882 -0.0015110452604943 9.8097485359071 -0.00013041085476589 -0.00030572625779796 0.0011713588046901 -0.00011387507108388 -0.00029821917416173 0.0011750226094853 0.38783759487703 0.039597979746447 4 4 4 4 0
49.01424231678 8.4169914486544 111.96331787109 -0.006055 0.014523 1.9544553267949 0.056749528827554 0.00012495880315231 0.052553635167378 0.021416528154996 -0.063686501824046 -0.13045397095065 -0.070587368809142 9.8152262593571 0.012162740175355 -0.011393342942141 9.8163332256411 -0.00032033079374972 6.4554905973722e-05 -0.00082118256410698 -0.00033221553971738 5.9573819386209e-05 -0.00081682331058869 0.38720020661152 0.029 4 4 4 4 0
49.014242786377 8.4169914731029 111.86273193359 -0.00615 0.014311 1.9352313267949 0.052102868893828 0.004275478080619 0.047136111033862 0.022609226547807 -0.062199648037317 -0.13568162917609 -0.05829165040816 9.8074949040849 0.0047009570465676 0.0020248823953905 9.8086054931151 0.0001344934240705 0.00015173502782208 0.00086502735649357 0.00014683985486979 0.00015705423155439 0.00086209269346346 0.38480254676912 0.034655446902327 4 4 4 4 0
49.01424282905 8.4169914183901 111.84675598145 -0.006226 0.014277 1.9286773267949 0.047419005086277 0.0038390053668658 0.043056333141941 0.020234771385574 -0.061077261844172 -0.13556353685417 -0.068652712435137 9.8045514974426 0.0043936258731476 -0.0078067888733657 9.8057249154634 -0.00020694131550788 0.00021541403363023 0.00098002209047262 -0.00019294130973443 0.00022150629311643 0.00098149666397957 0.3854062791393 0.0367695526217 4 4 4 4 0
49.014243213079 8.416991041842 111.75316619873 -0.006412 0.014058 1.9165073267949 0.03246360138486 -0.00063974674387155 0.030758980837895 0.010400982856964 -0.05769429338894 -0.13137716637243 -0.062935204255576 9.8067876586062 0.0070284872182541 2.898332749868e-05 9.8078672174855 0.0002297562150022 -0.00093839661337038 0.00015403300684498 0.00023199885291293 -0.00093737742917135 0.00015681433897053 0.38783759487703 0.039597979746447 4 4 4 4 0
49.014242355994 8.4169914498512 111.95686340332 -0.00606 0.014526 1.9533983267949 0.05707367542295 0.00071782707585002 0.052666017235141 0.022005415672214 -0.063612533336932 -0.13849509278291 -0.068021659062167 9.8029180560567 0.0037538866190387 -0.008858125458146 9.8041279062117 -0.00036688964389298 0.00039230327746258 0.0012946449634816 -0.00034804935082755 0.00040013228803738 0.0012974227791505 0.38560082987463 0.031827660925679 4 4 4 4 0
49.014242800547 8.416991402507 111.84069061279 -0.006249 0.014158 1.9223343267949 0.043006132991624 0.0039191985322101 0.039003947449075 0.018535834534431 -0.060154597309303 -0.14024505541402 -0.063602185277359 9.8079441168029 -0.0010476381815214 -0.0025092769446681 9.8091526623659 -0.00015836436007159 -0.00032654562896317 -0.0012106913803883 -0.00017545868248276 -0.00033409561740651 -0.0012062420539556 0.3854062791393 0.0367695526217 4 4 4 4 0
49.01424263801 8.4169914734568 111.89946746826 -0.006079 0.014423 1.9475253267949 0.057054217060836 0.0031637767230529 0.051880555688049 0.023950055148844 -0.063624229425719 -0.13446492873896 -0.065533456803595 9.8090681086954 0.0073681266074995 -0.0058877345672397 9.8102041015464 0.00017953414756059 -0.00055158843830158 -1.2046524381564e-05 0.00017938719719119 -0.0005516531547147 -1.1271531040288e-05 0.38560082987463 0.031827660925679 4 4 4 4 0
49.014242819667 8.4169913835059 111.8360824585 -0.00626 0.014134 1.9219113267949 0.041983759730964 0.0040656147235601 0.038016613061512 0.018273121288222 -0.06004883096646 -0.13357094065682 -0.068055577158679 9.8065238590292 0.0052436237065412 -0.0067709268656051 9.8076658359641 -2.5400443183133e-05 -0.00028096267256909 -0.00081240852875802 -3.6876970916645e-05 -0.00028607245428382 -0.00081020627056537 0.3854062791393 0.0367695526217 4 4 4 4 0
49.01424221356 8.416991446029 111.98071289062 -0.005972 0.014605 1.9586893267949 0.056979221966521 -0.00089089724030328 0.053075571903774 0.020746531123861 -0.064073583422713 -0.13441017263575 -0.058887696769452 9.805837065425 0.0086706349712093 -0.000147992520668 9.8069312350779 0.00038731752161758 0.00031515068676458 0.00017285292584884 0.00038975749120144 0.00031617993529951 0.00016529658921821 0.38720020661152 0.029 4 4 4 4 0
49.014242815791 8.4169914115649 111.84259033203 -0.006245 0.014198 1.9243883267949 0.0445054942101 0.0041323631902153 0.040300952437949 0.01933022605714 -0.060457792466458 -0.13585299138157 -0.058207781628801 9.8051333411697 0.0034663861338916 0.0028021169753685 9.8062462438749 -0.00025039692368833 3.9922401925972e-05 -0.00023997220607752 -0.00025377129585765 3.8423107495341e-05 -0.00023666265307239 0.3854062791393 0.0367695526217 4 4 4 4 0
49.014242825685 8.4169914326973 111.8489151001 -0.00617 0.014288 1.9300193267949 0.048498060507551 0.0040472601965306 0.04396493903756 0.02086897563374 -0.061447472261757 -0.13689720524787 -0.060362303138113 9.8040834713861 0.0030831892234689 0.00029785190993985 9.8052246983518 0.00046864334715993 0.00035033571756526 0.000738906960791 0.0004790954872387 0.00035492206471509 0.00072994891823795 0.3854062791393 0.0367695526217 4 4 4 4 0
49.014242893827 8.4169913651982 111.80508422852 -0.006324 0.01409 1.9165863267949 0.036332083489856 0.004272734142346 0.032730027696164 0.016340892399528 -0.059528724908537 -0.13469054910228 -0.06992609675379 9.8079855456112 0.0037813383409805 -0.0080478101959291 9.8091554889258 -0.00018936990830927 -0.00042875718230455 0.00075875857711721 -0.00017859879614797 -0.0004239524053994 0.00076402052719639 0.38661867518267 0.038183766184074 4 4 4 4 0
49.014242865236 8.4169913690333 111.81294250488 -0.006282 0.014092 1.9176303267949 0.037564836458342 0.004156827366279 0.033911426318076 0.016685685355001 -0.059700318111467 -0.13868617972349 -0.062449023845821 9.8061826297075 -0.00029398979739267 -0.00085457827785067 9.8073620209436 8.0056798780155e-05 -0.00031918488194 -0.000192468224641 7.7387188613578e-05 -0.00032040130886021 -0.00019156772303288 0.38661867518267 0.038183766184074 4 4 4 4 0
49.0142431955 8.416991052608 111.75762939453 -0.006403 0.014115 1.9166563267949 0.032453269941144 -0.000252409305411 0.030618613647113 0.010760164953082 -0.057601577992418 -0.1379896250447 -0.065181826451639 9.8067494596531 0.00038773232617217 -0.0022597533173785 9.8079365421079 0.00030500434204394 5.2171224247883e-05 0.00073262674010311 0.00031532510369453 5.684129891866e-05 0.00072793067100082 0.38783759487703 0.039597979746447 4 4 4 4 0
49.014242791493 8.416991456611 111.86046600342 -0.006133 0.014297 1.9337853267949 0.051039293813916 0.0041392082773179 0.046225971718728 0.022029468175226 -0.061981548856563 -0.13499532787134 -0.067678361827513 9.8071674295711 0.005284563331326 -0.0073004210958784 9.8083256190153 0.00062853160514332 6.3599144014811e-05 -0.00044061978026447 0.00062216471721049 6.0881646077238e-05 -0.00044995041608388 0.38480254676912 0.034655446902327 4 4 4 4 0
49.014243049391 8.4169911323925 111.78248596191 -0.006406 0.014081 1.9158283267949 0.03218289066717 0.00097545936751751 0.02995712555708 0.011800910670235 -0.057366565785226 -0.13398561075206 -0.066119503550518 9.8067245821216 0.0043020610564544 -0.003234422540736 9.8078613695653 0.00017666765487181 -0.00035337106162646 0.00079447599306336 0.0001878940445931 -0.00034826952367588 0.00079416163705858 0.38783759487703 0.039597979746447 4 4 4 4 0
49.014243228046 8.4169908872984 111.74681854248 -0.006469 0.014087 1.9154693267949 0.030736437102444 -0.002461684697941 0.029759219220428 0.0080729622148797 -0.057069678556939 -0.13262287484569 -0.063095603465838 9.8043463479381 0.0054636190021754 0.00024511490098434 9.8054448600422 4.6605950470659e-05 0.00012773578505806 -0.00020915507319853 4.358764477803e-05 0.00012632583566724 -0.00021058266853834 0.38985253622363 0.039597979746447 4 4 4 4 0
49.014242952032 8.4169912337929 111.7931060791 -0.006381 0.014092 1.9148083267949 0.032674315558334 0.0025001177159654 0.02991711179513 0.013372646908224 -0.058107546776744 -0.13380997808352 -0.061825805268593 9.8098188280883 0.0045876312974772 0.00066128416532332 9.810925019004 -1.9855732990106e-05 -0.00026111084298177 -0.00014104440918833 -2.1789890237658e-05 -0.00026197239291526 -0.0001390886722926 0.38661867518267 0.038183766184074 4 4 4 4 0
49.014242814975 8.4169914428631 111.85214233398 -0.006175 0.014264 1.9311283267949 0.049478508383463 0.0043784512489651 0.044737281386913 0.021584132337225 -0.061463656068804 -0.13558285790803 -0.062039146814803 9.8110961951402 0.004562795860474 -0.001362875497881 9.8122281488529 0.00036493866652309 -0.0001554572795544 -0.00049285594061825 0.00035786350095053 -0.00015850983815102 -0.0004970705380172 0.38480254676912 0.034655446902327 4 4 4 4 0
49.014242523443 8.4169914737156 111.92203521729 -0.006054 0.014442 1.9482183267949 0.056599709120514 0.0024675019996626 0.051699668525372 0.023168419776422 -0.063538733221091 -0.13531154336987 -0.060672758762155 9.8070174795525 0.006549482804244 -0.0012239344979633 9.8081362511238 0.00017857249297385 -0.00033913073459389 0.00081296416618506 0.0001903192949624 -0.00033420640447905 0.00081232774211556 0.38560082987463 0.031827660925679 4 4 4 4 0
49.014242820537 8.4169914111695 111.84499359131 -0.006267 0.014256 1.9264213267949 0.046093045047728 0.0041306555888663 0.041749725645198 0.019965289653688 -0.060732978730944 -0.14391348283035 -0.06907752913271 9.8094663263128 -0.0040896735832763 -0.0079083650288757 9.81076109867 -0.00039757077757381 0.00028579219144346 0.0012539943791794 -0.00037968873904689 0.00029366857907041 0.0012577094821236 0.3854062791393 0.0367695526217 4 4 4 4 0
49.014242608966 8.4169914783689 111.90613555908 -0.006068 0.01448 1.9481953267949 0.056767088447657 0.0026188018269964 0.051807184780734 0.023353284565382 -0.063596828350266 -0.13747518459583 -0.069893040385359 9.8061152926171 0.0042177934267883 -0.010320616931602 9.8073216024694 0.00019314537798906 0.00056447582075934 0.00042170783959095 0.0001991756525847 0.00056702275899391 0.00041545979155993 0.38560082987463 0.031827660925679 4 4 4 4 0
49.014242750299 8.4169914805296 111.87619018555 -0.006078 0.014409 1.9429193267949 0.055772490262961 0.0038999927602347 0.050520099932134 0.02394807932594 -0.063218201049601 -0.13353542646606 -0.062224293048741 9.8061324263304 0.0078542331903793 -0.0025934960596413 9.8072359039052 0.00017873465882867 -1.9887178628559e-05 0.00034032749952124 0.00018367813495859 -1.7816978849139e-05 0.00033787594148949 0.38480254676912 0.034655446902327 4 4 4 4 0
49.014242903443 8.4169913541367 111.8025894165 -0.006298 0.014152 1.9160623267949 0.035757120628248 0.00418083687443 0.032227344410294 0.016045220163241 -0.059470338052949 -0.13310355431784 -0.059381128575928 9.8007452118716 0.0053258400747018 0.0022905575879804 9.8018273918624 3.2915477540457e-05 0.00056173439880516 -0.00011190643465827 3.1250736481903e-05 0.00056098721401088 -0.00011589957448326 0.38661867518267 0.038183766184074 4 4 4 4 0
49.014243214667 8.4169910177284 111.75088500977 -0.006459 0.014071 1.9160783267949 0.032030825414955 -0.00076683040461523 0.03039760707096 0.01012652797911 -0.057617159106821 -0.13709431929865 -0.06821409246334 9.8074228696377 0.0011042872519288 -0.0050761110373343 9.8086169375175 -0.00023929886810856 -0.00025604656073618 -0.00011023970919855 -0.00024078953517485 -0.00025674444590725 -0.00010520316840563 0.38985253622363 0.039597979746447 4 4 4 4 0
49.014242940291 8.4169912808441 111.79376983643 -0.006328 0.014148 1.9147983267949 0.033275019463856 0.0032134716789859 0.030241750371212 0.014247416180187 -0.058414385304379 -0.13398302024909 -0.060793928778412 9.8039891093669 0.0044207064642834 0.0012635567766692 9.8050921200326 0.00018651518991288 0.00057155597254014 0.00079931221689795 0.00019776501999799 0.00057662768493082 0.00079296535863003 0.38661867518267 0.038183766184074 4 4 4 4 0
