49.014247020687 8.4169743413257 110.52410888672 -0.00596 0.014405 2.0232043267949 0.011304762432536 0.010605206186035 0.0055318119478707 0.014479880826801 -0.02461559862168 -0.14178372448424 -0.061794708111944 9.8084255790432 -0.00077229922448599 -0.0029396037875948 9.8096449304721 0.00079556570306656 0.00048120010081477 0.0012577149483597 0.00081352828401399 0.00048868098190395 0.0012432945809334 0.40070562761209 0.04172529209005 4 5 4 4 0
49.014245607625 8.4169738041988 110.60874938965 -0.006153 0.014445 2.0207213267949 0.027273479802945 0.0052102946619361 0.022292170712397 0.016554394389248 -0.02412307066058 -0.14090541699663 -0.059325305929611 9.8030157735875 0.00046505194036024 0.00092705461482415 9.8042076950287 -3.5060521229805e-06 0.00030780145057555 0.0012581301267989 1.4635437097107e-05 0.00031557283683186 0.0012561711914298 0.40070562761209 0.04172529209005 4 5 4 4 0
49.01424714246 8.4169742693269 110.52409362793 -0.005959 0.014419 2.0224633267949 0.011891046599913 0.0087684087787711 0.0068715883770638 0.013079096042988 -0.024033705185653 -0.14476382872877 -0.058170228361772 9.8032257165057 -0.0035638687610675 0.00035294033014244 9.8044667995119 0.00025133913604763 0.00024164443041876 0.0016089645883498 0.00027447579585238 0.00025127623048985 0.0016037416598439 0.40070562761209 0.042426406871193 4 5 4 4 0
49.014247099311 8.4169742862678 110.52418518066 -0.005985 0.014427 2.0226913267949 0.011445231247205 0.0094102249520427 0.0061859715157043 0.013463983956966 -0.024305893701274 -0.1382117996286 -0.058949706670118 9.8022860210198 0.0029015823576633 -0.00020177247340875 9.8034369543571 0.00025026733566138 0.00048910880956341 0.00054723143156489 0.00025811376847307 0.00049238925441877 0.000540663276226 0.40070562761209 0.042426406871193 4 5 4 4 0
49.014245698079 8.4169733515211 110.64308929443 -0.006274 0.014252 2.0213103267949 0.012225201243058 -0.0041699691176497 0.012821288520642 0.0015682434152 -0.020534594111332 -0.13819425515474 -0.059822209776107 9.8069977105969 0.0021751704633458 0.0016990538991777 9.8081537572965 6.8390249802951e-05 -0.0010053354879072 0.00025600653559625 7.2152237026986e-05 -0.0010037137113195 0.00026127557254644 0.40070562761209 0.042426406871193 4 5 4 4 0
49.014246533049 8.416974219126 110.5733795166 -0.005996 0.014266 2.0246783267949 0.0091334521147474 0.0089208719711299 0.0042989853961768 0.012021620262224 -0.022725268452291 -0.13532201172078 -0.058532370062962 9.8090175355282 0.0046436607121529 0.00045987542184205 9.8101246791526 0.00033531796134422 -9.3030492634538e-06 0.0010314409863039 0.00035002383014979 -3.1072722275925e-06 0.0010265795968656 0.40070562761209 0.042426406871193 4 5 4 4 0
49.014247124314 8.4169742735825 110.52390289307 -0.005991 0.014354 2.0225283267949 0.011731891702688 0.0091866025299277 0.0065441315414629 0.013386729376108 -0.02407773551327 -0.14779275653047 -0.065896812958294 9.8146160668327 -0.0065654339748555 -0.0071789880257738 9.8159453140312 -6.3775930191697e-05 -0.00068961430606691 0.0010706521363932 -4.8365660225873e-05 -0.00068318974074982 0.0010756051567657 0.40070562761209 0.042426406871193 4 5 4 4 0
49.014246581916 8.4169743168728 110.56320953369 -0.005974 0.014243 2.0250773267949 0.0084668022741453 0.010192386329462 0.0031373933899647 0.012873499056764 -0.023114098497198 -0.14133563143094 -0.058397190358631 9.8030336293694 -0.0016984160491878 0.00031252377176215 9.8042258847353 0.00028452674309957 3.0770336593616e-05 0.0012116888571798 0.00030176111449109 3.8026041809418e-05 0.0012072820492061 0.40070562761209 0.042426406871193 4 5 4 4 0
49.014245550393 8.4169738340031 110.61231231689 -0.006123 0.014423 2.0208343267949 0.027249861363336 0.0056235514494677 0.022088851828931 0.016919258910605 -0.023950285973632 -0.14697293639897 -0.067168218371904 9.811590095826 -0.0054864913414452 -0.0070006385372426 9.8129168310047 0.00028345888419804 1.2565272569797e-05 -0.00014485706954222 0.00028134512704375 1.1686998549131e-05 -0.00014903109114945 0.40070562761209 0.04172529209005 4 5 4 4 0
49.014247059484 8.4169743073231 110.52389526367 -0.006001 0.014397 2.0229043267949 0.011447406630439 0.0099818490004301 0.0059351999142096 0.013980451594926 -0.024437770219688 -0.13419769413752 -0.059233335711968 9.8055933149223 0.0066911370333093 -0.00046846284804219 9.8066879525007 -1.6880007291396e-05 0.00044861319000632 0.0003084466020423 -1.2488856565897e-05 0.00045048530434758 0.00030596470931229 0.40070562761209 0.042426406871193 4 5 4 4 0
49.014247079596 8.4169742949846 110.52436065674 -0.005993 0.014415 2.0228103267949 0.011396641944454 0.0096283668408373 0.0060456760673605 0.013639589802341 -0.024306018644377 -0.14478756641588 -0.064777498937883 9.8070051204016 -0.0036762794253045 -0.0059441897562444 9.8082849631605 0.00023435893993579 0.00042119780734534 0.00061764831645823 0.00024318751503106 0.00042490126599241 0.00061166827485319 0.40070562761209 0.042426406871193 4 5 4 4 0
49.014246946529 8.4169743643689 110.52719116211 -0.005991 0.014312 2.0235523267949 0.010765847521853 0.01149139604165 0.0046517972067568 0.015043767070865 -0.024650139721761 -0.14958974697709 -0.063496968375914 9.8113690876694 -0.0089752119041695 -0.0047965437383331 9.8127096670407 -1.7099320868796e-05 -0.00049541683917034 0.001038502717499 -2.1626222079601e-06 -0.00048918995900833 0.001041563723331 0.40070562761209 0.04172529209005 4 5 4 4 0
49.014247038572 8.4169743213928 110.52440643311 -0.006012 0.014364 2.0230743267949 0.011250396429113 0.010413669595515 0.0055673207852219 0.014283583614788 -0.024499424085689 -0.1453141256033 -0.06210291687945 9.8058070894953 -0.0043829767590051 -0.0033270639312874 9.8070789021546 -0.00019320236104051 -0.0001934098885531 0.00085462242364076 -0.00018089188497868 -0.00018825727150327 0.00085846692961387 0.40070562761209 0.042426406871193 4 5 4 4 0
49.014245709502 8.416973713287 110.60430908203 -0.006166 0.014451 2.0202083267949 0.026827526858166 0.0035846615144666 0.022604751930529 0.014885897294906 -0.024320846647605 -0.14365741895486 -0.06329164724761 9.8069098618598 -0.0019358705494329 -0.002772840484138 9.8081654741871 0.00022600908854045 -4.8646490156712e-05 0.00011244268430261 0.00022760934530788 -4.7940424441129e-05 0.00010948035532723 0.40128792655648 0.042426406871193 4 5 4 4 0
49.014245734191 8.4169734015288 110.64867401123 -0.006286 0.01424 2.0218433267949 0.010172842915959 -0.0037541775855427 0.010792039445722 0.0010546917910517 -0.019793163643387 -0.14803959887933 -0.064858481868119 9.8076705225075 -0.0081469458404916 -0.0032252758755046 9.8089981745949 -1.4084595397246e-05 -0.00038408389448019 0.00053852580108904 -6.3552317479118e-06 -0.00038071113803741 0.00054108350639919 0.40070562761209 0.04172529209005 4 5 4 4 0
49.014245758441 8.4169735738208 110.61469268799 -0.006197 0.01439 2.0199923267949 0.02387111193672 0.00059189077926461 0.021246210263081 0.010898556156922 -0.023278907180912 -0.14494581364627 -0.058061896974856 9.8078629659177 -0.0034387608530621 0.0027277322214613 9.8091046801117 0.00014549715026026 -0.00061203965600622 0.0009077147240245 0.00015861791609347 -0.00060640251003464 0.00090931158919377 0.40128792655648 0.042426406871193 4 5 4 4 0
49.014245846636 8.4169735517609 110.65097808838 -0.006175 0.014224 2.0230013267949 0.005713657296115 -0.0016357726910278 0.0058541167907228 0.0010250934030631 -0.018804846352048 -0.13731703121737 -0.060336405343038 9.8064638882918 0.0020663846697249 0.00051126924549062 9.807610776318 0.00049556043937999 0.00015150114215591 0.00051006800547055 0.00050275224467566 0.00015467131989321 0.00050203320606293 0.40128792655648 0.042426406871193 4 5 4 4 0
49.014246324154 8.4169739297324 110.60321044922 -0.006067 0.014258 2.0235393267949 0.0078786649883697 0.0043475477707691 0.0051833261581178 0.0073557631582456 -0.021195886147873 -0.14325124671323 -0.060540657336185 9.8034382574842 -0.0033013476550076 -0.0010458363840781 9.8046712202847 -3.0123995344404e-05 -0.00033900479221173 -0.00016925404140011 -3.2504190983607e-05 -0.00034000183210411 -0.00016675384310448 0.40070562761209 0.042426406871193 4 5 4 4 0
49.014245861605 8.4169735808276 110.65021514893 -0.006185 0.014215 2.0230883267949 0.0056025877665011 -0.0011781515043961 0.0055541818137329 0.0013885186766161 -0.018864812094147 -0.14306319417 -0.06229637122038 9.8086644889366 -0.0036236489657965 -0.0014828097669444 9.8099044654442 0.0002369057703689 -1.9405334885899e-05 0.00019988349998197 0.00023976918300149 -1.8156536636881e-05 0.00019664814482151 0.40128792655648 0.042426406871193 4 5 4 4 0
49.014245712811 8.4169733587817 110.63554382324 -0.006271 0.014369 2.0201933267949 0.018069958811042 -0.0031751534487875 0.017655806015381 0.0049878619881014 -0.021526091298524 -0.13789040088119 -0.062540248570468 9.8081038968248 0.0032971491913295 -0.0010057094866096 9.8092720878998 0.00018288633204503 -0.00033908358083841 0.0010754705422786 0.00019837123614797 -0.00033232696455127 0.0010748321243832 0.40070562761209 0.042426406871193 4 5 4 4 0
49.01424689303 8.4169744066769 110.53173828125 -0.006011 0.014291 2.0239433267949 0.010413814644852 0.011839983676087 0.0041776966688691 0.01520457282203 -0.024413192562643 -0.13860455967236 -0.06049248565602 9.8065264660077 0.0016899767762295 -0.0018827420569911 9.807692341938 -0.00049812456938058 -0.00034143239261233 0.00024806649333499 -0.0004944875124757 -0.00033996555131882 0.00025722489562512 0.40070562761209 0.04172529209005 4 5 4 4 0
49.014245719836 8.4169734456945 110.62369537354 -0.006262 0.014405 2.0199533267949 0.020700113022648 -0.0013721620919492 0.019242405337574 0.0077528678856636 -0.022424993695456 -0.14504471394165 -0.057606946697033 9.8041551099687 -0.0039405704697673 0.0037169737633658 9.805395608747 7.4118646045393e-05 0.00027162331471915 0.001186481195417 9.1177506006206e-05 0.00027903302249404 0.0011835651646551 0.40070562761209 0.042426406871193 4 5 4 4 0
49.014245703624 8.4169733464902 110.63806152344 -0.006318 0.014329 2.0203663267949 0.017004134643294 -0.0037804457433592 0.016957768555987 0.0039835332751687 -0.021094913832122 -0.14187233372236 -0.05845380872287 9.8074664282656 -0.00087948100610509 0.0031528798131441 9.8086661569047 -0.00051126219345557 -0.00073103043554767 0.00030817850471978 -0.00050671944003967 -0.0007290695935634 0.00032007106080153 0.40070562761209 0.042426406871193 4 5 4 4 0
49.014246287088 8.4169738847981 110.60844421387 -0.00606 0.014293 2.0234463267949 0.0075982039177832 0.0035736828842387 0.0052703595863518 0.0065365979734812 -0.020774741902306 -0.14565978357075 -0.060560165715041 9.8080391111349 -0.0056343364207563 -0.00097028079605558 9.8093064615624 0.00017276095880198 0.00021649240697509 0.00079453580329041 0.00018405353663658 0.00022131556900535 0.00079065462598104 0.40070562761209 0.042426406871193 4 5 4 4 0
49.014245757301 8.4169735939302 110.61233520508 -0.006182 0.014455 2.0200513267949 0.02500339884563 0.0012643424254369 0.021973821271004 0.011996644720303 -0.023579705620389 -0.13958395044181 -0.060870656115141 9.8081062648035 0.0019948723384355 -0.00022454852732525 9.809288163354 0.00016255043324075 0.00041521447618648 0.0016965721301501 0.00018699371904638 0.00042569470251651 0.0016914898889293 0.40128792655648 0.042426406871193 4 5 4 4 0
49.014245700353 8.416973335763 110.63833618164 -0.006289 0.014378 2.0205323267949 0.015873182721001 -0.0040776328864039 0.016067669896565 0.0032273957031773 -0.020940420592765 -0.13848845675796 -0.058809728483301 9.8075519871895 0.0024153655590919 0.0029088226598957 9.8087052196642 0.00014680932164095 0.00027025348535048 0.00037728839429421 0.00015217446064473 0.0002726026741716 0.00037342701099846 0.40070562761209 0.042426406871193 4 5 4 4 0
49.014247007643 8.4169743406394 110.52368164062 -0.005984 0.014382 2.0231723267949 0.011337503891767 0.010624384316924 0.0055518125981466 0.014511823568411 -0.024777883328894 -0.1496881325053 -0.061268329399329 9.80454912838 -0.0087757273129552 -0.0026516144440021 9.8058790615718 1.4321123934069e-05 0.00010743788953214 0.00066869880031215 2.3933963707547e-05 0.0001114148232783 0.00066778087680148 0.40070562761209 0.04172529209005 4 5 4 4 0
49.01424651821 8.4169741769344 110.57649230957 -0.006027 0.014273 2.0244233267949 0.0091195436209515 0.0081370571538221 0.0046327136196783 0.011309917221311 -0.022591944501618 -0.14764572444454 -0.063135699465662 9.8088389804324 -0.0076267990403372 -0.0042118713359126 9.8101495353314 -0.00035868102301565 1.4786047483544e-05 0.00039738720999229 -0.00035295117532933 1.717999849592e-05 0.00040238206128002 0.40070562761209 0.042426406871193 4 5 4 4 0
49.014245963584 8.4169736494626 110.64189910889 -0.006173 0.014211 2.0232813267949 0.005478965404715 -4.8422826739804e-08 0.0049277883728023 0.0023949391480094 -0.019212863138284 -0.14899901584576 -0.064003532687492 9.8101928087153 -0.009576677489026 -0.0034724596835596 9.8115277590784 -0.00010467886715855 -7.9181164193955e-05 0.0019195855435424 -7.7375429239229e-05 -6.7340448842469e-05 0.0019213152851849 0.40128792655648 0.042426406871193 4 5 4 4 0
49.01424551369 8.4169738499547 110.6146697998 -0.006124 0.014433 2.0209953267949 0.027280870593458 0.0060276936137087 0.021939069996715 0.01729901446688 -0.023862133749938 -0.14222790704301 -0.058140689602647 9.8082022752277 -0.00070721085785501 0.0019208217149499 9.8094057335641 0.00010102615536272 1.078488508105e-05 0.0013157281283161 0.00012000142799684 1.8863257386937e-05 0.0013140579170969 0.40070562761209 0.04172529209005 4 5 4 4 0
49.014245698883 8.4169733534504 110.64011383057 -0.00625 0.014306 2.0211763267949 0.013131985041256 -0.0040048900942899 0.013566130285853 0.002109241995105 -0.020772199785407 -0.14570906735713 -0.063935188816253 9.8109516885259 -0.0050875436022808 -0.0024460115039619 9.8122401720416 0.00038113737420137 -0.00040934959189778 0.0010109075895909 0.00039560605104912 -0.00040300484663973 0.0010078845386887 0.40070562761209 0.042426406871193 4 5 4 4 0
49.014246487025 8.4169741121706 110.5816116333 -0.006054 0.014271 2.0241563267949 0.0091770863491313 0.0071261067915819 0.0051298802078641 0.010425141538922 -0.022305719382006 -0.14031694318782 -0.060225568661539 9.8102715884398 -0.00015635271000585 -0.0011074391556448 9.8114599995204 -0.0005387204505601 -0.00028331669102843 0.00072481880063079 -0.00052826869618935 -0.00027893745879791 0.00073414095593464 0.40070562761209 0.042426406871193 4 5 4 4 0
49.014245734879 8.4169735372292 110.61944580078 -0.006246 0.014402 2.0199243267949 0.022839632717575 6.5772947114577e-05 0.020545450989268 0.0099768425917367 -0.023041326983544 -0.13335859294839 -0.062682027167608 9.8049284863405 0.0080769441961452 -0.0016562403135444 9.8060323182693 -0.00014257595554193 -0.00027414658653881 -4.9672841572657e-05 -0.00014324683405253 -0.00027448404006806 -4.5897288091342e-05 0.40128792655648 0.042426406871193 4 5 4 4 0
49.014246043692 8.416973704556 110.63465881348 -0.006171 0.014221 2.0232983267949 0.0057843444044166 0.0010262463098705 0.0047535049010707 0.0034519453686942 -0.019604210987226 -0.14220944934831 -0.061426329828249 9.8086011032421 -0.0025860570658926 -0.0010264618581427 9.8098238179481 -0.00025303855745843 -0.00028383869109478 0.00034814895289875 -0.00024803659555731 -0.00028168238654045 0.00035345662962492 0.40128792655648 0.042426406871193 4 5 4 4 0
49.014245761315 8.4169736261722 110.60841369629 -0.006201 0.014412 2.0200193267949 0.025646833582226 0.0017073462830741 0.022360556566622 0.012675962381243 -0.023941100752639 -0.14527912011453 -0.064889850863718 9.8078347490944 -0.0034387232272885 -0.0041170696967917 9.8091236057981 5.0851944225469e-05 -0.00084122228991696 0.00051107393666335 5.8328755285364e-05 -0.00083804629005793 0.00051550793226258 0.40128792655648 0.042426406871193 4 5 4 4 0
49.014246711477 8.4169743930828 110.54639434814 -0.005988 0.014254 2.0247393267949 0.0087309123710922 0.011515530380066 0.0027953688865854 0.014178213360481 -0.023746716980219 -0.1387305616853 -0.062852387422901 9.8069738706037 0.00098636804810825 -0.0042301813304884 9.8081550631713 -0.0001794333331867 1.2897641750594e-05 0.0006331619068716 -0.00017036681950621 1.6666056899534e-05 0.00063556195519219 0.40070562761209 0.04172529209005 4 5 4 4 0
49.014245678858 8.4169737368172 110.60633850098 -0.006161 0.014487 2.0204073267949 0.026942194796112 0.0039855871994917 0.022531482230245 0.015300234196816 -0.024184904124017 -0.13986004238385 -0.058848679919189 9.8094990615529 0.0019115464343701 0.0015044937018417 9.8106721324117 -2.0494923706625e-05 0.0005458688553852 0.0014777908914584 8.2074954238271e-07 0.00055498376893421 0.0014745338425118 0.40128792655648 0.042426406871193 4 5 4 4 0
49.014245921951 8.4169736235014 110.64588928223 -0.006179 0.014218 2.0232163267949 0.0056032878512511 -0.00067464797915842 0.0053346084104607 0.0018422185069704 -0.019034047458687 -0.14261799176399 -0.059236690081245 9.8065052443325 -0.0032426602293566 0.0014222394400571 9.8077204946632 5.1442389366816e-05 3.3407807505882e-05 0.0017211901988929 7.5890819339875e-05 4.4061683336083e-05 0.0017200364695638 0.40128792655648 0.042426406871193 4 5 4 4 0
49.014246609084 8.4169743509238 110.55852508545 -0.005977 0.014202 2.0251573267949 0.0080155751412457 0.010997401899458 0.0023762492300517 0.01339942196909 -0.023236492358903 -0.1448047188267 -0.063485975881134 9.814041862589 -0.0051136275605357 -0.0047451642516896 9.8153128286305 0.0002153147960692 -0.00054474047485571 0.0010484474857867 0.00023025515808107 -0.00053843781414356 0.0010485199614729 0.40070562761209 0.042426406871193 4 5 4 4 0
49.01424569796 8.4169733555042 110.63886260986 -0.006244 0.014312 2.0209993267949 0.014132902734158 -0.0039653802740191 0.014450682523353 0.0025771194607777 -0.020896450416554 -0.13850045987418 -0.059904398534766 9.8060438111872 0.0022174751956858 0.0014839489549318 9.8072047830586 0.00032377827862435 -0.00055499160599904 0.0013680854232908 0.00034336227601715 -0.00054641569297736 0.0013667310470867 0.40070562761209 0.042426406871193 4 5 4 4 0
49.014246219954 8.4169738281462 110.616065979 -0.006065 0.014258 2.0233713267949 0.0069549608986749 0.0029102535497292 0.0049823032053211 0.0056584212419701 -0.020441199907308 -0.14420223087284 -0.061213767684425 9.807415649165 -0.0044457526178266 -0.0014519749406981 9.8086656753556 0.00043841666180807 5.8684161290599e-05 0.0010632177965447 0.0004535068027942 6.5164142996368e-05 0.0010564997594727 0.40128792655648 0.042426406871193 4 5 4 4 0
49.014246651629 8.4169743681699 110.55322265625 -0.005977 0.014291 2.0249923267949 0.0082341045963929 0.011229475751257 0.0024719104034644 0.013703683130281 -0.0234112673144 -0.14346723023181 -0.062507756944161 9.8063227250898 -0.0036337296493636 -0.0037613498921953 9.807569736927 0.00029317585620709 0.00049872274889976 0.00083678657505081 0.00030504715562511 0.00050374292000743 0.00082948508826957 0.40070562761209 0.04172529209005 4 5 4 4 0
49.014245734592 8.416973685666 110.60448455811 -0.006163 0.01447 2.0201413267949 0.026631887573714 0.0030121761550919 0.022678963887124 0.014282646182915 -0.024257477100241 -0.14188737544571 -0.058500509691992 9.8094626846992 7.6579999612833e-05 0.0019798369286385 9.8106630118787 0.00018649311255929 -4.6139509752712e-05 0.00066371188799791 0.00019609631222013 -4.2048148700128e-05 0.00066122056340526 0.40128792655648 0.042426406871193 4 5 4 4 0
49.014245705639 8.4169733576044 110.64463043213 -0.006286 0.014292 2.0215713267949 0.011483389877847 -0.0041359227902646 0.012138382128372 0.0012783586073913 -0.020241392449768 -0.15033632902112 -0.062331899259565 9.8083433501948 -0.010104930188151 -0.00073334402311059 9.8096883218528 -8.3142044446159e-05 -4.4967491291937e-05 0.0015984067678998 -6.0281008826879e-05 -3.4908868085185e-05 0.0015997046560154 0.40070562761209 0.04172529209005 4 5 4 4 0
49.014245704891 8.4169734467843 110.65970611572 -0.00628 0.014194 2.0228203267949 0.007288940872833 -0.0032872479177689 0.0079927831556005 0.0002253723554802 -0.018608856039734 -0.14307834592096 -0.05740820692107 9.8070047495096 -0.0035555022103414 0.0042257538313056 9.8082147643605 0.00014778452450224 -0.00049988554427739 0.00071015871137997 0.00015790098183973 -0.00049541518524892 0.00071110239670349 0.40070562761209 0.04172529209005 4 5 4 4 0
49.014247181397 8.4169742800078 110.52169036865 -0.005967 0.014455 2.0221983267949 0.012232227888456 0.008719389419448 0.0072023160866558 0.013182620593932 -0.024014162458301 -0.14122509843335 -0.058378777517367 9.805812706126 0.00023359721581807 8.4339655656336e-05 9.8070036292081 -1.6372721286644e-05 0.00048441090822556 -4.079922111576e-05 -1.7006394397118e-05 0.00048415492081006 -4.3408054737661e-05 0.40070562761209 0.042426406871193 4 5 4 4 0
49.014246828344 8.4169744191271 110.53661346436 -0.005959 0.014287 2.0242933267949 0.0097730899692986 0.012057797445431 0.003500153749655 0.01512123595616 -0.024276827330892 -0.13959622082054 -0.057685894681322 9.8042720200868 0.00040678450868918 0.00085786832163478 9.8054352549858 0.00027357960654418 -1.6982743026588e-05 0.00080151842500608 0.00028499088575527 -1.2210262107672e-05 0.00079762713301037 0.40070562761209 0.04172529209005 4 5 4 4 0
49.014245749837 8.4169736457668 110.60721588135 -0.006193 0.014495 2.0200573267949 0.026000975558211 0.0021913870096674 0.022468737447697 0.013266779311255 -0.024052506997711 -0.1404453200109 -0.058561326396935 9.8079754413069 0.0016642477930926 0.0020460307021679 9.8091551348657 -8.2197680568765e-05 0.00011138288603355 0.00094048145981789 -6.8575162069612e-05 0.00011718555326244 0.00094089707243923 0.40128792655648 0.042426406871193 4 5 4 4 0
49.01424579088 8.4169735033253 110.65390777588 -0.006247 0.014202 2.0228343267949 0.0062412759175396 -0.0024603147672768 0.0066890483313979 0.00051315318535966 -0.018797123505357 -0.13897425797322 -0.062626400308226 9.8087418226966 0.00021489776804902 -0.0012842140060746 9.809925976805 0.00013425982666206 0.0001826302749531 -0.00010281626477794 0.00013275514089028 0.00018196584574164 -0.00010583881511756 0.40070562761209 0.04172529209005 4 5 4 4 0
49.01424572189 8.416973372654 110.6314239502 -0.006234 0.0144 2.0199193267949 0.019009705029021 -0.002829581013451 0.018353228396982 0.0057038851978827 -0.021833781475386 -0.14749736405798 -0.065521307867506 9.8055971079871 -0.0062484332953113 -0.004158901335345 9.8069223928003 0.00060795291547689 -5.7819553942088e-07 0.00088067019028892 0.00062058938018462 4.9074182204371e-06 0.00087177750836147 0.40070562761209 0.042426406871193 4 5 4 4 0
49.014245813409 8.4169735198682 110.65370178223 -0.006235 0.014197 2.0229503267949 0.0058445914514252 -0.002233798365797 0.0062332253366258 0.00054404469067134 -0.018853555714672 -0.14564677938058 -0.06218632273366 9.8085395813422 -0.0063055233028701 -0.0010349873637134 9.8098160358921 -5.3523570063034e-06 -0.00018414618766581 0.0006606702970852 4.0708153006212e-06 -0.00018006166498925 0.00066181971235931 0.40128792655648 0.04172529209005 4 5 4 4 0
49.014245637699 8.4169737696753 110.60842895508 -0.006147 0.014406 2.0205353267949 0.027011482117391 0.0047463729544705 0.022260482148308 0.016019290011812 -0.024329955307843 -0.14736417748592 -0.061001988573484 9.8093083971049 -0.0057863448416502 -0.00081121711650378 9.8106030318063 -3.5894287179098e-05 -0.00053937696756007 0.00079982981945173 -2.4274907594441e-05 -0.00053444497695317 0.00080357873593768 0.40070562761209 0.04172529209005 4 5 4 4 0
49.014247160259 8.4169742733518 110.52304077148 -0.005967 0.014426 2.0223523267949 0.012012183560577 0.0088367909288788 0.0069519374703015 0.013192871866551 -0.024061414289098 -0.14359547991553 -0.062533419399157 9.8107353327765 -0.0022066902624461 -0.0039306416505957 9.8119844741497 0.00016892882712222 0.00021479719761334 0.00098769965953197 0.00018315096141036 0.00022071570115076 0.00098387553602782 0.40070562761209 0.042426406871193 4 5 4 4 0
49.01424576246 8.4169734827252 110.6538772583 -0.006288 0.014239 2.0228453267949 0.0065048470853487 -0.0027133549846338 0.0070366830358421 0.00040050006688873 -0.018876809170433 -0.14317357449546 -0.062371668190858 9.8056346405412 -0.0037980635404506 -0.0008504360269561 9.8068777046179 -0.00024554406306722 0.00041741996974058 0.00050792687989931 -0.00023835681266797 0.00042057920483824 0.00050869854359075 0.40070562761209 0.04172529209005 4 5 4 4 0
49.014245713375 8.4169734385618 110.65829467773 -0.006292 0.014201 2.0225823267949 0.0083829452740201 -0.0033273234303324 0.0089946837750386 0.00066405862372881 -0.018982804902168 -0.14103157311511 -0.062164909851477 9.8099250758555 -0.0013511089516211 -0.00046194967498182 9.8111354296757 3.5190170252226e-05 -0.0005263456252942 0.0011980068378583 5.2256936837063e-05 -0.0005188111428398 0.0012006634377133 0.40070562761209 0.04172529209005 4 5 4 4 0
49.014246073493 8.4169737293513 110.63161468506 -0.006112 0.01421 2.0234213267949 0.0058091344519205 0.0014321860175556 0.0045979806891161 0.0038282700056494 -0.019648004659076 -0.13861648777424 -0.059758982736574 9.8077887688824 0.0009816295687881 0.00041219777593729 9.8089501554134 0.00038288938854403 -0.00043995978062767 0.00082914679145952 0.00039469874538012 -0.00043484591115021 0.00082628224783035 0.40128792655648 0.042426406871193 4 5 4 4 0
49.014246000592 8.416973674213 110.63771057129 -0.006161 0.014248 2.0232493267949 0.0056315912504242 0.00045888095915616 0.0048642882411884 0.0028747021984484 -0.019422471995147 -0.13527115682294 -0.058325069922322 9.8074090531325 0.0041966703078737 0.0020366217493699 9.8085141551682 -0.00012104538591442 0.00045134205241095 0.00020627021265575 -0.00011813636701882 0.00045258175913291 0.00020518634233151 0.40128792655648 0.042426406871193 4 5 4 4 0
49.014246761958 8.4169744134788 110.54137420654 -0.005979 0.014281 2.0246713267949 0.0092479640405789 0.011831472341048 0.0031234998495436 0.014688495915537 -0.023932498303546 -0.14241850343054 -0.061120072184035 9.8064422672893 -0.0025721001819662 -0.0024738152537937 9.8076661962355 2.5177168670062e-05 0.00024137148519573 0.0017725826997151 5.0449520742576e-05 0.00025195482058362 0.0017705741852603 0.40070562761209 0.04172529209005 4 5 4 4 0
49.014245719893 8.4169733844076 110.64768981934 -0.006285 0.014268 2.0217083267949 0.010807593998005 -0.0040675493117645 0.011500070398419 0.0010477118381531 -0.020046787099297 -0.14097752997848 -0.05845778964323 9.8051430815419 -0.0008976617886549 0.0030811000015597 9.8063301808108 -0.00017450660339778 -0.00027730643872883 0.00052073045317433 -0.00016699992226778 -0.0002740558924767 0.00052490042881405 0.40070562761209 0.04172529209005 4 5 4 4 0
49.014246563039 8.4169742681587 110.56832122803 -0.005971 0.014208 2.0248203267949 0.0089150090196228 0.0094988608740938 0.0038468858372706 0.012446129650155 -0.022734330704154 -0.14340363801202 -0.063943490506907 9.8104195814391 -0.0036654109062795 -0.0051540451943663 9.8116736711675 0.0004271728156636 -0.000577400600401 0.00043988165113133 0.00043343286107376 -0.00057473913504638 0.00043721259183296 0.40070562761209 0.042426406871193 4 5 4 4 0
49.014246979415 8.4169743434838 110.52423095703 -0.005949 0.014359 2.0232843267949 0.011174893595081 0.010955545305506 0.0052582365675341 0.014739440562307 -0.024611493573965 -0.13789327570852 -0.057609857061712 9.8102627556486 0.00281387042081 0.0011512982596338 9.8114007315352 0.0008491299959616 0.00019318100088036 0.00019544387493799 0.00085181618032166 0.00019434818618864 0.00018207617347052 0.40070562761209 0.04172529209005 4 5 4 4 0
49.01424644518 8.4169740540339 110.58787536621 -0.00601 0.014318 2.0239733267949 0.0088928316080342 0.00619011985124 0.0052861215844001 0.009458138374608 -0.021920605958433 -0.14683744548085 -0.062075254227077 9.8041135496447 -0.006799346933899 -0.0029970103307528 9.8054069927444 0.00019826175007535 0.00056760438610311 0.0014412660006258 0.00021880912659607 0.00057625503670076 0.0014348776862884 0.40070562761209 0.042426406871193 4 5 4 4 0
49.014245737907 8.4169734184973 110.65155029297 -0.006288 0.014275 2.0220823267949 0.0095793642962712 -0.0035022644857779 0.010147884554369 0.001024925831637 -0.019519369896084 -0.13602781350078 -0.060126979070569 9.8074247308368 0.003751803375396 0.0015098919682501 9.8085514022302 -2.3294666612719e-05 0.00045780850638494 0.00061199643722038 -1.4625108418204e-05 0.00046163355640243 0.0006093841804538 0.40070562761209 0.04172529209005 4 5 4 4 0
49.014245727489 8.4169734977109 110.62136077881 -0.006233 0.014415 2.0200503267949 0.02169720218051 -0.00050892843289197 0.019765611391106 0.0089637260540827 -0.022572538185231 -0.14232214946074 -0.062689247431073 9.8090315005624 -0.00092670009597441 -0.001518039663337 9.8102640156609 0.00022868255996144 7.5532792847325e-05 0.001799854523034 0.00025457488707597 8.6779433310571e-05 0.0017958658635456 0.40128792655648 0.042426406871193 4 5 4 4 0
49.014245736303 8.4169734674236 110.65561676025 -0.006263 0.014202 2.0228303267949 0.0066266642628186 -0.0030126121544593 0.0072769986552732 0.00018416371677123 -0.018683334970723 -0.14538753373548 -0.063426172806008 9.8102499269296 -0.005992901635327 -0.0017061467013833 9.811530391531 0.00047754819405618 -0.00014568121557585 0.00087875377079716 0.00049001655420265 -0.00014013222521559 0.00087277909003671 0.40070562761209 0.04172529209005 4 5 4 4 0
49.014245725718 8.4169734105837 110.62511444092 -0.006244 0.014414 2.0198453267949 0.019794340866714 -0.0021428271267378 0.018761844574482 0.0066633189934964 -0.022271170433997 -0.14784679691622 -0.06277860535665 9.8113848049823 -0.0065129798112874 -0.0014916286656237 9.8126973554895 0.00019932443507902 0.0001803151628075 0.00083104821980499 0.00021126379442205 0.00018552293716295 0.00082695734890395 0.40070562761209 0.042426406871193 4 5 4 4 0
49.014245700741 8.4169733365418 110.63733673096 -0.00631 0.01436 2.0206973267949 0.015059514239462 -0.0039761467447413 0.015290318626696 0.0029673785547928 -0.021002601142385 -0.14466783157925 -0.063741293482068 9.8086061634901 -0.0038915331699513 -0.0019531492771175 9.809879071849 -0.00012688870662074 0.00020581486259354 0.00055846036499011 -0.00011888308218076 0.0002093069980746 0.00055891462947511 0.40070562761209 0.042426406871193 4 5 4 4 0
49.014246160517 8.4169737867708 110.62305450439 -0.006064 0.014221 2.0233313267949 0.006205461040873 0.0021341211893574 0.0046476193587858 0.0046326995283112 -0.019984232627042 -0.14593732635813 -0.063852956228959 9.8095568223984 -0.0062931442406533 -0.0038449439217786 9.8108473981037 0.00084383777988715 -0.00037177318420814 0.00072215364886959 0.00085402608588718 -0.00036732841370272 0.00071231251850431 0.40128792655648 0.042426406871193 4 5 4 4 0
49.014246863325 8.4169744168705 110.53371429443 -0.00595 0.014271 2.0240963267949 0.010234626391577 0.011996646772375 0.0039457889413001 0.015267504919689 -0.024336347427403 -0.14319442197477 -0.064693319217429 9.8099265401019 -0.0031342981074188 -0.006163754645618 9.8111823399475 0.00037780750687834 -0.00020142622507392 0.00088142754445515 0.00039038815799315 -0.00019616750630953 0.00087712436541795 0.40070562761209 0.04172529209005 4 5 4 4 0
49.014246393186 8.4169739998578 110.59469604492 -0.006014 0.014281 2.0237763267949 0.0083749218162553 0.0053692027020485 0.0051812682998186 0.0084924402503974 -0.021426039689045 -0.1403858090461 -0.062154053235568 9.8117674799323 -0.00026829386579756 -0.0028762521569812 9.8129682736918 0.000400565954099 -4.2801886830691e-05 0.00098778459170397 0.00041465604302971 -3.682637392825e-05 0.00098223021671328 0.40070562761209 0.042426406871193 4 5 4 4 0
