49.010913102224 8.4160275823904 118.52501678467 -0.015437 -0.016938 2.1068473267949 2.3998296708831 -1.5037481371985 2.832756406569 -0.0086051682693984 0.10421319720995 0.68561372331906 -1.2048831671206 10.130426391183 0.51082536008362 -1.0173403447259 10.161344847736 0.04840029098701 0.011487159200426 -0.3685326926949 0.054736580047164 0.0046472675877443 -0.36779009381429 0.14217243052013 0.01838477631085 4 8 5 5 6
49.010878542842 8.4160973383665 118.82075500488 0.028515 0.014021 2.9168053267949 -0.19135265476703 0.020735266257772 -0.062862485890029 -0.18191610607145 -0.0028825566981629 0.28081262983847 0.32959742421363 9.8302551493682 0.42509916316986 0.047569938427557 9.83076451038 -0.0029212140134855 -0.011547810217679 0.00062141709946747 -0.0029164936241565 -0.011560916684104 0.00033259458255939 0.17253985046939 0.02475883680628 4 8 5 5 6
49.01092887138 8.4160172255181 118.57109832764 -0.000798 -0.022792 1.8989303267949 3.0219793677423 -1.0937326623087 3.2144475354939 -0.0044946108215739 0.056734147807428 0.99689626472683 -1.1611829145553 10.132696576472 0.77111014081528 -1.1399657690913 10.154658670638 0.016431777873659 -0.0088667187233289 -0.31823213129786 0.023500404367577 -0.0095439139383757 -0.3177565697892 0.1404599587071 0.01838477631085 4 8 5 5 6
49.010984718547 8.4160080488715 118.65699768066 0.025713 -0.002389 1.5578113267949 4.2290261398174 0.042116193802561 4.2292686613029 0.0082148597007133 0.054522007230581 0.62049341915111 -0.085421786900506 9.9071728527999 0.58520700277969 -0.35183319517457 9.9035560914244 -0.021502900746049 0.018669089935654 -0.088993022362145 -0.021180090690652 0.021061899358578 -0.088530250802197 0.13790576492663 0.023345235059858 4 7 5 5 0
49.010996953493 8.4160086617455 118.66458129883 0.026299 0.004373 1.5335693267949 4.3994042063551 0.20246434173766 4.403838135411 0.055508692969808 0.050053849916285 0.41174443259553 -0.27636606036922 9.0381911745989 0.44733130226401 -0.50254996754516 9.0271306597228 0.022561429160167 0.0044353918925547 -0.069171165443735 0.02229246873559 0.0061598048047997 -0.06917200748663 0.13790576492663 0.023345235059858 4 7 5 5 0
49.010923184619 8.4160203922718 118.56693267822 -0.005769 -0.018796 1.9660443267949 2.7921512321576 -1.2366843977441 3.0546065624338 -0.0099667369416716 0.041951145613003 0.80262700882984 -1.2580827245019 9.6306576566611 0.6328369133992 -1.1930125151231 9.6516901157252 0.010967207858865 -0.018864343503428 -0.32894530436835 0.016747892097086 -0.021090570284831 -0.32856961946807 0.14217243052013 0.01838477631085 4 8 5 5 6
49.010880429168 8.4160965776749 118.68721008301 0.029803 0.012469 2.9167373267949 -0.039673481756589 -0.2668371674999 0.25131926438503 -0.098066906767847 -0.013933622429193 0.33271826923119 0.30853123167747 9.8069010602572 0.4543314663164 0.016415587446966 9.8068617566947 -0.00019299093240658 0.00058280824485325 -0.008956410103607 -0.00030392409062482 0.00084930636685914 -0.0089319361973411 0.16224672569886 0.019104973174543 4 9 5 5 6
49.010958070801 8.416008817872 118.63343048096 0.023584 -0.013785 1.6479813267949 3.7890054555984 -0.32250556543657 3.8029914198235 0.013893621776776 0.083822928906247 0.73129354721638 -0.53439173189828 9.7476922002048 0.59052747956622 -0.75655534717536 9.7426270300572 0.010991728420671 0.0074093542034899 -0.20369238114575 0.013941453601496 0.012032462979343 -0.20328274235503 0.1404599587071 0.021213203435596 4 8 5 5 6
49.01098051668 8.4160079809486 118.65637969971 0.028571 -0.004494 1.5673883267949 4.162212793959 0.0070673722466633 4.1622120034326 0.015989833635068 0.062205296105147 0.65014977802586 0.0068612578120987 9.5606504999368 0.59624438564811 -0.268478869869 9.5604562580972 -0.0045979301927747 0.017255098939656 -0.099396081276157 -0.0040338868593667 0.020108691797659 -0.098869170820873 0.13790576492663 0.023345235059858 4 7 5 5 0
49.010891529718 8.4160593060042 118.54460906982 0.002217 0.003687 2.5770583267949 0.97888221736709 -1.7500991844027 2.0039838798316 -0.078391109073389 -0.045760314592276 0.71849821492523 -0.50327674920926 9.8158156764083 0.76169041119056 -0.54722445209566 9.8104275023034 -0.038822228130607 -0.014053711498203 -0.27884554371517 -0.040044157045124 -0.01282116003483 -0.27873535458094 0.14612323566086 0.0162788205961 4 9 5 5 6
49.010926120135 8.4160187054244 118.5684967041 -0.003179 -0.021913 1.9307153267949 2.9119209582713 -1.1602326012085 3.1352047649971 -0.0039361088941529 0.03187900854334 0.96905962503892 -0.93265115894689 9.8618872011076 0.7664384421616 -0.88928220174864 9.8840273533187 0.015191067041438 -0.023661260342427 -0.32231206079929 0.021784268282597 -0.025089186739874 -0.32182324590053 0.14217243052013 0.01838477631085 4 8 5 5 6
49.010893799982 8.4160541738273 118.52815246582 -0.002688 0.000943 2.5160953267949 1.1814223623647 -1.7986302515313 2.1515433698862 -0.060336462076402 -0.04625729816011 0.47650260195583 -0.73078218749883 10.050612024737 0.49516412646677 -0.70763344174195 10.051277868793 -0.0067452147338067 -0.015863110429371 -0.29243926577277 -0.0072882445374034 -0.016536374734577 -0.29237241772058 0.14612323566086 0.0162788205961 4 9 5 5 6
49.010878661681 8.4160972852336 118.82434082031 0.028859 0.015297 2.9167993267949 -0.18665113223252 0.016204685043508 -0.057394295567428 -0.17833598533067 -0.003524671362015 -0.91834439991807 0.31557596581466 9.7998541819145 -0.76688240394806 0.03285494626847 9.8179166428118 0.00034113106671553 -0.0024925325643003 0.00044056616840044 0.00034672039497692 -0.002504225662672 0.00036324478099615 0.17253985046939 0.02475883680628 4 8 5 5 6
49.010918096193 8.4160237386976 118.55479431152 -0.008763 -0.014991 2.0332843267949 2.5952288106817 -1.3771535088711 2.9383621387507 -0.017583665118254 0.063741917181315 0.66546959846256 -0.78498757606963 9.4826653371366 0.52679875677189 -0.69030638498192 9.4990714837393 0.015757692800928 -0.0039156761918032 -0.34525868180022 0.020793847257232 -0.0073699928393431 -0.34494970032393 0.14217243052013 0.01838477631085 4 8 5 5 6
49.010920570814 8.4160219822779 118.56311035156 -0.007593 -0.016614 1.9988433267949 2.6858341900825 -1.3267178365395 2.99597598889 -0.03466151279226 0.048537094921357 0.69285330825449 -1.1934084782117 9.6899175083064 0.53985623717712 -1.1131619867399 9.7090066949659 0.0064045137614498 -0.012476883928103 -0.34245906794524 0.01179510536334 -0.01531784304195 -0.34221034098116 0.14217243052013 0.01838477631085 4 8 5 5 6
49.010941004925 8.4160122506898 118.60119628906 0.005122 -0.017054 1.7764593267949 3.394724722877 -0.76464597110967 3.4804164459055 0.00048269375931462 0.082368039828097 0.78349712307548 -1.0026217956375 9.6892212645533 0.61513038269334 -1.0436720078407 9.6971082513123 0.011124234844408 0.0047417450195714 -0.28648582663898 0.016104725357998 0.0059499234499225 -0.28623388331867 0.1404599587071 0.021213203435596 4 8 5 5 6
49.01090650336 8.4160341532455 118.49519348145 -0.02591 -0.017295 2.2219713267949 2.0258765389422 -1.7502612341877 2.6757662451795 -0.10654664970412 -0.051027335743058 0.69958414813251 -1.3593082959801 10.163910329183 0.54327373796088 -1.1153267226276 10.203166596393 -0.042420723184538 -0.027667602966826 -0.38667730268025 -0.036528298328478 -0.03690095153646 -0.38646940562956 0.14217243052013 0.01838477631085 4 8 5 5 6
49.010915435793 8.4160257056554 118.54224395752 -0.010516 -0.01433 2.0710953267949 2.5040376193104 -1.4319788774205 2.8854083450758 0.0023769100609122 0.11644396161838 0.60494583663375 -1.1274883309314 9.5352129909784 0.45641659299616 -1.0002836718179 9.5579955874169 0.041725215678049 0.025261055512511 -0.35616639249614 0.047252964764061 0.020526062304799 -0.35575711564623 0.14217243052013 0.01838477631085 4 8 5 5 6
49.010878249753 8.4160973084568 118.80541992188 0.028512 0.013671 2.9167273267949 -0.18640563946983 -0.0026592029631441 -0.038975685781822 -0.18230467213259 -0.012071440389163 -0.19320718662023 0.29324301965196 9.7814490327595 -0.060670180390558 0.015320534143878 9.7875114937409 0.0015607662515396 0.0022314041942793 0.00037511981066876 0.0015666594532703 0.0022198070506276 0.00041668881013526 0.17253985046939 0.02475883680628 4 8 5 5 6
49.010961897868 8.4160084424394 118.63841247559 0.023836 -0.012436 1.6290703267949 3.8569552677439 -0.25065780205286 3.8653109389573 0.012415316254405 0.080485843935511 0.64661407831309 -0.40679916822278 9.8780018763914 0.5175013681516 -0.63925430798107 9.8733910953068 0.0030294322263144 0.0075147368726253 -0.17577101156213 0.0053368334859192 0.011642695971882 -0.17548753589564 0.13790576492663 0.023345235059858 4 8 5 5 6
49.010881154875 8.4160951459207 118.6824798584 0.0298 0.012853 2.9126833267949 0.011780854807611 -0.39883930265554 0.3911870463716 -0.07867904563191 -0.013372661558119 0.2928918065119 0.29123676466557 9.794514281271 0.417750419801 -0.00091710651584641 9.794315426801 -0.00095922139201697 0.0010973781127571 -0.017839464659131 -0.001186133223697 0.0016287920074228 -0.017785086560723 0.16224672569886 0.019104973174543 4 9 5 5 6
49.010878418786 8.4160975553693 118.75534820557 0.028791 0.013616 2.9173473267949 -0.1754353748402 -0.006447701891909 -0.032743435013593 -0.17247305406988 -0.01310791178612 -0.087273041840193 0.30954409166003 9.8086805552132 0.045496533760638 0.027557698729696 9.8138108978903 0.00012609220438624 0.0011677519166428 0.00029114590713299 0.00013048166145089 0.0011589071635497 0.00032302661020878 0.17046993869888 0.026172504656605 4 8 5 5 6
49.010883121865 8.4160883135242 118.64621734619 0.030347 0.011798 2.8722503267949 0.16626852299508 -0.77794817250068 0.79435715548939 -0.043417151012125 -0.018724302197469 0.58868202829224 0.23504879428225 9.8237808031042 0.70584284643326 -0.062330152991842 9.8186801801446 0.0022585038628353 -0.0049131033829833 -0.078138962580884 0.0013258070040151 -0.0025456025162865 -0.078273260176455 0.15641611170209 0.017691806012954 4 9 5 5 6
49.010887413582 8.4160711476371 118.58740997314 0.017835 0.009375 2.7122713267949 0.6190084781991 -1.5107077039127 1.632221920669 -0.046160510160782 -0.027234284989096 0.59962727024698 -0.25082226923983 9.8837648726522 0.6940168474748 -0.43339851165996 9.8712483488569 -0.0089623457599699 -0.0075047997174776 -0.22140782622063 -0.011076477481071 -0.003423649526783 -0.22141205672766 0.15058552387265 0.014866068747319 4 9 5 5 6
49.010954637221 8.416009249889 118.63077545166 0.022222 -0.015247 1.6679813267949 3.7181501118984 -0.3953057189746 3.7394290399392 0.015576068604093 0.087348201798072 0.82321328661648 -0.62453139171455 9.8037637639022 0.67066362484165 -0.82910908767849 9.8002783626737 0.02050468698324 0.0012310141892689 -0.23079339444546 0.024098411418154 0.0060185785066485 -0.23036453629674 0.1404599587071 0.021213203435596 4 8 5 5 6
49.010988598299 8.4160081624605 118.65935516357 0.024516 -0.00073 1.5491993267949 4.2857361893507 0.078870333905829 4.2865128742442 0.0071596834457843 0.069539133631565 0.58996325517759 -0.14670802279807 10.119879404951 0.57290095517356 -0.4021356510829 10.114014979562 -0.013304556006332 0.015052405535266 -0.087381295644336 -0.013154226831158 0.017256503341408 -0.086997584806591 0.13790576492663 0.023345235059858 4 7 5 5 0
49.01088339775 8.4160870971801 118.64670562744 0.030531 0.011706 2.8632203267949 0.19385659827584 -0.8467954529158 0.86770511259669 -0.042139713338622 -0.016671217857506 0.61918406513711 0.22123107054028 9.8307576046258 0.73490278279854 -0.078385182757658 9.8249651695242 0.0021046281729618 -0.0042177799091101 -0.089665214210251 0.0010484951051657 -0.0014831504314664 -0.089770679023346 0.15641611170209 0.017691806012954 4 9 5 5 6
49.01087914437 8.4160977401198 118.71688842773 0.029455 0.013724 2.9184653267949 -0.14707858483487 0.0027404887980959 -0.035234054916174 -0.14282230163609 -0.017975991670871 -0.026828915485014 0.31620799708398 9.7293977143796 0.10718522161899 0.030506927691037 9.7339401410879 0.00044699514028369 -0.0012572207130055 -3.4235306785921e-05 0.00044599713923641 -0.0012556447518108 -7.7310992069692e-05 0.17046993869888 0.026172504656605 4 8 5 5 6
49.010904422761 8.4160367578381 118.50192260742 -0.021612 -0.012786 2.2645023267949 1.9040078034595 -1.7766372281532 2.6031514261443 -0.094606471603641 -0.038191874879482 0.88379694385775 -0.98458215816582 9.3792471499079 0.77368169729846 -0.80861588592647 9.4054012605742 -0.054367502535724 -0.011954110696843 -0.37346013731775 -0.049985752988126 -0.018977472445782 -0.37375917343356 0.14612323566086 0.0162788205961 4 8 5 5 6
49.010878586528 8.4160976204256 118.7320022583 0.028959 0.013659 2.9177783267949 -0.16703306881922 -0.00078713696875699 -0.036326281009519 -0.16303697059236 -0.015534795264308 -0.071971893735416 0.2972607806879 9.7964229454219 0.061953463323632 0.01405559814596 9.8009925391596 2.50157950095e-05 -0.00047578074097347 0.00030810220855462 2.902357115241e-05 -0.00048452906683201 0.00029392144080835 0.17046993869888 0.026172504656605 4 8 5 5 6
49.010976755426 8.4160079665146 118.6544342041 0.028976 -0.006275 1.5771273267949 4.1038005041565 -0.016641793600043 4.1037489682515 0.034056891568696 0.084084874590054 0.66101361158946 0.0014182973692944 9.5753731019107 0.58472375394864 -0.27144371899618 9.5767446223526 0.0074319559163363 0.026485033899187 -0.10816625590345 0.0082957004166949 0.029550038822222 -0.10728194494853 0.13790576492663 0.023345235059858 4 7 5 5 0
49.010879422271 8.4160977390543 118.71128845215 0.029327 0.012989 2.9185373267949 -0.13024328395835 -0.028371361937011 -0.001149557793458 -0.13329150023762 -0.028587364401397 0.26395662415491 0.27842263352946 9.7327211014379 0.39371114092573 -0.0072911808112212 9.7323458346012 -0.0017069845329397 -0.0065712984669522 -0.00089213348015744 -0.0017213058649144 -0.0065422828716345 -0.0010617130019579 0.17046993869888 0.026172504656605 4 8 5 5 6
49.010944454314 8.4160112500386 118.60971832275 0.010437 -0.016697 1.7454993267949 3.4858123474694 -0.6504191191008 3.5466616552316 0.021166607669238 0.10486383071287 0.74953506049217 -1.2475692307053 10.143951321606 0.57726001925535 -1.3275231240561 10.144852638769 0.041170799744286 0.0034249614885274 -0.28126242555537 0.045945286910707 0.0056256814918245 -0.28048654606224 0.1404599587071 0.021213203435596 4 8 5 5 6
49.010886802648 8.416073249274 118.59510040283 0.018647 0.009642 2.7345593267949 0.54201996357493 -1.4622278918857 1.5583913032021 -0.063650220783433 -0.035431263612132 0.67965859587191 -0.35351730455393 9.8691184180884 0.77916969272079 -0.55488165662819 9.8528134748758 -0.029067498892592 -0.012411440512496 -0.20508178565688 -0.031135528520501 -0.0082367890105145 -0.20498542277885 0.15058552387265 0.014866068747319 4 9 5 5 6
49.010878355823 8.4160975449336 118.76170349121 0.028689 0.01345 2.9171703267949 -0.17878965825778 -0.0029759927255257 -0.036901216178986 -0.17496560917801 -0.014168938759719 -0.12572302128879 0.28313601550197 9.8192460382522 0.00807949753865 0.0020065903920608 9.8241346504805 0.00052238834830764 -0.0032916814837119 0.00023863710628995 0.00052433399265736 -0.0032971293133175 0.00013721212907557 0.17253985046939 0.02475883680628 4 8 5 5 6
49.010973039117 8.4160079766847 118.65084075928 0.028351 -0.009448 1.5876733267949 4.0388824691882 -0.047948092088787 4.0390563503544 0.047391039888151 0.096061763388095 0.75887680060795 -0.18311448376212 9.8143713577229 0.65453838850615 -0.44611835041971 9.8137840446015 0.0260100732104 0.017787757870344 -0.12047319912579 0.027290127528002 0.02099881891509 -0.11965327006061 0.13790576492663 0.023345235059858 4 7 5 5 6
49.010879589292 8.4160976640251 118.70671081543 0.029336 0.012451 2.9185903267949 -0.11259700556208 -0.071736401785064 0.045055841989754 -0.12567315363197 -0.02978413965969 0.36375750439372 0.29471565964142 9.8330860970561 0.48908150235638 0.0061102676888845 9.8320875337883 -0.001082583788814 -0.0056170862303461 -0.00094856903394061 -0.0010966113005166 -0.0055868532686074 -0.0010989646012057 0.17046993869888 0.026172504656605 4 9 5 5 6
49.010910866539 8.4160295922485 118.51373291016 -0.021299 -0.016991 2.1438613267949 2.3025044453715 -1.5536667994818 2.7789516582765 -0.00018377792615508 0.095729383454423 0.73415243116791 -1.3358977378385 9.731622465773 0.56367634352825 -1.1043983476924 9.7726401550333 0.034947912565977 0.016088397536736 -0.36533611990508 0.041313096764603 0.0074387177629117 -0.36494792906858 0.14217243052013 0.01838477631085 4 8 5 5 6
49.010890580469 8.4160616953793 118.55175018311 0.006121 0.005 2.6051503267949 0.89871457947586 -1.7118293587988 1.9322336147753 -0.073728392392983 -0.0489836269036 0.6491359318494 -0.37126081675739 9.8348687332704 0.70539854255677 -0.45296508796099 9.8275535388358 -0.037511151348407 -0.015276499691328 -0.26797749355288 -0.03904087820533 -0.013061239152908 -0.26788044722935 0.15058552387265 0.014866068747319 4 9 5 5 6
49.010884040482 8.4160842626774 118.64099121094 0.03058 0.011277 2.8399983267949 0.25987066718686 -1.0026530250489 1.0349155899596 -0.043195392194919 -0.015750438168331 0.72617302751295 0.20134638178925 9.8084647208206 0.83742403011287 -0.099548639915088 9.8011606512188 -0.00039642629476277 -0.0050531764684984 -0.11734059069955 -0.0017277006906297 -0.001452360044527 -0.11742866352446 0.15641611170209 0.017691806012954 4 9 5 5 6
49.011000931736 8.4160090834356 118.65939331055 0.028278 0.002349 1.5272583267949 4.4517602746758 0.23054709862718 4.4574543449995 0.052715426377998 0.0061025612976136 0.60829716782435 0.091212510700099 9.6386107294857 0.63894450770231 -0.16988580500307 9.6358451621361 0.021618157668972 -0.016495563783771 -0.063261846216245 0.021414535938498 -0.014781612049732 -0.063771704393868 0.14090067423543 0.031827660925679 4 7 5 5 0
49.010878792559 8.4160972414439 118.82717132568 0.028817 0.015481 2.9168803267949 -0.15904233427401 -0.097268176183577 0.059409542339997 -0.17668756217166 -0.0051088384989354 -1.5065978443612 0.30614211002262 9.8115654803287 -1.3554271689319 0.023723446095229 9.8383332893424 0.00077751306889909 0.0016687186423368 -0.0015682480341262 0.00075416135116047 0.0017130681953289 -0.0015313856596575 0.17253985046939 0.02475883680628 4 8 5 5 6
49.010937937347 8.4160132959891 118.59654998779 0.003721 -0.017503 1.8047983267949 3.3108169093719 -0.85746395096938 3.420695535918 -0.0096479018675815 0.11044573822875 0.72009206429808 -1.1800142793413 9.4521598346387 0.54308216561468 -1.2108525949902 9.4601045373627 0.0023693261039893 0.020177728422255 -0.29668137143768 0.0079201888806455 0.021147072017278 -0.29651055071084 0.1404599587071 0.021213203435596 4 8 5 5 6
49.010880222316 8.4160969758428 118.69374847412 0.029767 0.012314 2.9175523267949 -0.055991810502424 -0.2163187468927 0.19849645311359 -0.10261546387558 -0.013411291825472 0.35538564232271 0.30435927839923 9.811072491107 0.47578523608089 0.013407776315939 9.8106884765105 0.0012443472998581 5.4707203747913e-05 -0.0052791876018958 0.0011795454108223 0.0002112098694169 -0.0052900461679821 0.16224672569886 0.019104973174543 4 9 5 5 6
49.010889603383 8.4160642560859 118.56189727783 0.010464 0.006549 2.6346873267949 0.81398051515279 -1.6676696812283 1.8545353678068 -0.071721606909748 -0.04618071417739 0.66362954698997 -0.36198517174546 9.7221209317067 0.733983059609 -0.48269290773668 9.7119428592179 -0.032481647951364 -0.015484404236467 -0.25680816336566 -0.034339597275934 -0.012300060370319 -0.25674239608686 0.15058552387265 0.014866068747319 4 9 5 5 6
49.010878406809 8.4160975573949 118.74992370605 0.028781 0.013784 2.9173883267949 -0.17308406795208 -0.0074056773012821 -0.031267928254371 -0.17039732708697 -0.013366355061713 -0.162505092929 0.29082959106208 9.8084493943872 -0.027821855456398 0.0084898764887757 9.8140672786816 -0.00042281159148866 0.00078389329174753 -0.00049204769579859 -0.00042922516245978 0.00079772245043376 -0.00046337601315975 0.17046993869888 0.026172504656605 4 8 5 5 6
49.010884810822 8.4160811624324 118.62814331055 0.030745 0.011603 2.8119403267949 0.34543429959278 -1.1639660873541 1.2135345849399 -0.040418544670217 -0.015158816480864 0.76447647880857 0.12550153381448 9.8298103085572 0.87645013944345 -0.17591966370705 9.8196902134266 0.0029141169216647 -0.0010447078119927 -0.14597881679059 0.0012497622985708 0.0034314822155333 -0.14596598888798 0.15641611170209 0.017691806012954 4 9 5 5 6
49.010878325176 8.4160975308116 118.76766204834 0.028551 0.013832 2.9170143267949 -0.18268126496174 -0.0069756674391552 -0.033896556474693 -0.17964471501239 -0.0123647281397 -0.2159482189381 0.27123748141005 9.7648550733016 -0.081700149196453 -0.0079641548135573 9.7706673146305 -0.0013312726134711 0.0013797519672693 -6.96817271093e-05 -0.0013315340671569 0.0013811817588922 -1.1943659509857e-05 0.17253985046939 0.02475883680628 4 8 5 5 6
49.010897771288 8.4160466536823 118.51889038086 -0.004089 -0.006247 2.4148743267949 1.4410363944759 -1.7854822454886 2.2938714773436 -0.067835252775191 0.001722035233463 0.62475452975879 -0.70818106962253 9.4576932975401 0.58196370438667 -0.67887330643114 9.4626543931855 -0.018884259719375 -0.029268471833149 -0.32408866138471 -0.017413232774571 -0.030273564772805 -0.32408518772786 0.14612323566086 0.0162788205961 4 8 5 5 6
49.010878330075 8.4160972704538 118.81221008301 0.02828 0.013247 2.9167203267949 -0.18268377347866 -0.022874808190438 -0.018436959412555 -0.18318465851519 -0.0065916095428526 -0.41553925824638 0.24618385833607 9.7460878187422 -0.28774778539881 -0.029662260576504 9.7537155652907 -0.00030533521867085 0.0024859235093632 0.00033261687317464 -0.00029985483726984 0.002475505758907 0.00040655369745168 0.17253985046939 0.02475883680628 4 8 5 5 6
49.010883663271 8.4160857954804 118.64650726318 0.030694 0.011468 2.8528463267949 0.22321675925457 -0.91916189709297 0.94494509605965 -0.042577451981264 -0.01533910768779 0.67213776523948 0.23031393549642 9.8164131846045 0.78597449607778 -0.070565126316992 9.8104094082912 0.002122969485822 -0.0056820865651226 -0.10220160860214 0.0009367895431245 -0.0025471799544786 -0.10234558888813 0.15641611170209 0.017691806012954 4 9 5 5 6
49.010947660241 8.4160104991422 118.62002563477 0.014672 -0.015667 1.7189183267949 3.5644748090476 -0.54689551414735 3.606619354297 0.039130162229102 0.11219307285691 0.78519226744417 -0.86875398942907 9.6874535254997 0.62911467940107 -0.98769235703373 9.6878327932663 0.037214423347705 0.0048171064598114 -0.26761494680718 0.04152294449666 0.0080983827177773 -0.26690070994874 0.1404599587071 0.021213203435596 4 8 5 5 6
49.010895005382 8.4160517444491 118.52319335938 -0.001863 -0.001595 2.4838283267949 1.2599880935277 -1.7895012127148 2.1882491068242 -0.057835736441331 0.0012164501026602 0.37605528823526 -0.74368045495505 10.391139037629 0.3726473174958 -0.72144723870786 10.392772298099 0.0046290330569421 -0.02215781717437 -0.31843124743312 0.0047448275728146 -0.022837358774217 -0.31837256120165 0.14612323566086 0.0162788205961 4 8 5 5 6
49.010965428276 8.4160081832776 118.6428604126 0.022848 -0.011889 1.6139303267949 3.9089781561394 -0.19078844010773 3.9138171839297 0.011549302704669 0.085543297925908 0.59568154075367 -0.4456674804773 9.9349517131747 0.47461850891572 -0.67618049000316 9.9285219229169 -0.0082362873145885 0.0021035538879097 -0.15317041104294 -0.0063604987545606 0.0056617088695164 -0.15316502892121 0.13790576492663 0.023345235059858 4 8 5 5 6
49.010951271023 8.4160097834497 118.62743377686 0.020214 -0.015786 1.6908353267949 3.6421459033412 -0.47064976882991 3.6727173423038 0.021612482362739 0.09736793730702 0.827850423732 -0.58257995312582 9.6503002679833 0.67572384581995 -0.75102176065901 9.6508178381063 0.044498954205376 -0.0044366398137556 -0.25649164994502 0.048540202124577 2.9973422234358e-05 -0.25580772365754 0.1404599587071 0.021213203435596 4 8 5 5 6
49.010879969547 8.4160972907333 118.6996307373 0.029492 0.012184 2.9180003267949 -0.074797101361886 -0.16977484215593 0.14898325824226 -0.11055959998436 -0.014985703828047 0.35810748286083 0.25970611800159 9.8562847497035 0.47847175574617 -0.030608605995052 9.8545503030951 -9.7791608869402e-06 -0.0009247475563158 -0.0040561549960498 -5.9552647866906e-05 -0.0008049406540573 -0.0040811119319084 0.16224672569886 0.019104973174543 4 9 5 5 6
49.010886271263 8.4160752800993 118.60318756104 0.021847 0.010517 2.7551923267949 0.46752424740529 -1.4045657836492 1.4781712780867 -0.08067192810714 -0.03355511293886 0.71485526493158 -0.038124233936658 9.7424029210474 0.82169096158577 -0.27482670694678 9.7305770841477 -0.040910676269341 -0.01296985875859 -0.19325888886164 -0.043029257278288 -0.008288680458239 -0.19305324292785 0.15058552387265 0.014866068747319 4 9 5 5 6
49.010896420848 8.416049079939 118.52193450928 -0.002392 -0.00324 2.4471933267949 1.3503250280501 -1.7877212932032 2.2398277591201 -0.065264821833787 0.030820543283755 0.5754383425519 -0.70937111774635 9.7131657702866 0.5530375043481 -0.68980186910043 9.7159926628049 -0.007470725360826 -0.015362327482561 -0.32799735962096 -0.0066979568853572 -0.016022596150209 -0.32798801187135 0.14612323566086 0.0162788205961 4 8 5 5 6
49.010992564264 8.4160083483591 118.66246032715 0.023615 0.003168 1.5411133267949 4.3464308093389 0.1264100712758 4.3483220670246 0.017181479820682 0.10730467102718 0.55141620745671 -0.32649712990032 9.9273799556756 0.56160374986919 -0.56555511761107 9.9162886934413 -0.0081348382566909 0.034802947460318 -0.083098873105522 -0.0082186000057166 0.036796005743981 -0.08224199597659 0.13790576492663 0.023345235059858 4 7 5 5 0
49.010878277726 8.4160974092494 118.79071807861 0.02877 0.013194 2.9167923267949 -0.18398878002627 -0.01293250376973 -0.028411108729618 -0.18224113659552 -0.010722964450315 0.015648859313214 0.33697194703242 9.8613187275089 0.14765719127132 0.054216946277569 9.8658304956431 0.0011216911608714 -0.0033423639098777 0.00028872970780042 0.0011241852953128 -0.0033492749101494 0.00017735957348547 0.17253985046939 0.02475883680628 4 8 5 5 6
49.010880709193 8.4160961796058 118.68454742432 0.029842 0.012559 2.9158683267949 -0.022202406384835 -0.3108490872055 0.29804260379512 -0.091073972070063 -0.014646467949787 0.33181863293912 0.27574881663266 9.7980181726832 0.45435749013984 -0.016679261917767 9.7969677715774 -0.00090178799513681 0.00027133398546492 -0.010199273811083 -0.0010292021630577 0.00057555568991505 -0.010174573182938 0.16224672569886 0.019104973174543 4 9 5 5 6
49.010881811329 8.4160931123744 118.67381286621 0.029773 0.012858 2.9037293267949 0.058082741690436 -0.51670088090166 0.51597381031553 -0.0643100484118 -0.013159017123473 0.25928730454877 0.29252592130362 9.8160376528903 0.38564535147521 0.00022741680995571 9.816245684755 6.3871618948661e-05 -0.0015379289616436 -0.035681075646893 -0.00039566152785105 -0.00047520711232616 -0.035708922119904 0.16224672569886 0.019104973174543 4 9 5 5 6
49.010934917189 8.416014437095 118.59085845947 0.003113 -0.019811 1.8345293267949 3.2219532350868 -0.94782913244923 3.3589073127566 -0.018015884157831 0.12926572547534 0.87918988324414 -0.88627003943688 9.8858209685232 0.67283729128276 -0.90710864341717 9.9001340292869 0.011325358405685 0.017797892656431 -0.30451064819558 0.017671411702917 0.01844049708441 -0.30416434837553 0.1404599587071 0.021213203435596 4 8 5 5 6
49.010900932131 8.4160415483763 118.51035308838 -0.012162 -0.010856 2.3393133267949 1.6486156603507 -1.8099068311216 2.4463498364767 -0.10504684501258 -0.013907190930971 0.94553036187138 -0.9371338033095 9.8358510539758 0.84474612496313 -0.8375392840385 9.8544538556765 -0.040327024627583 -0.0076036712392141 -0.36989111257446 -0.036527044659645 -0.01137199559944 -0.37021481635189 0.14612323566086 0.0162788205961 4 8 5 5 6
49.010878277761 8.4160974623776 118.77995300293 0.028608 0.013503 2.9168503267949 -0.18395998880419 -0.017628615948329 -0.023815274843878 -0.18326166765545 -0.0084883411080233 -0.17029679286268 0.30843882693708 9.810008455671 -0.039248687694907 0.026878256032527 9.8162236988964 -0.0020993961050523 0.0025852278288925 -0.00062289431853218 -0.002106579805958 0.002602020215737 -0.00052049497950923 0.17253985046939 0.02475883680628 4 8 5 5 6
49.010882560699 8.4160905093327 118.65363311768 0.029915 0.012241 2.8876503267949 0.11475511511268 -0.65027639284696 0.65843561866665 -0.050175896307025 -0.017793596904067 0.41493593203184 0.25517854822957 9.806548576555 0.5369807610415 -0.037732887074124 9.8038802835236 0.0013593115097156 -0.0056747642318818 -0.059645338827238 0.00061612801481656 -0.0038910692839588 -0.059800520243817 0.15641611170209 0.017691806012954 4 9 5 5 6
49.010878959152 8.4160977006254 118.72019195557 0.0293 0.013805 2.9182613267949 -0.15406017311135 0.0005885592571558 -0.034718969398968 -0.15009867958909 -0.015260966035656 -0.19545607123265 0.30006124576071 9.7889134425489 -0.060679153741762 0.013869020407897 9.7952660204454 -0.00025823738392294 0.0002459690806991 0.00030187093679042 -0.00025390999405784 0.00023697626945549 0.00031251337484527 0.17046993869888 0.026172504656605 4 8 5 5 6
49.010882853662 8.4160895113328 118.64804840088 0.03013 0.012056 2.8808453267949 0.13775778270364 -0.70718814689186 0.71899530339854 -0.046592201263664 -0.018980279257113 0.51070220053703 0.24103395437245 9.7950758673321 0.62993944076954 -0.053131852600788 9.7909619703755 0.0023388163418139 -0.0044747810552723 -0.068246963498544 0.0015074602728741 -0.0024232390521559 -0.068373801318959 0.15641611170209 0.017691806012954 4 9 5 5 6
49.010878443013 8.4160973000157 118.81585693359 0.028342 0.012822 2.9167133267949 -0.18254278238094 -0.031346815117065 -0.01013793264058 -0.1849375046507 -0.0019628458637508 0.13294181449618 0.28363359167214 9.7940143016587 0.26406556596002 0.0054148009097581 9.7953943379946 -0.0010093047924191 -0.0099427026535703 -0.00016283352157681 -0.0010148578181429 -0.0099341052414141 -0.00043081776226401 0.17253985046939 0.02475883680628 4 8 5 5 6
49.010931701893 8.416015846414 118.57978057861 0.001462 -0.021967 1.8679613267949 3.1216370973292 -1.0207804016747 3.28487007819 -0.0050352579038024 0.10249543200732 0.89469375299049 -0.94093612463832 10.176878414956 0.66730807693275 -0.94407786012537 10.194143057179 0.013629782564884 0.0062720947316372 -0.31087424458888 0.020562633460517 0.0063622410289913 -0.31047622530096 0.1404599587071 0.021213203435596 4 8 5 5 6
49.010882312027 8.4160914178885 118.66049957275 0.029777 0.012582 2.8936463267949 0.094129015915797 -0.60184517721481 0.60671278414026 -0.054775299340635 -0.016610133820562 0.34307786884029 0.24715359398799 9.8016236973741 0.46768672602124 -0.044566780258557 9.7994885296562 0.00054679003130707 -0.0041496268241807 -0.051059349669262 -0.00010323516279877 -0.0026286512421861 -0.051163015349757 0.15641611170209 0.017691806012954 4 9 5 5 6
49.010881544349 8.4160938921637 118.67825317383 0.029705 0.012874 2.9077183267949 0.042326892147835 -0.47507918692688 0.47206134267148 -0.068260380382932 -0.013267907695839 0.26262328625649 0.28450342898307 9.8017255816514 0.38890733439136 -0.0072730826832379 9.8016552687953 -0.0010682525562907 -0.0011558496912992 -0.026327066071432 -0.0014076296305936 -0.00037202999465916 -0.026333837136251 0.16224672569886 0.019104973174543 4 9 5 5 6
49.010885298407 8.4160792613626 118.61972045898 0.029902 0.01186 2.7943973267949 0.39140624018838 -1.2476418602981 1.306854612093 -0.045194840268519 -0.017932860476132 0.69937793761665 0.21813881919359 9.7675809630666 0.81411798140721 -0.078866545462083 9.7608000235818 -0.0069614504614803 -0.0031288091725077 -0.15947976017456 -0.0088364436457253 0.0017189423867411 -0.15940684743742 0.15058552387265 0.014866068747319 4 9 5 5 6
49.010884404481 8.4160827676719 118.63506317139 0.030538 0.011225 2.8266803267949 0.29980695390689 -1.0831192226008 1.1230938835562 -0.042450347307193 -0.016180433507183 0.78955073802825 0.14930899924827 9.8190028287551 0.89964345913745 -0.1511924351789 9.8095041643713 0.00021108716952698 -0.0041020488316307 -0.13219527143809 -0.0012718651469479 -5.5652579076204e-05 -0.13225300832473 0.15641611170209 0.017691806012954 4 9 5 5 6
49.010899218185 8.4160442251258 118.51412963867 -0.008077 -0.00965 2.3803563267949 1.5320870242187 -1.7947316382805 2.3585712703 -0.083610200187151 -0.017314167340031 0.83656602554411 -0.58845668536652 9.7638952407588 0.75913462475741 -0.52953473782892 9.77361104881 -0.039632582003289 -0.02912406742216 -0.34392893912092 -0.036894938809452 -0.031210206722504 -0.34407583260727 0.14612323566086 0.0162788205961 4 8 5 5 6
49.010880907776 8.4160957173579 118.68348693848 0.02978 0.01266 2.9146113267949 -0.0043860785856886 -0.35359061242281 0.34359635750605 -0.083618373115999 -0.013798600085033 0.31622378702537 0.29450159579608 9.8222406678529 0.43992187274456 0.0017644899082749 9.8218945854152 -0.00094250473404157 0.00054160844838847 -0.013500096638622 -0.0011122495238562 0.00094348816697408 -0.013465015359943 0.16224672569886 0.019104973174543 4 9 5 5 6
49.010969009866 8.4160080339769 118.64847564697 0.025005 -0.011587 1.6007443267949 3.9657158870768 -0.11471721595814 3.9674863223703 0.034222086426702 0.09419056822839 0.6958624593807 -0.56419476939235 9.8410901723443 0.5794942331933 -0.79882182507706 9.8324228444088 0.018663861944624 0.00134317717626 -0.13543990665561 0.020268220203398 0.0045722422616667 -0.13513925820335 0.13790576492663 0.023345235059858 4 8 5 5 6
49.010892552041 8.4160568714296 118.53731536865 -0.001648 0.002606 2.5482663267949 1.0736269991007 -1.7830064539667 2.0803542428157 -0.073888830131244 -0.052392889476505 0.76650518709661 -0.67053474897203 9.7145334144969 0.7977891907749 -0.67568925865247 9.7119048556863 -0.03752769905422 -0.011133180751888 -0.28586593654232 -0.038444293403148 -0.010994255134822 -0.28575271841527 0.14612323566086 0.0162788205961 4 9 5 5 6
49.010908501771 8.41603189822 118.50183105469 -0.026182 -0.018418 2.1837913267949 2.1559831205978 -1.6558297283564 2.7193206720414 -0.056144695690848 0.038429392447553 0.72982974983455 -2.1654410344854 10.727255082219 0.53821037817375 -1.8881560159379 10.791110289683 -0.014746870617675 -0.0029069664421884 -0.37979300395399 -0.0080229962510514 -0.012680800876661 -0.37978004290323 0.14217243052013 0.01838477631085 4 8 5 5 6
49.010888819787 8.416066533394 118.57234954834 0.014016 0.00788 2.6603993267949 0.74056616434453 -1.6205862332623 1.7805384925905 -0.068834922289942 -0.035127921979193 0.68242002584744 -0.17792169846447 9.7203409132202 0.76449069227046 -0.32855131301871 9.7104080369263 -0.023549556523573 -0.01397633337927 -0.25258835519669 -0.025680136837884 -0.010070853572089 -0.2525680872673 0.15058552387265 0.014866068747319 4 9 5 5 6
49.010881326617 8.4160945441598 118.68222045898 0.0298 0.012867 2.9104863267949 0.027324475431681 -0.43792660389339 0.43263438184023 -0.073224238868645 -0.013154324497298 0.26732642389248 0.26366274682878 9.8108608321489 0.3931532368342 -0.028645705892076 9.8101272865827 0.00013912604951532 -7.0929135821196e-05 -0.021365518584405 -0.00013486313364484 0.00056538371568157 -0.021358159397966 0.16224672569886 0.019104973174543 4 9 5 5 6
49.010878473401 8.4160975785243 118.74215698242 0.028823 0.013649 2.9175583267949 -0.17145973832558 -0.0016252556411354 -0.036519007488459 -0.16753366196248 -0.014077319745033 -0.19656551014285 0.28954731124876 9.7879776993007 -0.062372020308057 0.0076453285221299 9.7940322249687 -4.0665189932976e-05 -0.0012693085998828 -0.00038115104021158 -4.6366942393776e-05 -0.0012578141967449 -0.00041690621832878 0.17046993869888 0.026172504656605 4 8 5 5 6
49.010882022739 8.4160923342564 118.66761016846 0.02971 0.012824 2.8993123267949 0.073330744487507 -0.55531465944386 0.55684605946653 -0.060740749320739 -0.0144415051743 0.28341155433852 0.25827126922325 9.7884791091286 0.40926466847315 -0.032892207497297 9.7873790315863 -0.0003372810577658 -0.0021209443761536 -0.043171651674137 -0.00089280181278988 -0.00083639856453847 -0.043207706453249 0.15641611170209 0.017691806012954 4 9 5 5 6
49.010878773889 8.4160976581779 118.72444915771 0.029209 0.013707 2.9179793267949 -0.16082123162534 -0.0047206017377818 -0.031077078807386 -0.15786040683129 -0.015509195375837 -0.13841970108125 0.29359962842904 9.8236769110339 -0.0039326713624787 0.0077987448959278 9.8290346919673 0.00074474306927702 -0.00013928182732797 -0.00060301923033827 0.00073637156617999 -0.00012168346905881 -0.00061690772712593 0.17046993869888 0.026172504656605 4 8 5 5 6
49.010879807848 8.4160975019022 118.70260620117 0.029347 0.012168 2.9183373267949 -0.093855199168602 -0.12388118717658 0.10004247101671 -0.11894245239523 -0.022062272428993 0.35968981133603 0.30047624397722 9.8939817862703 0.48149436563819 0.010229329257069 9.8933653662077 -0.00057316756354747 -0.0030071454034444 -0.0035809578316845 -0.00061799003568176 -0.0029008543677983 -0.0036601789941369 0.16224672569886 0.019104973174543 4 9 5 5 6
49.010885730004 8.4160774248012 118.6135559082 0.02686 0.011454 2.7766923267949 0.42248723263739 -1.3242676109572 1.3885061676902 -0.064594335585699 -0.024045959304309 0.69116079081223 0.26847596160118 9.7479447453595 0.80447273245384 -0.0085365727100659 9.7429324044252 -0.025205647442417 -0.0081832949528564 -0.17607984023355 -0.027251811180418 -0.0031909767629138 -0.17593458969802 0.15058552387265 0.014866068747319 4 9 5 5 6
49.011005385527 8.4160095379399 118.65766143799 0.030125 0.002213 1.5213243267949 4.5222200882612 0.2572439616311 4.5293032108633 0.047026188422136 0.011545199709947 0.70985309112967 0.17766549697358 9.8009998697885 0.73191285282908 -0.11110613785607 9.8005018458739 0.011850126791284 -0.0020767028372583 -0.053385175058904 0.011727677692006 -0.00051037152921559 -0.053444740178829 0.14090067423543 0.031827660925679 4 7 5 5 0
49.010902636661 8.4160391473723 118.50708770752 -0.016517 -0.010987 2.3017223267949 1.7790879141503 -1.7965663849786 2.52726572761 -0.097644374600492 -0.011577658234544 0.94993679804118 -1.2611832669358 9.6986130867574 0.84539287657175 -1.1250852819316 9.7255303666319 -0.048151051744933 0.0008751283874391 -0.37290194628938 -0.044134475959757 -0.0043672901315665 -0.37338413288869 0.14612323566086 0.0162788205961 4 8 5 5 6
49.010888123454 8.416068771052 118.58141326904 0.016745 0.008986 2.6858143267949 0.68444227607236 -1.5656607175859 1.708070752143 -0.052049641000315 -0.027259922906495 0.60566767124076 -0.07344788072788 9.7758261573639 0.69608089582683 -0.24369534865917 9.7669884992774 -0.0094023087218724 -0.0089923014623134 -0.23917624630566 -0.011614163961329 -0.0048326645023117 -0.23919869094969 0.15058552387265 0.014866068747319 4 9 5 5 6
