49.014237868504 8.416973900747 118.46746826172 -0.006569 0.013593 2.1243243267949 -0.023956593009645 0.024807066603327 -0.033419984399521 0.0085095398105778 0.00365834159446 -0.14077081046115 -0.055316275413711 9.8091511335236 -0.0074074981900752 0.0088695352386921 9.8103105814036 -0.00041235444610463 -7.9180109672875e-05 0.00037621224777428 -0.00040719884576718 -7.6719054588115e-05 0.00038228829384032 0.29454371492191 0.04101219330882 4 4 4 0 0
49.014238654895 8.4169722248761 118.61133575439 -0.00663 0.013825 2.1291933267949 -0.0024706929242178 -0.0041356744673661 9.4808621008821e-05 -0.0048167590577833 0.021766403912321 -0.13996671445213 -0.065901238757664 9.8096801710818 -0.00414425349017 -0.00079748008771808 9.8108987640946 -1.2589115460685e-05 -0.00011692857970447 0.00069166664942862 -3.0320263392238e-06 -0.00011235218136564 0.00069255185487464 0.26740605827094 0.021213203435596 4 4 5 5 0
49.014237774304 8.4169740874513 118.46953582764 -0.006534 0.013565 2.1242993267949 -0.025443337872528 0.027555546402912 -0.036129993103999 0.010064552247813 0.0032151098021337 -0.14329493242041 -0.06802175900696 9.8013546314507 -0.010249901524309 -0.0038156802644915 9.8026315460743 0.00035214548083824 -0.00018942579533621 -0.00081201550858249 0.0003411155331551 -0.00019473525045013 -0.00081550226168777 0.29454371492191 0.04101219330882 4 4 4 0 0
49.014237556018 8.4169745775014 118.47478485107 -0.006641 0.013531 2.1246153267949 -0.029390083318816 0.03103949318608 -0.041321984659346 0.010941690724979 0.0020714245815699 -0.1369620827491 -0.066267821893533 9.8069253727159 -0.0040658345916353 -0.001054524269735 9.8081048319872 0.00020516543132116 -0.00040817740655563 -0.00021553194177095 0.00020226357444786 -0.00040958834681719 -0.00021558062993085 0.33266349363884 0.054451813560248 4 4 4 0 0
49.014237804693 8.4169740231806 118.46876525879 -0.006522 0.013602 2.1243813267949 -0.02522069691537 0.026328204155227 -0.035295482621003 0.0091371230076553 0.0031351194258941 -0.1454225474169 -0.064525366295646 9.8068813372394 -0.01204137591054 -0.00038996158629004 9.8081641254347 0.00035063656577223 -1.9603923091134e-06 0.00045340447077366 0.000356723853229 9.8759101767012e-07 0.00044858563967052 0.29454371492191 0.04101219330882 4 4 4 0 0
49.014238377956 8.4169730800702 118.45446777344 -0.006541 0.013663 2.1300773267949 -0.013151788765592 0.016721447170873 -0.02002023322725 0.0071949707862688 0.0062055944443275 -0.13740377333396 -0.062371047373271 9.806415465714 -0.0035108998449302 0.0017147277934368 9.8075756113567 -8.8807031269899e-05 0.00019084852928681 -8.8889857475384e-05 -9.0022325546878e-05 0.00019025512194332 -8.8928032169145e-05 0.27080066469638 0.021931712199461 4 4 4 0 0
49.014237643122 8.4169743672416 118.47264862061 -0.006635 0.013607 2.1245213267949 -0.027853046109964 0.029678923154112 -0.039297933167715 0.010597319113324 0.0024490766059102 -0.13879395834179 -0.069902147611008 9.8078644324693 -0.0057171861858157 -0.0050344280775023 9.8090926578974 -0.0003286532183038 0.00062931542192263 3.3472554200127e-06 -0.00032863982531777 0.00062933113467273 3.6401555120746e-06 0.30972568508278 0.047381430961929 4 4 4 0 0
49.014237568574 8.4169745476775 118.47450256348 -0.006617 0.013609 2.1246283267949 -0.029104432082153 0.031037932315947 -0.041078354028431 0.011090082202218 0.002324901954972 -0.14151586437646 -0.063358539691824 9.8080710101116 -0.0084977050841491 0.0017578915572089 9.8092928361572 0.00044163593752443 0.0007949830613517 -0.00028791755747615 0.0004376041265784 0.00079305582993105 -0.00029919183451748 0.33266349363884 0.054451813560248 4 4 4 0 0
49.014238073525 8.416973518892 118.46364593506 -0.006535 0.013666 2.1241833267949 -0.020219948238913 0.021524604899522 -0.028514746792148 0.0076853298487402 0.0046932895022793 -0.14629323146563 -0.072792457917828 9.8091350852561 -0.012376971565301 -0.0087306298536275 9.8104842471588 -4.42404238831e-05 0.00022738449132966 0.00053333436610352 -3.6962963111391e-05 0.00023086678979934 0.00053240921311751 0.27681040442874 0.028284271247462 4 4 4 0 0
49.014237789705 8.416974054054 118.46915435791 -0.006554 0.013571 2.1243953267949 -0.025262125573943 0.026993470015847 -0.035680648868106 0.0096806014611631 0.0033397089184282 -0.14133110023957 -0.071247477367641 9.8112732673288 -0.0081234138853298 -0.0069746018976334 9.8125438340552 -2.5260096762653e-05 -0.00013819458162657 0.00032068824649191 -2.090129692922e-05 -0.00013608140063598 0.00032188907481096 0.29454371492191 0.04101219330882 4 4 4 0 0
49.014238041662 8.4169735733547 118.46419525146 -0.006522 0.013644 2.1241623267949 -0.02049510208359 0.021458717821881 -0.028714067612471 0.0074851860141946 0.0045188477310831 -0.13018109357412 -0.059150793589556 9.8072756126553 0.0034860100848716 0.0048415085604783 9.8083161052474 8.9417680195638e-05 0.00023105300496015 0.00038910019574264 9.4688089054084e-05 0.00023358176893246 0.00038634189039122 0.28364061768372 0.034655446902327 4 4 4 0 0
49.014238681687 8.416972156052 118.6242980957 -0.006584 0.013859 2.1288763267949 -0.0013241009177061 -0.0058871581776341 0.0019933455935566 -0.0056956355691255 0.023167651820673 -0.13658183820774 -0.062874683539479 9.8070877373103 -0.00036889047529368 0.0021623862505027 9.8082399793834 0.00066384208049265 -0.00021068796415609 0.00018499106220216 0.00066635298482079 -0.00020943759206152 0.00017715395016943 0.26740605827094 0.021213203435596 4 4 5 5 0
49.014237838363 8.4169739596967 118.46810913086 -0.006574 0.013577 2.1243863267949 -0.024266779668285 0.026371940770943 -0.034506821762265 0.0096765225197767 0.0034091746760475 -0.14034132224398 -0.072471004090255 9.8082192100196 -0.0070382105381689 -0.0079991505587087 9.8094853217911 2.0393991064194e-05 -0.00027940228277116 0.0009027557448426 3.2663125458252e-05 -0.0002734728666155 0.00090420606996484 0.29454371492191 0.04101219330882 4 4 4 0 0
49.014237821413 8.41697399262 118.4684677124 -0.006536 0.01359 2.1244103267949 -0.024635778642456 0.026461023577683 -0.034867946270201 0.0095568611533664 0.0034605129967101 -0.13736466480597 -0.05885050347902 9.8033565779312 -0.004141785201075 0.0052941057988137 9.8044932895147 0.00015896185605805 -2.1462282392008e-05 0.0006430172001278 0.00016766721615943 -1.7293330654288e-05 0.00064091030623949 0.29454371492191 0.04101219330882 4 4 4 0 0
49.01423771568 8.4169742106307 118.47094726562 -0.006566 0.013582 2.1244143267949 -0.026528831035199 0.028604546760197 -0.03760562526922 0.010383447812463 0.0028501700673107 -0.13736108661061 -0.062546359421776 9.8105110638622 -0.0041297816523942 0.001839329251989 9.8116710258386 -4.0476089048269e-07 -1.8960805569597e-05 -0.00015845885059395 -2.5324154968651e-06 -1.9993637751678e-05 -0.00015831940885695 0.30972568508278 0.047381430961929 4 4 4 0 0
49.014237916365 8.416973808655 118.46643829346 -0.006578 0.013627 2.1242743267949 -0.023207003573041 0.023933020240264 -0.032322335388735 0.0081621730903764 0.0037089076491329 -0.14054759358425 -0.070342749920737 9.810414011266 -0.0069757934527155 -0.0058295447974942 9.8116688508301 -3.6460601580999e-06 0.00017655777966268 0.00072831152401195 6.2270099548104e-06 0.00018130688858441 0.00072712360550529 0.29454371492191 0.04101219330882 4 4 4 0 0
49.014237854284 8.416973928757 118.46780395508 -0.006621 0.013547 2.1243663267949 -0.024461712744158 0.02523832036202 -0.034076726083656 0.0086095826502105 0.0034577126570946 -0.14432997829268 -0.071567314690335 9.8103366667247 -0.010988146977766 -0.0069399933741578 9.8116509425665 -0.00054990443035562 -0.00082683258062395 0.00046916510542618 -0.00054342108766788 -0.00082373503557891 0.00048205812859939 0.29454371492191 0.04101219330882 4 4 4 0 0
49.01423855852 8.4169724649604 118.55475616455 -0.006607 0.013681 2.1299283267949 -0.0056064349153173 0.0011714324120515 -0.005374415456019 -0.0019802462106369 0.016941922296058 -0.14227190753654 -0.063191914547656 9.8035799165787 -0.007559856271708 0.0014423434745651 9.8048126708637 -0.00037751809907158 -0.00080501759150867 0.00097405130147165 -0.000364029713597 -0.00079858384655184 0.00098441319485152 0.26740605827094 0.021213203435596 4 4 5 5 0
49.014237628993 8.4169743985613 118.47298431396 -0.006611 0.013548 2.1245353267949 -0.027988142753434 0.030125271068184 -0.039647740227476 0.010905268595118 0.002542002662961 -0.13911353411793 -0.066338186530774 9.8058191191164 -0.0061473654083765 -0.0014999574650842 9.8070282311825 6.0059793735106e-05 -0.00025347796170234 -2.2555788438729e-05 5.9768912706392e-05 -0.00025361702638376 -2.1677151976405e-05 0.30972568508278 0.047381430961929 4 4 4 0 0
49.014238337903 8.416973140727 118.44593811035 -0.006529 0.013711 2.1286663267949 -0.014765038571024 0.018193034020309 -0.02216125638584 0.0076077434442413 0.0047949012070897 -0.14272013961044 -0.059536041626634 9.8016963042531 -0.0086641740658072 0.0043317000009774 9.8029111708369 -8.1626608276313e-05 0.0004824888750151 0.00034743783493003 -7.691584830342e-05 0.00048471353418717 0.00034535290406869 0.27080066469638 0.021931712199461 4 4 4 0 0
49.014238477646 8.4169726588075 118.53830718994 -0.006525 0.013677 2.1301863267949 -0.0091164803094738 0.0074904654453987 -0.011702146053509 0.0015089144989133 0.013863998749065 -0.13843335991255 -0.067311214821807 9.8052953068841 -0.0044747985783578 -0.0031452138189301 9.8065019312182 0.00040012623779747 0.00023426475159175 0.00031759542064177 0.00040439238147914 0.00023634890718354 0.00031054482372993 0.26940118782218 0.023345235059858 4 4 5 5 0
49.014238277798 8.4169731912292 118.45721435547 -0.00657 0.013654 2.1250423267949 -0.016255953643562 0.01907113612825 -0.023860684227066 0.0076569458839083 0.0050280730248324 -0.13721984711172 -0.07514032617891 9.8128396862582 -0.0029989250827069 -0.010664519048477 9.8140805639789 8.9607864354539e-05 -0.0004723227598132 -0.00023164758211588 8.6476751361812e-05 -0.000473867319957 -0.00022971900334596 0.27200183822908 0.02262741699797 4 4 4 0 0
49.014238148656 8.4169733898497 118.46221923828 -0.006563 0.013677 2.1241573267949 -0.018689827317588 0.019208293018522 -0.025995872205141 0.0065179119146574 0.0047889383004885 -0.13449042229112 -0.073124387480781 9.815481157166 -0.00031643304930568 -0.0090072110753328 9.8166709910856 -0.00048383892776558 0.00011919591379424 -0.00043447398893368 -0.00048977311567453 0.00011631151021192 -0.00042857572427148 0.27681040442874 0.028284271247462 4 4 4 0 0
49.014237654683 8.4169743358976 118.47226715088 -0.006577 0.013518 2.1244253267949 -0.02765042359027 0.029515401893501 -0.039039169070525 0.010566372664881 0.0025917294019461 -0.1383460400593 -0.064211397528745 9.8058604764778 -0.0054673672098032 0.00034166807371951 9.8070452331161 0.00016570494782588 -0.00061980021966101 -0.00090667140719981 0.00015354455201793 -0.00062572329803516 -0.00090473545369255 0.30972568508278 0.047381430961929 4 4 4 0 0
49.014237542071 8.4169746064307 118.47500610352 -0.006653 0.013577 2.1246203267949 -0.029388771913493 0.03134276175418 -0.041480191232161 0.011200990584825 0.002185709665155 -0.14114079198784 -0.073075225578016 9.8107135299808 -0.0081198002262914 -0.0077424486365108 9.8119946473547 0.00015615811744519 0.00026828199840446 0.0002227927222365 0.00015907631323628 0.00026974855745613 0.000218867386437 0.33266349363884 0.054451813560248 4 4 4 0 0
49.014238266325 8.4169732080296 118.45795440674 -0.006485 0.013658 2.1248583267949 -0.016656342138937 0.018853206201685 -0.024084845557037 0.0072663127989219 0.0052966342914022 -0.1423469254513 -0.052841407137823 9.8059054903683 -0.0081730162256279 0.011163448986251 9.8070715357431 0.00082081842404073 -0.0004733357602312 -0.00014622054609953 0.00081874845538254 -0.00047429615234069 -0.00015435328554885 0.27200183822908 0.02262741699797 4 4 4 0 0
49.014238437371 8.4169727806078 118.52615356445 -0.006611 0.013703 2.1286013267949 -0.01159593618528 0.011166101110694 -0.015748929916611 0.0033344442811697 0.012629789492903 -0.14542543011002 -0.063154907251399 9.8095281255161 -0.011402602082827 0.0014857147598549 9.8108029900887 -0.00039336635085083 0.00067037339891359 0.00070917549995097 -0.00038366496732093 0.00067505936034146 0.00071004746603726 0.26940118782218 0.023345235059858 4 4 5 5 0
49.014237932563 8.4169737799842 118.46612548828 -0.006532 0.013635 2.1242093267949 -0.022693111539581 0.023879519870748 -0.031856766079751 0.0083878332884299 0.0038623969972284 -0.13699484060758 -0.057283292361672 9.8028877658986 -0.0034863226119576 0.0067687415992614 9.8040094145789 8.2519724723653e-05 0.00025256999674544 0.00016048225623578 8.4686457854292e-05 0.00025361551658034 0.00015770649499232 0.28364061768372 0.034655446902327 4 4 4 0 0
49.014238443932 8.4169727485037 118.53302001953 -0.006553 0.01367 2.1296873267949 -0.010852251925903 0.010165092178184 -0.014591462641027 0.0028617194535342 0.013136956172014 -0.13851543275776 -0.061625250826931 9.8079979172537 -0.0046819988033372 0.0027341155286969 9.8091676721743 0.00021408644017178 0.00041189663027176 -5.9873056851382e-05 0.00021321951275401 0.00041151174054706 -6.5444470133694e-05 0.26940118782218 0.023345235059858 4 4 5 5 0
49.014237582136 8.4169745167068 118.47421264648 -0.006634 0.013542 2.1246253267949 -0.028796006113753 0.031024232907928 -0.040808490309239 0.011241884443037 0.0022288241885832 -0.13944448480751 -0.063224345832106 9.8134706565051 -0.0063313070686073 0.0018483924854958 9.8146626723228 -1.3189545794519e-05 -0.00045300690955757 0.00015577036819708 -1.1072349811507e-05 -0.0004519505199883 0.00015890255886405 0.33266349363884 0.054451813560248 4 4 4 0 0
49.01423842992 8.4169728243748 118.5159072876 -0.006557 0.01369 2.1286823267949 -0.01212542903805 0.012108411792948 -0.016696823949187 0.0038542993583969 0.011824097912205 -0.14124974964095 -0.06378376772522 9.806617780558 -0.0071693180833594 0.00069169441276508 9.807839651008 0.00026220287352576 0.00029917122754928 6.1757378735694e-05 0.00026299334258773 0.00029959945654619 5.6189908540297e-05 0.26940118782218 0.023345235059858 4 4 5 5 0
49.014237700607 8.4169742413178 118.47129821777 -0.006589 0.013604 2.1244853267949 -0.026876144057552 0.028601596514062 -0.037899989671938 0.010196527628381 0.0027847444151098 -0.13393879048605 -0.061968890516769 9.8027033527779 -0.00095834734477104 0.0025336552081063 9.8038138274254 -0.00011130049356751 0.00063227496359243 0.00028791047377393 -0.00010743976096609 0.00063416139924807 0.00028521189489515 0.30972568508278 0.047381430961929 4 4 4 0 0
49.014238162921 8.4169733677612 118.46188354492 -0.006502 0.013663 2.1242443267949 -0.018756258908329 0.019460179891018 -0.026185175273092 0.0066959251074673 0.00447670702585 -0.1304609879657 -0.044973066216494 9.803914827365 0.0036452902418273 0.018797523648379 9.8048678619087 8.2282825023421e-05 -0.00030336511141167 0.00030537344232804 8.6480558972692e-05 -0.0003013489863718 0.00030619760297578 0.27681040442874 0.028284271247462 4 4 4 0 0
49.014238487168 8.4169726478142 118.53285980225 -0.006545 0.013678 2.1304513267949 -0.0086465155326646 0.0067850621044495 -0.010929732680921 0.0011580014082034 0.013645606663184 -0.13732609128695 -0.066104087934193 9.8104299903062 -0.0031588175474038 -0.0018710809214942 9.8116130375609 9.9783067250015e-05 1.5544966023667e-05 -0.000580289093512 9.1823817475981e-05 1.177104940755e-05 -0.000581716191493 0.26740605827094 0.021213203435596 4 4 5 5 0
49.014237594059 8.4169744866602 118.47392272949 -0.00662 0.01355 2.1246053267949 -0.028626730186302 0.030738287572643 -0.040513955136568 0.01108836483094 0.002323839903766 -0.14410877360184 -0.068306759852939 9.8079754799361 -0.011187585258502 -0.0032499052447581 9.8092651302643 0.00027070726399173 -0.00010186268578768 1.981229251565e-05 0.0002709717108072 -0.00010172364022704 1.6799069284652e-05 0.33266349363884 0.054451813560248 4 4 4 0 0
49.014238426955 8.416972864794 118.50547027588 -0.006609 0.013662 2.1290293267949 -0.012214762079295 0.013063339147541 -0.017279148768394 0.004613436702228 0.010673239597632 -0.13761285299977 -0.070207158418234 9.8044000762759 -0.0035230846653972 -0.0058027050040782 9.8056146737849 -0.00077653988046004 -0.00029840679404191 0.0014605365308772 -0.00075648430078606 -0.0002888221105337 0.001472922451423 0.26940118782218 0.023345235059858 4 4 0 0 0
49.014237883715 8.4169738714041 118.46709442139 -0.006515 0.013542 2.1242573267949 -0.023044572192899 0.025571599703612 -0.033045563743015 0.0096410511867845 0.0036735292327354 -0.13539636716706 -0.059001916218593 9.8085752554112 -0.0020886780758 0.005225957226479 9.8096859362579 0.00063322260958869 -0.00089879486676453 0.00014161469599539 0.00063517223793151 -0.00089781569711835 0.00013886534479169 0.29454371492191 0.04101219330882 4 4 4 0 0
49.014238089914 8.4169734900639 118.46339416504 -0.006507 0.013632 2.1241443267949 -0.01986203494562 0.020673702261039 -0.027762876157112 0.0071501790005488 0.0045206567753959 -0.14340023266377 -0.065757595649882 9.8101200382873 -0.009524745563793 -0.0017874091975247 9.8113836711722 0.00028753022793171 -0.00027702060780716 0.00024540250539615 0.00029087656313124 -0.00027541689677573 0.00024326738514751 0.27681040442874 0.028284271247462 4 4 4 0 0
49.014238241115 8.4169732423336 118.45922088623 -0.006608 0.013669 2.1246393267949 -0.016438703645622 0.019058060482592 -0.024005237256241 0.0075622539179963 0.0052863292019577 -0.12957355404821 -0.076269250085036 9.8212317365558 0.0048339427163044 -0.011543809466333 9.8223746958132 -0.00026845639207275 -0.0003189869251786 0.00080866970707284 -0.00025732018390856 -0.00031367785677455 0.00081436090248146 0.27200183822908 0.02262741699797 4 4 4 0 0
49.014238709709 8.4169720848332 118.63827514648 -0.006679 0.013884 2.1286023267949 -0.00027574855118985 -0.0078003312593785 0.0038934583325865 -0.0067648559486207 0.024787101024805 -0.1360528720526 -0.067729894742353 9.8110779015635 0.00056746184916869 -0.0023500081722955 9.8122544914368 -0.00049771282967905 -0.00032954033179889 0.00055043738242454 -0.00048999072907308 -0.00032586690980206 0.00055947651853809 0.26740605827094 0.021213203435596 4 4 5 5 0
49.014237726609 8.4169741822476 118.47052764893 -0.006552 0.013588 2.1244673267949 -0.026162635822731 0.028428983251507 -0.037201976034701 0.010426098765307 0.0029801892780884 -0.13681924170097 -0.064999055729487 9.8091105321093 -0.0036099542645143 -0.00064831821000452 9.8102790936664 0.00018282532019262 0.00010577318831073 0.00053196823067638 0.00019006522131817 0.00010923374598193 0.00052873239381279 0.30972568508278 0.047381430961929 4 4 4 0 0
49.014238392632 8.4169730398115 118.46120452881 -0.006562 0.013665 2.1301293267949 -0.012765635653371 0.016081691765845 -0.019352816308381 0.0068596194410707 0.0071811025593266 -0.13321651202739 -0.06517865271217 9.8140834540365 0.00091547145779389 -0.00087323142865544 9.8152040156134 -0.0002156106032378 1.1730770240202e-05 -6.0662248189554e-05 -0.00021643397966575 1.1335268547393e-05 -5.7784730764117e-05 0.27080066469638 0.021931712199461 4 4 0 0 0
49.01423810524 8.4169734640287 118.46315002441 -0.006517 0.013675 2.1241323267949 -0.019495943278417 0.020578671320102 -0.027401424428945 0.0072619082568895 0.0046687570760414 -0.1378185020335 -0.06236780584606 9.8045429673196 -0.0038681622381605 0.0014452854034801 9.8057090732752 -0.00010820213906799 0.00020395102326328 0.00024458363114465 -0.00010485432459294 0.00020548954984548 0.00024472942195075 0.27681040442874 0.028284271247462 4 4 4 0 0
49.014238463592 8.416972701605 118.53551483154 -0.006543 0.013661 2.1301843267949 -0.009561981863715 0.0084942401116229 -0.01261221684646 0.0021248855845239 0.01369709476545 -0.13620847505454 -0.063987790423398 9.8118117358115 -0.0020663103783956 0.00018229044740638 9.8129656067555 -5.7214245242345e-05 -0.00015508176285632 0.00037075674154667 -5.2142932915844e-05 -0.00015263381817978 0.00037254404534058 0.26940118782218 0.023345235059858 4 4 5 5 0
49.014238218386 8.4169732811756 118.46025085449 -0.00653 0.013694 2.1244153267949 -0.016267637855482 0.017655534454454 -0.02312057933046 0.0064648571352779 0.005141074575523 -0.14017999961947 -0.042682332794657 9.8151197696288 -0.0057115514843909 0.021096542007414 9.8161895881241 -0.00051726871381721 -0.00014805110005653 0.00066114396175348 -0.00050814871962183 -0.00014373522158 0.00066915938069758 0.27200183822908 0.02262741699797 4 4 4 0 0
49.014238497411 8.4169726218833 118.52993011475 -0.00652 0.013624 2.1305793267949 -0.0081867031055462 0.0056886289423604 -0.0099578056922573 0.00047529046737129 0.013780072281153 -0.13822612702016 -0.063796777051779 9.8055203611883 -0.0041584692889103 0.00024676074886426 9.8067012643264 0.00015641424336378 -0.00082793769602177 0.00060580182443867 0.00016468428232924 -0.00082396002644965 0.00060896993825732 0.26740605827094 0.021213203435596 4 4 5 5 0
49.01423799652 8.4169736594666 118.46488952637 -0.006511 0.013687 2.1242353267949 -0.021393980380403 0.022812496116347 -0.030190625434651 0.0081632247007251 0.0042579950078737 -0.13729905282133 -0.058274418553321 9.8087355951209 -0.0034783522307122 0.0056276886212701 9.8098672603785 0.00010384232771773 0.00074493118955674 0.00090913600466206 0.00011615890056182 0.00075083693707095 0.00090277876912899 0.28364061768372 0.034655446902327 4 4 4 0 0
49.014238590568 8.4169723853565 118.57281494141 -0.006582 0.013799 2.1296683267949 -0.0045244125981185 -0.00039000106811539 -0.0036296507973423 -0.0027293671643631 0.018379358802254 -0.13293779633075 -0.067756025786415 9.8075586580716 0.0022398328457222 -0.0030140684143461 9.8086930691773 0.00023114970687888 0.0004935018830143 0.00056854464313112 0.00023891300613712 0.00049723479654189 0.00056206237334235 0.26740605827094 0.021213203435596 4 4 5 5 0
49.014238252945 8.4169732238246 118.45863342285 -0.006577 0.013679 2.1246423267949 -0.017437700465551 0.018253241714229 -0.024432237732423 0.006349932022713 0.0043394295802151 -0.13812520379424 -0.069598471884052 9.8068117234807 -0.0038631046750353 -0.005453287083079 9.8080290993653 -0.00056217062061393 -0.0002396863314312 -0.00040725741247729 -0.00056767836770145 -0.00024238172283505 -0.00039791283202769 0.27200183822908 0.02262741699797 4 4 4 0 0
49.014237685756 8.4169742734244 118.47166442871 -0.00662 0.013535 2.1244403267949 -0.027077769576994 0.029202082744628 -0.038387057413732 0.010601931346921 0.0027478011449815 -0.13744568504294 -0.069422728192612 9.8103865568191 -0.0045329258628025 -0.0045293118286823 9.8115928226712 -4.8619121872252e-05 -0.00028430037990327 -0.00012892436054992 -5.0331497596333e-05 -0.00028514714927971 -0.00012635570432855 0.30972568508278 0.047381430961929 4 4 4 0 0
49.014238026378 8.4169736028303 118.4644317627 -0.006562 0.013638 2.1241763267949 -0.020563678839908 0.021702220039965 -0.028900374673871 0.0076563324128152 0.0044343728352848 -0.13733897030211 -0.07105270535537 9.8106652490963 -0.0035656452718875 -0.0067454932514842 9.8118808618843 -9.7165774122653e-05 2.2901826376944e-05 0.00059736004348426 -8.9014134196381e-05 2.6821000214062e-05 0.00059847452114636 0.28364061768372 0.034655446902327 4 4 4 0 0
49.01423761802 8.4169744258998 118.47326660156 -0.006584 0.013577 2.1245583267949 -0.028225341204252 0.030230779894106 -0.039905209940922 0.010869417454266 0.0023723056185301 -0.13873156865596 -0.067058954509997 9.8071422376035 -0.0056676231933097 -0.0022470889636096 9.8083505620873 0.00047614850034138 9.5919561626926e-05 8.9991272128033e-05 0.00047732582321554 9.6477080474982e-05 8.2870731562087e-05 0.33266349363884 0.054451813560248 4 4 4 0 0
49.014237669913 8.4169743047626 118.47194671631 -0.006582 0.013546 2.1244963267949 -0.027230612310827 0.029649149225032 -0.038752442763847 0.010900764348152 0.0026182329993747 -0.13749610695885 -0.062006169055641 9.8063285536272 -0.0047110648120998 0.0025959550246069 9.807487172226 0.00014007598952085 5.0528250168911e-05 0.00040946531513957 0.00014560700836885 5.3233545964905e-05 0.00040718057527309 0.30972568508278 0.047381430961929 4 4 4 0 0
49.014238407109 8.4169729800187 118.47476959229 -0.006577 0.013642 2.1298213267949 -0.012687484523565 0.014805867110001 -0.018607341987746 0.0058270854989502 0.0080953860827138 -0.14599104178651 -0.066670099292281 9.8076455381627 -0.011947740145989 -0.0024795795318326 9.8089513588559 -0.00064692889748017 -0.00036868058945193 6.7252331134623e-05 -0.00064590769233241 -0.00036819664480632 7.8484487362231e-05 0.27080066469638 0.021931712199461 4 4 0 0 0
49.014238176917 8.4169733452076 118.46157836914 -0.00655 0.013676 2.1243583267949 -0.018046575029548 0.021140604063892 -0.026465568747951 0.0084957600563316 0.0048213208534771 -0.13036299704264 -0.060447820502435 9.8070785033891 0.0040360382242757 0.0039973049165404 9.8081301228956 0.00041806234392772 -0.00053236217491229 0.00065588455622265 0.0004270699853239 -0.00052802951238222 0.00065354976923225 0.27681040442874 0.028284271247462 4 4 4 0 0
49.014238011211 8.4169736317304 118.46468353271 -0.006537 0.013615 2.1242283267949 -0.02075688080711 0.022729490192236 -0.029604715246171 0.0084284419260904 0.0043616369875398 -0.14489780469541 -0.067725272529696 9.8084485020224 -0.011146980961146 -0.0036285667536888 9.8097454041191 -1.5673873321022e-05 -0.00039835632216753 0.0013021198113073 2.1185777864996e-06 -0.00038982967707674 0.0013047657427957 0.28364061768372 0.034655446902327 4 4 4 0 0
49.014237535882 8.4169746318594 118.47533416748 -0.00668 0.013534 2.1247003267949 -0.029526501461825 0.031597748930598 -0.041731835635266 0.011343983480164 0.002150576368429 -0.1362140357918 -0.064408915510626 9.8049244607438 -0.0032237697873066 0.00087056600931314 9.8060816993996 -0.00036074564563186 -0.0006013214414042 0.00075388808732138 -0.0003504461526746 -0.00059629115315249 0.00076272270032398 0.33266349363884 0.054451813560248 4 4 4 0 0
49.014238534118 8.4169725211764 118.54393768311 -0.006563 0.013703 2.1300353267949 -0.0066649668444595 0.0029450754273846 -0.0072122416295094 -0.0010391206758096 0.015476636458812 -0.14110624709953 -0.066918453709618 9.8040604436955 -0.0066415888696388 -0.00250662718418 9.8053014997426 5.0933490212184e-05 -6.3413747097175e-05 0.00047418244067722 5.7420380907863e-05 -6.0279956621405e-05 0.00047381736193778 0.26740605827094 0.021213203435596 4 4 5 5 0
49.014238359599 8.4169731112282 118.44850158691 -0.006521 0.013639 2.1297163267949 -0.013897089059458 0.01725361606771 -0.02093271758717 0.0072552080538834 0.0054143949446145 -0.13594641604585 -0.068336925544832 9.8054898026424 -0.0021862611699521 -0.0043208786432247 9.8066689419497 0.0001886643322696 2.1066176564981e-06 0.00015344619832285 0.00019073285570704 3.0940127975681e-06 0.00015084156825373 0.27080066469638 0.021931712199461 4 4 4 0 0
49.014238322944 8.4169731406952 118.45163726807 -0.006513 0.013719 2.1267713267949 -0.014847204944192 0.017791410286582 -0.022003003611083 0.0072695075461445 0.0049087303150756 -0.13700038695608 -0.056226064301592 9.8043224645152 -0.0025765768317676 0.0078840240493198 9.8054372877062 0.00056136801017689 5.5657574027193e-05 0.00066501864313222 0.00057045690106337 5.9950349004947e-05 0.00065687617051395 0.27080066469638 0.021931712199461 4 4 4 0 0
49.014237743489 8.4169741471011 118.47012329102 -0.006536 0.013616 2.1244443267949 -0.026137851203968 0.027740829942983 -0.036818906192513 0.0098543968307219 0.0029584386343006 -0.1447151978932 -0.070668917216681 9.8081906826482 -0.011566065331788 -0.0064235521097431 9.8095039443565 0.00029045836030109 0.00067348986196039 0.00057438573384826 0.00029818786407771 0.00067719867261263 0.00056595943243226 0.30972568508278 0.047381430961929 4 4 4 0 0
49.014237963276 8.4169737188066 118.46541595459 -0.006574 0.013639 2.1242383267949 -0.021953799848913 0.02366110394747 -0.031113425156158 0.0085891003890308 0.0040543210882545 -0.13324601296092 -0.07133247626491 9.8060188107007 0.00045094886226299 -0.0070587927843027 9.8071806719712 -0.0002913889666731 5.9742718117802e-05 -0.00013763379105009 -0.00029328529859205 5.8798035574256e-05 -0.00013400386921312 0.28364061768372 0.034655446902327 4 4 4 0 0
49.014238506238 8.4169725889159 118.53124237061 -0.006532 0.013686 2.1302173267949 -0.0075141546437128 0.0045092696030439 -0.0087618373017371 -0.0001648338175507 0.014509770041137 -0.14243482544706 -0.070512833221453 9.8068356973586 -0.0081857573950983 -0.0062507623201444 9.8081178759556 0.00028313051285214 0.00011987596788838 0.0010992289968624 0.00029815032374537 0.0001270794920798 0.0010944217823101 0.26740605827094 0.021213203435596 4 4 5 5 0
49.014238299822 8.4169731621009 118.45551300049 -0.006533 0.013671 2.1256263267949 -0.01566049504063 0.018067765718883 -0.022830432426186 0.0071042047655847 0.0052483710349389 -0.14611483717977 -0.058833867665567 9.8080324336654 -0.011725311038122 0.0052709503767683 9.8092888043089 0.00012994536944343 -0.00061468642022226 0.00089661150484967 0.00014225704986959 -0.00060881899881266 0.00089875018607116 0.27200183822908 0.02262741699797 4 4 4 0 0
49.014238440874 8.4169727578056 118.53227233887 -0.006607 0.013641 2.1289003267949 -0.011432298280787 0.010996974928918 -0.015522143429655 0.0032700761693009 0.012803335377288 -0.13194762756506 -0.066561306052101 9.8041901739566 0.0017812942046445 -0.0020648149726204 9.8053033315952 -0.0004044863006539 -0.00012224101235606 0.00016036022810032 -0.00040222353983367 -0.00012118415160055 0.00016666947587705 0.26940118782218 0.023345235059858 4 4 5 5 0
49.014238288812 8.4169731749217 118.4564743042 -0.006558 0.01366 2.1253633267949 -0.016613339110552 0.018173493234126 -0.023693867584607 0.0066994128416271 0.0048934440000996 -0.14084251090872 -0.068603981748404 9.8042001719665 -0.0065758673396043 -0.0044113269309713 9.8054488434963 -0.00012805081707415 -0.00068888333337998 0.001670909632534 -0.00010509011579758 -0.00067792729749827 0.0016769681025046 0.27200183822908 0.02262741699797 4 4 4 0 0
49.014238617745 8.4169723194831 118.58851623535 -0.006636 0.013801 2.1295043267949 -0.0035880590467315 -0.0021173946969099 -0.001920759676673 -0.0036973104975326 0.019914327117061 -0.13553936927513 -0.06717056610784 9.8033472793744 -8.7170928975099e-05 -0.0022077116349805 9.8045141237117 -0.00031342646220895 5.0584385676236e-07 0.00071646907688741 -0.00030350821484512 5.2322419480084e-06 0.00072072068176746 0.26740605827094 0.021213203435596 4 4 5 5 0
49.014237757958 8.4169741185153 118.46984100342 -0.006517 0.013571 2.1244673267949 -0.025761025327715 0.027460314573503 -0.03635059349197 0.0098149494491052 0.003090247570728 -0.13744491092604 -0.060958720243422 9.8087311492817 -0.0044532463508568 0.0031711151667423 9.8098819871429 0.0003888061002774 0.00017622632010032 0.0014127647510641 0.00040787802449757 0.00018545303730342 0.0014062016243179 0.30972568508278 0.047381430961929 4 4 4 0 0
49.014238309169 8.4169731504875 118.45446777344 -0.006545 0.013706 2.1258823267949 -0.014894554316252 0.018079985397375 -0.022188355973064 0.0075105481202238 0.0050941791797371 -0.14097310239634 -0.068896700120811 9.8090945087816 -0.0065271217580556 -0.0046105946061325 9.8103460559554 0.00024568376994396 -9.3930546137382e-05 0.00064458923123539 0.00025450379774537 -8.9699867827341e-05 0.000641768100205 0.27200183822908 0.02262741699797 4 4 4 0 0
49.014238328134 8.4169731408207 118.44969940186 -0.006541 0.013708 2.1274363267949 -0.014655864089325 0.018254613615696 -0.02209007650491 0.0077491500500637 0.0050292338690824 -0.13240288011551 -0.069477879772658 9.8050262162669 0.001957743066285 -0.0053602855909482 9.8061645223078 8.3494833474593e-05 -1.5077539668113e-05 0.00079119655959693 9.4359433769577e-05 -9.8955803583149e-06 0.00079004688026162 0.27080066469638 0.021931712199461 4 4 4 0 0
49.014238205627 8.4169732973365 118.46072387695 -0.006619 0.013698 2.1242763267949 -0.017911124075184 0.0176284500354 -0.024503843975581 0.0055797403514774 0.0049804408075342 -0.15439060066452 -0.071766725234923 9.8041765820254 -0.020117725173128 -0.0074419626722797 9.8056321148584 -0.00096932505397273 3.1590467734093e-05 -0.00022369297938318 -0.00097228463302024 3.0090675071868e-05 -0.00021059777924412 0.27681040442874 0.028284271247462 4 4 4 0 0
49.014238231383 8.4169732604773 118.45973968506 -0.006481 0.013698 2.1243733267949 -0.01559640302725 0.019221801661045 -0.023373768979701 0.0081480575232927 0.0049170711712794 -0.12858956014841 -0.065990745886446 9.7977777005423 0.0054367557408644 -0.0021010003281615 9.7988425349474 0.00077929429329835 0.00030297274649328 -0.0010401814291123 0.00076494869494331 0.0002962177531679 -0.0010526606012045 0.27200183822908 0.02262741699797 4 4 4 0 0
49.014237978006 8.4169736907234 118.46517181396 -0.006554 0.013629 2.1242533267949 -0.021994681409281 0.022856855743493 -0.030724975850012 0.0078852867426837 0.0040584392181348 -0.14221201664397 -0.068278894882478 9.809347074967 -0.0082418941683667 -0.0042646719529448 9.8106111476091 -0.00047073522286423 -0.00053178924431977 0.0011901816286595 -0.00045438377345707 -0.00052407139956574 0.0011999279750019 0.28364061768372 0.034655446902327 4 4 4 0 0
49.014238343248 8.4169731412835 118.44490814209 -0.006509 0.013664 2.1295493267949 -0.014065057346204 0.018212467431993 -0.021581812640167 0.0079839693625486 0.0052895576741351 -0.13791751004661 -0.072145671420622 9.8130870248344 -0.0039261151330124 -0.008130012088649 9.8143172630855 0.00029567388202271 0.00019731399095307 0.00073543934966392 0.00030568011534211 0.0002020894964571 0.00073003629834176 0.27080066469638 0.021931712199461 4 4 4 0 0
49.014237602862 8.4169744561995 118.47351074219 -0.006639 0.013501 2.1245873267949 -0.028486883047473 0.030282401733632 -0.040154979441364 0.010775151774099 0.0023788296769502 -0.1387267944978 -0.064887724050458 9.8116356373797 -0.0057369576603034 4.7146626599816e-05 9.8128293802613 -0.00033212558647851 -0.00098912903190236 0.00037373218178356 -0.0003269005794937 -0.00098665284047375 0.00038474404921615 0.33266349363884 0.054451813560248 4 4 4 0 0
49.01423805767 8.4169735465933 118.46391296387 -0.006572 0.013662 2.1241433267949 -0.020467210930827 0.022053918048639 -0.029003058067186 0.0080065365055999 0.0044206987897995 -0.13462165972296 -0.062630939716694 9.8064363520693 -0.00083918247439702 0.0012878672711995 9.8075603086705 -0.00090893849411147 0.00032925342361929 0.00029737654204212 -0.00090485535798581 0.00033113444510764 0.00030760611988378 0.28364061768372 0.034655446902327 4 4 4 0 0
49.014237899813 8.4169738385921 118.46675872803 -0.006614 0.013615 2.1242943267949 -0.023164640216395 0.02481560047938 -0.03275035849855 0.0089347275791057 0.0038949978875964 -0.13404886307292 -0.075518809271666 9.8062455754652 -0.00050552533352879 -0.010721906949277 9.8074466995552 -8.1765482810371e-05 -8.4713385180664e-05 0.00077873975176515 -7.1102474127212e-05 -7.9561243291339e-05 0.00078030410224047 0.29454371492191 0.04101219330882 4 4 4 0 0
49.014238119366 8.4169734397332 118.46292114258 -0.006522 0.01364 2.1240813267949 -0.018829197558723 0.020526109289292 -0.026806505536469 0.0075677882814706 0.0047751980249862 -0.14245943698851 -0.061731651536417 9.8062852712355 -0.0085915207628487 0.0024837910273385 9.8075101392318 0.00051164868504972 -0.00021403623125189 -0.00057593712961811 0.00050376545448131 -0.00021776308252426 -0.00058145454233886 0.27681040442874 0.028284271247462 4 4 4 0 0
49.014238333372 8.4169731390199 118.44790649414 -0.006526 0.013686 2.1280333267949 -0.015086072006244 0.017989836783284 -0.022320477564072 0.0072816932450268 0.0047994806611879 -0.13569798588481 -0.073044555411083 9.810907131201 -0.0015811515253757 -0.0089148629774249 9.8121137208536 0.00030686991733339 0.0001620821066304 0.00099409501818837 0.00032043273767591 0.00016857299659163 0.00098868654758647 0.27080066469638 0.021931712199461 4 4 4 0 0
49.014238457656 8.4169727224852 118.53375244141 -0.006549 0.013666 2.1300023267949 -0.010168515131013 0.0092106080534232 -0.013506105972458 0.0024122296253328 0.01354274653733 -0.14613290254352 -0.064975177217021 9.8104116810668 -0.012016670731149 -0.00078425896682557 9.8117076026906 -9.2062224276787e-05 -9.2531263688247e-05 0.00051371331388788 -8.5033851299308e-05 -8.9170136566754e-05 0.00051552056981313 0.26940118782218 0.023345235059858 4 4 5 5 0
49.014238315371 8.4169731466659 118.45300292969 -0.006593 0.013675 2.1262863267949 -0.015109808937663 0.017512772599143 -0.022075164543123 0.0069060418267867 0.0050378431064919 -0.14089871049954 -0.072302326977339 9.8104309993101 -0.0065209217068314 -0.0078040025998109 9.8117040627719 -0.00022842616686107 -0.00046927509690889 -2.2518003732006e-06 -0.00022839003855245 -0.00046932673304158 3.9868860970327e-06 0.27200183822908 0.02262741699797 4 4 4 0 0
49.014238440301 8.416972754427 118.53238677979 -0.006566 0.013645 2.1292923267949 -0.011265295366454 0.010726696632211 -0.015238231626401 0.0031248908149814 0.013108713889189 -0.13513373981504 -0.067045259221258 9.807872904711 -0.0012866858496068 -0.0026499018255392 9.8090323568872 4.4425760287869e-05 -0.00012275803168381 0.0010065851050513 5.8185777476935e-05 -0.00011614921221816 0.0010066797563429 0.26940118782218 0.023345235059858 4 4 5 5 0
49.014238421932 8.4169729180888 118.49045562744 -0.006542 0.01368 2.1293683267949 -0.01215180407346 0.013796774963102 -0.01761581128526 0.0052633090814507 0.0096654585030018 -0.13539553116491 -0.061553795253135 9.8063784524093 -0.0011971321571626 0.0026626123830006 9.8075059645919 4.6129189100506e-05 -7.7715973737062e-05 0.0003356842424157 5.0777442981457e-05 -7.5495030822278e-05 0.00033551104544622 0.26940118782218 0.023345235059858 4 4 0 0 0
49.014238191319 8.4169733188072 118.46117401123 -0.006602 0.013727 2.1243603267949 -0.018505252709885 0.019761192641772 -0.026130520329732 0.007081373497837 0.0050423322807074 -0.14080966297852 -0.084647824024794 9.8085264892056 -0.0064640829981217 -0.019562337105694 9.8098809342735 0.00063166497482673 0.00050571386328002 0.00084449115104925 0.00064308997756379 0.00051135228779437 0.00083237921028055 0.27681040442874 0.028284271247462 4 4 4 0 0
49.014237948439 8.416973748827 118.46577453613 -0.006555 0.013619 2.1242043267949 -0.022088865931069 0.024096485987557 -0.03145706693825 0.0088888576190073 0.0040501234163039 -0.13707170979049 -0.064921730837277 9.8089122212254 -0.0034972578974197 -0.00077408581017673 9.810083832882 -0.00021747615047482 9.3591665896683e-06 -0.00060061035926971 -0.0002256562310343 5.3836056712514e-06 -0.00059766653202228 0.28364061768372 0.034655446902327 4 4 4 0 0
49.014238133946 8.4169734152547 118.46257781982 -0.006573 0.013661 2.1242263267949 -0.018256926090195 0.020165294029491 -0.026130448972135 0.0075600191102369 0.0048102392762843 -0.14206637098882 -0.073300638913327 9.8042380594301 -0.0080667634276396 -0.0089889303226824 9.8055338899965 -0.00019663376163948 -0.00013899201632409 0.0010470912649463 -0.00018232445301597 -0.00013209271405755 0.0010505676544463 0.27681040442874 0.028284271247462 4 4 4 0 0
