49.01423885253 8.4169777970467 116.80122375488 -0.006561 0.014148 1.9251733267949 0.0062530646051702 -0.0030717497561077 0.0069320619368911 -0.00070242442247176 -0.0026071151650516 -0.13661342159783 -0.065000135118822 9.8062358425923 0.0026491249346974 -0.00039946317810402 9.8074025987092 0.00019790654797802 -0.00057023811605103 -0.00058816849125852 0.00018961727917789 -0.00057408392714075 -0.00058716023068202 0.18439088914586 0.021931712199461 4 4 5 5 0
49.014238401117 8.4169792791032 116.56704711914 -0.006086 0.013643 1.9154363267949 -0.01088960986289 0.030479058247703 -0.020555122193444 0.02500094356934 -0.028670243394259 -0.14043281063944 -0.068329100467107 9.8081663732697 -0.0065138149474448 -0.0084840039238558 9.809403612761 0.00012158395238257 3.6883603964397e-05 -0.00037086173841172 0.00011650582402737 3.460791093347e-05 -0.00037270146295831 0.18613167382259 0.021931712199461 4 4 5 5 0
49.01423886955 8.4169777221171 116.81562042236 -0.006595 0.014188 1.9270473267949 0.0068543480441025 -0.0046458412278181 0.0080469477912633 -0.0019539506769967 -0.00081509798606636 -0.13818161592936 -0.068313860405359 9.8075812181237 0.0013632924189975 -0.0033096167571499 9.8087917623118 0.00021721346104115 -0.00036919590783133 -0.00050196340566703 0.00021009396088601 -0.00037250578711964 -0.00050254504640973 0.18439088914586 0.021931712199461 4 4 5 5 0
49.014238803584 8.4169780011513 116.76457977295 -0.006442 0.014136 1.9206903267949 0.0038280200317218 0.001212847002853 0.0031793804289191 0.0024541559726846 -0.0074031565531348 -0.14324605816717 -0.066912293262741 9.8104914866275 -0.0048610108421772 -0.0034066728972882 9.8117638275083 0.00040634718057478 0.00074440768420774 -5.5502584399919e-05 0.00040547314963402 0.00074404229458778 -6.6043066895355e-05 0.18655294154743 0.023345235059858 4 4 5 5 0
49.01423829741 8.416979393432 116.57021331787 -0.006062 0.013584 1.9138473267949 -0.014108113323318 0.034692550817419 -0.02496793407022 0.027914816632559 -0.028170487607734 -0.13360133024165 -0.06264626704454 9.811203282202 -0.00018020524204012 -0.0032152561585931 9.8123126441717 0.00032273505593227 -8.5418282681708e-05 -0.00019524384751207 0.00032002570473325 -8.6591271353255e-05 -0.00019908862156583 0.18655294154743 0.021931712199461 4 4 5 5 0
49.014238660533 8.4169785359774 116.6686706543 -0.006284 0.013829 1.9176813267949 -0.0011805067231705 0.011440507415445 -0.0050018995106533 0.010356817305775 -0.018263937377937 -0.13787382364804 -0.064295560687025 9.8098454013506 -0.001838799427844 -0.0024494553843542 9.8110243689596 7.5608348039866e-05 -0.00036995985211555 4.868135878722e-05 7.6301982452591e-05 -0.00036967837570649 4.9972330784105e-05 0.18655294154743 0.023345235059858 4 4 5 5 0
49.014238148089 8.4169792867191 116.62104797363 -0.006217 0.013596 1.9099283267949 -0.019642864392867 0.0324964130854 -0.029343371747443 0.024100671122068 -0.020169744012775 -0.14045524278111 -0.06771299288181 9.8079502750582 -0.0069452243360065 -0.0068811790772671 9.8091847748773 8.8489972696474e-05 -0.00034074783109086 2.7256883430416e-05 8.8872993615265e-05 -0.00034054872178583 2.8161825874011e-05 0.17901117283566 0.019104973174543 4 4 5 5 0
49.014238130154 8.4169792650188 116.62914276123 -0.006193 0.013597 1.9099853267949 -0.020141404390393 0.031916177363944 -0.029613092111774 0.023396387747714 -0.018929174447701 -0.13381036327545 -0.065421311418922 9.8102909895187 -0.00037126862741683 -0.0043960286214198 9.81142065326 0.00081874099884462 -0.00020657296045642 0.00036087341209393 0.00082361898300401 -0.00020430588326511 0.0003509867770504 0.17901117283566 0.019104973174543 4 4 5 5 0
49.014238559748 8.4169788613247 116.58871459961 -0.006197 0.013772 1.9184553267949 -0.0052198240355244 0.020540127810256 -0.011905653665891 0.017532788338022 -0.026922848185489 -0.13246717640877 -0.062025067517294 9.8025186930534 0.0028162265255266 -0.0013659293773051 9.8036095134957 -4.4833822140588e-05 -0.00048139767423568 -9.8382089271141e-05 -4.6138563466509e-05 -0.00048203293078963 -9.4804125634101e-05 0.18613167382259 0.021931712199461 4 4 5 5 0
49.014238613515 8.4169787806598 116.61627197266 -0.006219 0.013792 1.9184743267949 -0.0031367164969563 0.017851974064471 -0.009029982922549 0.015715945787038 -0.02410935664426 -0.13847455251073 -0.065095676488399 9.8113168382545 -0.0029396166407458 -0.0042210036797051 9.8125085491794 -0.00019022599860591 -0.0003379707394009 -7.400884608451e-05 -0.00019119458233936 -0.00033845739069529 -6.9274363742987e-05 0.18613167382259 0.023345235059858 4 8 5 5 0
49.014238540858 8.4169788934578 116.58042144775 -0.006187 0.013726 1.9184153267949 -0.0059740055334842 0.021399819954869 -0.012907094081276 0.01808447220382 -0.027721066603069 -0.13997511039199 -0.062736811239643 9.8126451830535 -0.0047651383755418 -0.0019116371080954 9.8138426774182 0.00031691076253691 -0.00089740750736343 -0.00032624940011149 0.0003124757262215 -0.00089943605275915 -0.00032501676057202 0.18613167382259 0.021931712199461 4 4 5 5 0
49.014238689484 8.4169784192607 116.68336486816 -0.006298 0.013883 1.9181343267949 3.3706620070277e-05 0.0090102077186575 -0.0030370542364703 0.0084831732982098 -0.016148301316402 -0.1419063750698 -0.064409194285764 9.8065184427748 -0.0054555922543934 -0.0022927444405488 9.8077546501896 0.00034334003590471 -0.00020161094205769 -0.00093316907547374 0.00033035275220325 -0.00020748302088783 -0.00093658981445479 0.18655294154743 0.023345235059858 4 4 5 5 0
49.014238526204 8.4169789244808 116.57431030273 -0.006244 0.013745 1.9183923267949 -0.0066116971001607 0.022169252959994 -0.013768236921057 0.018591024440111 -0.028231929961805 -0.13956452698521 -0.066317300264838 9.8076421430858 -0.0046140583559061 -0.0054115945083325 9.8088568642215 -0.00050128410739869 -0.00024042984180877 -0.00021698540929876 -0.000504189606728 -0.00024176326557121 -0.00020857281510298 0.18613167382259 0.021931712199461 4 4 5 5 0
49.014238099934 8.4169792098627 116.6459274292 -0.006286 0.013568 1.9103303267949 -0.020903854245685 0.030035999920035 -0.029711953890359 0.021361847708151 -0.016407691451099 -0.13464365808688 -0.061484936132785 9.8086682166252 -0.001089619882017 -5.1697997563142e-05 9.8097850931933 -0.0001209570347345 -0.00097506373404219 -0.00018546243029816 -0.00012337815027873 -0.00097623889429747 -0.00017769993783953 0.17901117283566 0.019104973174543 4 4 5 5 0
49.014238871483 8.4169776079158 116.83020019531 -0.006663 0.014204 1.9292303267949 0.0071679415420295 -0.0055417201305783 0.0086572095047499 -0.0026720774362687 -4.8606004379704e-05 -0.14062905594215 -0.068672225697775 9.8077636641986 -0.00084772169634668 -0.0032880268017507 9.8090118298 0.00015607062904428 -0.0007657161805179 -8.7174029229299e-05 0.00015486058044992 -0.00076629139534418 -8.4277811516111e-05 0.18439088914586 0.021931712199461 4 4 5 5 0
49.014238431309 8.4169792089596 116.5679473877 -0.006054 0.013643 1.9160543267949 -0.0098949562180437 0.028595658205629 -0.018995222824199 0.023554377631152 -0.028593237659989 -0.13948605000882 -0.06245308373362 9.8088057175408 -0.0052312682908743 -0.0024896752720868 9.8099942945411 0.00091420484089546 -0.00057677050002148 0.00011732004921056 0.00091573388201039 -0.00057606657940313 0.00010836348325422 0.18613167382259 0.021931712199461 4 4 5 5 0
49.014238637638 8.4169786648413 116.64684295654 -0.006217 0.013799 1.9177193267949 -0.0024074987100416 0.014240510169501 -0.00710446750573 0.012574460191506 -0.020329425041659 -0.13755441886022 -0.070556845345301 9.8032114491026 -0.0020562025810766 -0.009330933465423 9.804425456416 0.00024319326404919 -0.0002433977078095 -6.6343228485614e-05 0.00024228476400074 -0.0002438143857304 -6.8180979293377e-05 0.18655294154743 0.023345235059858 4 4 5 5 0
49.014238068515 8.4169791762537 116.65756225586 -0.006305 0.013587 1.9106153267949 -0.021510956894555 0.028705161906168 -0.029847534167801 0.019895467931152 -0.014774180307093 -0.13283842501761 -0.065515240931141 9.8048672561051 0.00069861592669003 -0.0038287692815954 9.8059853829597 3.4451850977468e-06 -0.00068027304144486 -0.00045516294495253 -2.6639273914332e-06 -0.00068313919981302 -0.00045085661640971 0.17901117283566 0.019104973174543 4 4 5 5 0
49.014238716953 8.4169783146449 116.70175170898 -0.006343 0.013928 1.9184983267949 0.0010958816052669 0.0065093490380326 -0.0011889865736069 0.0064932602570639 -0.013636792106177 -0.13501731976334 -0.068745286045929 9.8105427639684 0.0019225079946713 -0.0060526300394234 9.8117106646845 0.00041182607049008 -9.4408705130471e-05 0.00016506632991733 0.00041408314822362 -9.3340105957397e-05 0.00015991627888583 0.18655294154743 0.023345235059858 4 4 5 5 0
49.014238816765 8.4169779458865 116.77407836914 -0.006513 0.014103 1.9218273267949 0.004516394624332 -0.00024001050250843 0.0043230485749364 0.0013319834727499 -0.0060038694547091 -0.13884081059909 -0.062865448769633 9.8068599840028 -0.00040121572990257 0.00097443414738474 9.8080441617912 -0.00027109294124787 4.1732840642913e-05 0.00026137753743844 -0.00026737488853997 4.3410282595307e-05 0.00026490421502912 0.18655294154743 0.023345235059858 4 4 5 5 0
49.014238115723 8.4169792423178 116.63692474365 -0.006285 0.013621 1.9100733267949 -0.020494130875017 0.030992121711717 -0.029639339522246 0.022406045137947 -0.017721966399852 -0.13862897759206 -0.062727570295553 9.8095585133003 -0.005004492606292 -0.0014654385537433 9.8107372388168 -0.00041646697707202 -0.00013150789158176 -0.00062141755935313 -0.0004248869234522 -0.000135390882444 -0.00061484014333814 0.17901117283566 0.019104973174543 4 4 5 5 0
49.0142384573 8.4169791469933 116.56910705566 -0.006151 0.013672 1.9165823267949 -0.0088343942814575 0.026670517315666 -0.017358964112954 0.022091516992382 -0.028736112457388 -0.14318128140774 -0.069383778927111 9.8084644721555 -0.0086946638025418 -0.0090306666836651 9.8097465068023 -0.00016896092195474 -0.00041978745911436 0.00041205163119725 -0.00016329244988783 -0.00041726467052243 0.00041687507484452 0.18613167382259 0.021931712199461 4 4 5 5 0
49.014238783815 8.4169780660001 116.75106048584 -0.006455 0.01408 1.9195013267949 0.003111236096072 0.0022591650202968 0.0021502948917447 0.0031881491617804 -0.0084372260675712 -0.13858197836824 -0.062932266781473 9.8098497793641 -0.00038948237739492 0.00043888448660396 9.811030279961 -9.5139915322355e-05 0.0001388211630358 0.00048892412905093 -8.8254403470823e-05 0.00014197549635171 0.00048927647104668 0.18655294154743 0.023345235059858 4 4 5 5 0
49.014238375753 8.4169793477362 116.56516265869 -0.006062 0.013657 1.9150493267949 -0.011831280633824 0.032539769679961 -0.022124327277857 0.026633288524672 -0.028641942284759 -0.133540420859 -0.064754555471597 9.8087731015389 0.0001458208858605 -0.0051403048674358 9.8098944710939 0.00019339301115818 0.00064018428598485 -0.00013008185277 0.00019152550221873 0.00063940156491661 -0.00013661380948449 0.18655294154743 0.021931712199461 4 4 5 5 0
49.014238239243 8.4169793697557 116.5866394043 -0.006146 0.013594 1.9129773267949 -0.016661880056768 0.034378190042726 -0.027238014227764 0.02678764398107 -0.025247665438836 -0.14483747934829 -0.065964611311008 9.8100681911165 -0.01154377076115 -0.0059405386498136 9.8113505961682 -0.00025875735164248 5.1200703197262e-05 0.0005086649318237 -0.00025185951682609 5.4310504083042e-05 0.00051181046889015 0.18655294154743 0.021931712199461 4 4 5 5 0
49.01423875713 8.4169781662065 116.72957611084 -0.006431 0.013979 1.9189383267949 0.0021509192904106 0.0039712293436753 0.00066607932755584 0.0044673940139269 -0.010971502210084 -0.13963288409482 -0.067134596678464 9.8057951346292 -0.0020789994773772 -0.004009680006812 9.8070179412194 -0.00015071378322655 -0.00055583520297932 0.00010331254931176 -0.00014917978975733 -0.0005551618319497 0.00010896525301312 0.18655294154743 0.023345235059858 4 4 5 5 0
49.014238193297 8.4169793000423 116.60834503174 -0.006259 0.013662 1.9111523267949 -0.018192773846341 0.032931404712214 -0.028154465256045 0.024955730718593 -0.021925848520681 -0.13749054947331 -0.06373455796975 9.8069877698322 -0.003973326897196 -0.0029633681546005 9.8081576220659 -0.00080972938517347 0.00075724741151297 -0.0024825752777214 -0.00084351064182571 0.00074181357383077 -0.0024759888108348 0.18655294154743 0.021931712199461 4 4 5 5 0
49.014238575344 8.4169788346133 116.59609222412 -0.006173 0.013817 1.9184763267949 -0.0045842534648651 0.019613240947625 -0.010992198210969 0.016877980121641 -0.026280994192538 -0.1342435743971 -0.07049548185144 9.8078872580364 0.0010878300964522 -0.0097880421574765 9.8090541923671 0.00042003258779905 0.00037269303452333 0.00043245780113322 0.00042593322405342 0.00037534634942396 0.00042430476207159 0.18613167382259 0.021931712199461 4 8 5 5 0
49.014238179077 8.4169793077378 116.61106872559 -0.006185 0.013617 1.9107833267949 -0.01867359520855 0.032838542329495 -0.028562365296623 0.024723906600055 -0.021218550866267 -0.14037313410865 -0.066032428843806 9.8089271000152 -0.0068303208531561 -0.0052920312595547 9.8101500498555 0.0003311989747272 -2.5002084432163e-05 -0.00042405665319246 0.0003253808342609 -2.7633580540809e-05 -0.00042835744760015 0.18655294154743 0.021931712199461 4 4 5 5 0
49.014238836875 8.4169778647657 116.78852844238 -0.006521 0.014105 1.9235743267949 0.0054217937115995 -0.0017893282374707 0.0057066143130173 0.00019995059975565 -0.0043340678573457 -0.13901654473336 -0.065327204993431 9.8090168296978 -0.00030420758488083 -0.0011439921428568 9.8102193879658 0.00019295812924815 -0.0003553295551397 -0.00027586918258384 0.00018905458692343 -0.00035712920070464 -0.00027622326191241 0.18439088914586 0.021931712199461 4 4 5 5 0
49.014238205352 8.416979311292 116.60293579102 -0.006153 0.013613 1.9119613267949 -0.017827012614214 0.033239815684659 -0.027928954907576 0.025350921881076 -0.022772234406136 -0.13692135682408 -0.070459374099787 9.8077816297639 -0.0034124881509642 -0.0099280130099728 9.8089853422042 0.000586061937207 -7.4780500983283e-05 -0.00065056393239716 0.00057719610877136 -7.8805280229359e-05 -0.00065803752093309 0.18655294154743 0.021931712199461 4 4 5 5 0
49.014238255077 8.4169793706486 116.58107757568 -0.006086 0.013585 1.9135753267949 -0.016049951870152 0.034492092220758 -0.026713617865023 0.027086756564976 -0.026107544254008 -0.13988144809172 -0.062920471683731 9.8077742181067 -0.0066199592889367 -0.0030848099231289 9.8089706224407 0.00052157534290769 -0.00012886191122719 -0.00069140417938206 0.00051215887909418 -0.00013304547049626 -0.00069765305859106 0.18655294154743 0.021931712199461 4 4 5 5 0
49.014238049542 8.4169791770736 116.66096496582 -0.006265 0.013605 1.9107563267949 -0.021794582782682 0.028105168142026 -0.029917393583547 0.019231537645835 -0.013987155926707 -0.14108369180964 -0.065179794339744 9.8096474888863 -0.0074026232560384 -0.0035125970227701 9.8108751264293 0.00053754452618212 -0.00046028847800728 0.00041386010014283 0.00054319557794293 -0.00045766706356377 0.00040935161469126 0.17901117283566 0.019104973174543 4 4 5 5 0
49.014238083969 8.4169791985915 116.65126037598 -0.006267 0.013609 1.9105183267949 -0.021217432429221 0.029439006029413 -0.029812206199244 0.02068970515753 -0.015483525073891 -0.13696886233701 -0.068567914146275 9.8064367540593 -0.0034834513226175 -0.0070422039279669 9.8076298665768 0.00033066017407391 -0.00014748709406334 0.00072533173849509 0.0003405312032006 -0.00014290641279655 0.00072167449425766 0.17901117283566 0.019104973174543 4 4 5 5 0
49.014238348156 8.4169794189377 116.56377410889 -0.006039 0.013576 1.9147193267949 -0.012714930563279 0.034272519565634 -0.023531734144233 0.027973821659138 -0.028664510701736 -0.13885233758121 -0.064122585045847 9.8044364889015 -0.0054859614102599 -0.0048184805728514 9.805626465096 6.607424284628e-05 -0.00031548468632032 0.00046832168537312 7.2457916904503e-05 -0.00031263167206762 0.0004692660943828 0.18655294154743 0.021931712199461 4 4 5 5 0
49.014238268499 8.4169793759343 116.57791900635 -0.006139 0.013612 1.9137093267949 -0.015387817305409 0.034525024783178 -0.026103875412096 0.027337983624385 -0.026967385147858 -0.14035850379681 -0.066447560029619 9.8057967679397 -0.0070150280185585 -0.0067102406228968 9.8070215499608 -0.00048996899878991 0.00027546344115873 0.00030002478337932 -0.0004858785468459 0.00027730808837265 0.00030494493690966 0.18655294154743 0.021931712199461 4 4 5 5 0
49.014238630586 8.4169787371973 116.62989044189 -0.0062 0.013816 1.9181983267949 -0.0027138998167867 0.01640167263884 -0.0081328086427374 0.014499610106605 -0.022650566368184 -0.13308972102825 -0.066453938991536 9.8050118953977 0.0023454060470505 -0.0054430019818273 9.806138593523 0.00026637159587629 0.00011352260963034 -6.7224870927567e-05 0.00026541163696538 0.00011309112771421 -7.1598374930561e-05 0.18655294154743 0.023345235059858 4 8 5 5 0
49.014238219321 8.4169793086954 116.5987701416 -0.006183 0.013615 1.9126083267949 -0.017226515407337 0.033663930759112 -0.027519268900494 0.025936701185859 -0.023895696631178 -0.13876643812458 -0.063494779810435 9.8046582950158 -0.0053207564984274 -0.0031418166468583 9.8058438497614 -1.465373189125e-05 -5.8968856917238e-05 0.0010401200159148 -4.9163336782529e-07 -5.2572639513484e-05 0.0010405363280672 0.18655294154743 0.021931712199461 4 4 5 5 0
49.014238595863 8.4169788080458 116.60649108887 -0.006154 0.013796 1.9185243267949 -0.0039218392302107 0.018662583121361 -0.010045435464571 0.016209924838387 -0.025247437037752 -0.13311971229917 -0.061517724212841 9.8053114281245 0.0021308037870297 -0.00065098154742929 9.8064077669178 0.0010276281891155 6.7959772943232e-05 0.0011642430000711 0.0010436058881314 7.5153681593712e-05 0.0011495256495388 0.18613167382259 0.021931712199461 4 8 5 5 0
49.014238493947 8.4169790404495 116.57116699219 -0.006169 0.013739 1.9174603267949 -0.0075393424522108 0.024032584107007 -0.015263453514528 0.020035926675326 -0.028448995264087 -0.14142989651811 -0.067316729337468 9.8045646296293 -0.006672568929438 -0.0066427365649613 9.80581112756 0.00019699910481606 0.00014140034180868 -0.00036653595984301 0.00019193678018128 0.0001391336175808 -0.00037006671208636 0.18613167382259 0.021931712199461 4 4 5 5 0
49.014238036864 8.4169791612133 116.66544342041 -0.006293 0.013601 1.9108263267949 -0.022083226600776 0.027641361886111 -0.030036410555693 0.018695625497693 -0.01343552652856 -0.13754568610839 -0.064176879596188 9.8080694184926 -0.0037897657434629 -0.0024457108294959 9.8092428317178 0.00020930142733745 -0.00072713190626664 -0.00012143308493196 0.00020768714037448 -0.00072784217091346 -0.00011968440533758 0.17901117283566 0.019104973174543 4 4 5 5 0
