49.014239243795 8.4169867261142 115.51112365723 -0.01113 0.014906 1.8669573267949 0.045425230324695 -0.014073920579554 0.047555135059623 -0.00020362392902361 0.003918352084166 -0.14027934052023 -0.11055087444163 9.8070200376344 0.0056182840104596 -0.0013022580336352 9.808644802105 0.00028582125633416 0.00061631331766885 0.00029950208975891 0.00029015888907936 0.00061958965655747 0.00028833506246808 0.16491512968797 0.017029386365926 4 8 6 6 0
49.014239287133 8.4169866686486 115.47053527832 -0.011107 0.014287 1.8483343267949 0.03024837836334 -0.0091063731434265 0.031585814128579 -0.0004775909424487 -0.0050408466031891 -0.13725488547577 -0.105239547692 9.8072312928737 0.0025057932052765 0.0037595182624201 9.8087553511816 0.00017042679146841 0.0005319362364645 0.00079012024898147 0.00018164789829692 0.00054071004049728 0.00078165379200679 0.16786899654195 0.015620499351813 4 8 6 6 0
49.014239386717 8.4169867452094 115.50692749023 -0.010922 0.013699 1.8238663267949 0.010524437388726 0.0049835530657523 0.0089397137381157 0.00746228886791 0.0029053009545016 -0.1381906062882 -0.10881599783248 9.8087379161587 -0.0039583664712061 -0.0017865614157579 9.8103138930741 -0.00014011504525824 0.00036898611571894 -0.00027120549231684 -0.00014386346077171 0.00036599323576251 -0.00027324820602311 0.17084788555906 0.014212670403552 4 8 6 6 0
49.014239402934 8.4169866934404 115.52135467529 -0.0109 0.013712 1.8234703267949 0.009286669740848 0.0057882514783356 0.007543725376798 0.007927121367841 0.0056940413004246 -0.13108799103889 -0.11143171090458 9.8025029237836 0.0032381129622001 -0.0044283964534393 9.8040112212302 0.00043555919327518 0.00010676261885071 -0.00085706778846776 0.00042374125672387 9.7393313157846e-05 -0.00086403307852466 0.17084788555906 0.014212670403552 4 8 6 6 0
49.014239218094 8.416986755373 115.51125335693 -0.011115 0.014859 1.8670923267949 0.044623371369864 -0.013623861163124 0.04665703146973 -1.9384307308671e-05 0.0040166791306319 -0.13618713936581 -0.11547923799672 9.8093777916803 0.0097942232215977 -0.0062954270407859 9.8109958253817 0.00048576206515333 -0.00044549560872774 0.00038313983402765 0.00049146511201988 -0.00044121261739923 0.00038079578814948 0.16491512968797 0.017029386365926 4 8 6 6 0
49.014239250063 8.4169866909063 115.50721740723 -0.011164 0.014699 1.8629673267949 0.044368879092324 -0.014538188523456 0.046677040552773 -0.001100746883323 0.0029152431490173 -0.13299371956839 -0.11212309782667 9.8067618109151 0.011734249384165 -0.0027714185505827 9.8082975220238 -0.0001664331893463 -0.00055312960016842 -0.00010928331859307 -0.00016785780141464 -0.00055433197071599 -0.00010065729668694 0.16657130605239 0.017029386365926 4 8 6 6 0
49.014239402994 8.4169865514993 115.47911071777 -0.011121 0.014333 1.8513203267949 0.031755199693343 -0.0099357507110823 0.033264467864275 -0.00076980423602365 -0.0029979278232846 -0.13931284098937 -0.11081080560768 9.8078668120353 0.0010524063563723 -0.0017695439922239 9.8094819101802 3.6219518920266e-05 0.00023378772236158 0.00040243531882761 4.1924559462245e-05 0.00023826115985978 0.00039921743878712 0.16824089871372 0.014212670403552 4 8 6 6 0
49.01423923917 8.4169867053232 115.48020935059 -0.011155 0.014533 1.8588943267949 0.040825633679404 -0.013567681721949 0.042999237029991 -0.0013716464106689 -0.0034387449254306 -0.13663554521106 -0.11414973251995 9.805889328944 0.0064045557448479 -0.0048779193277168 9.8075022257696 -0.00018775884134187 -0.00042067722552582 0.00020603246685389 -0.00018470369808602 -0.00041836625318149 0.0002134160576142 0.16657130605239 0.017029386365926 4 8 6 6 0
49.01423948744 8.4169865061009 115.48580169678 -0.011122 0.014093 1.8441513267949 0.028820394796189 -0.007777987386497 0.02984957028095 0.00033043385908713 -0.0013639434690242 -0.13319316918373 -0.10725834773208 9.8079481341809 0.0056231143358328 0.0016266159485175 9.8094374045782 -0.00032910600801107 -0.00060166606116266 0.00047234985159749 -0.00032229180956133 -0.00059640930637234 0.00048362089625357 0.16954350474141 0.015620499351813 4 8 6 6 0
49.014239394858 8.4169866950705 115.48970031738 -0.010944 0.013699 1.8268293267949 0.015207109371012 0.0013089830472197 0.014377785598561 0.0051243157445636 -0.00045580805177892 -0.14092233100876 -0.10689321154727 9.8115730373954 -0.0060942008926557 0.000643376689488 9.8131651744908 0.00028574692644235 -0.00060639822087508 -0.00099019628696395 0.00027223715675938 -0.0006172074453227 -0.00098731536012902 0.17084788555906 0.014212670403552 4 8 6 6 0
49.014239470907 8.41698652162 115.48561859131 -0.011105 0.014047 1.8417373267949 0.027175159250088 -0.0072364805181053 0.028120292596022 0.00033608274306598 -0.0012185790895039 -0.14148769523715 -0.11380205923326 9.8069313020017 -0.0032776724489808 -0.0049597293333478 9.8086102780757 -0.00012980338927955 -0.00038346394252076 0.00094105991356688 -0.00011651155063632 -0.00037301456878874 0.00094699947025022 0.16954350474141 0.015620499351813 4 8 6 6 0
49.014239223332 8.4169867264469 115.46536254883 -0.011143 0.014349 1.8516223267949 0.034295698219116 -0.010968734075252 0.035992534686607 -0.0010222909889293 -0.0068740722446053 -0.1357516582032 -0.10984506876254 9.8076916112498 0.0050105175028625 -0.00051358401827242 9.8092447450605 0.00010172830174352 9.34135463906e-05 0.00069544219361627 0.00011167218993225 0.00010115369796085 0.00069282323128691 0.16786899654195 0.015620499351813 4 8 6 6 0
49.014239217491 8.4169867241227 115.46951293945 -0.011132 0.014453 1.8549443267949 0.037190530749567 -0.012224960191988 0.039127139883845 -0.0012846881264082 -0.0060314188602862 -0.13473957308453 -0.10991742175182 9.8067982573964 0.0071984926547541 -0.00075556768567267 9.8083370875039 9.8095333581918e-06 -4.8067088703158e-05 -4.8312423673747e-05 9.1399001859448e-06 -4.8599680307779e-05 -4.790874119896e-05 0.16786899654195 0.015620499351813 4 8 6 6 0
49.014239223058 8.4169867218854 115.46297454834 -0.011129 0.01432 1.8508763267949 0.033314786490862 -0.010498566322302 0.034919101698878 -0.00086793460503013 -0.0071456602374845 -0.14160402733887 -0.1107183138812 9.8057349671853 -0.0011539662173023 -0.0013880735284956 9.8073820637886 0.00042077617780077 0.00013109615766108 -0.00010468079686798 0.00041919826771464 0.00012991200782792 -0.00011213740962668 0.16786899654195 0.015620499351813 4 8 6 6 0
49.014239396378 8.416986683486 115.48683166504 -0.010965 0.013749 1.8275843267949 0.016425901347733 0.00042243579670411 0.015777278510504 0.0045917498974611 -0.0011451506496354 -0.13627497791984 -0.11914116345254 9.8047539626397 -0.0012313085881983 -0.011227262240156 9.80641830433 0.00069734713124997 -0.00020761601475337 -0.00081873945171307 0.00068603944389144 -0.00021663911786906 -0.0008259131520526 0.17084788555906 0.014212670403552 4 8 6 6 0
49.014239258082 8.4169866876495 115.48664093018 -0.011142 0.014612 1.8604243267949 0.041824319160042 -0.013932239016601 0.044061780609094 -0.0013915189916102 -0.002015969576826 -0.13508006939221 -0.10963043995748 9.8052072314608 0.0084241706096487 -0.00030993936496479 9.8067467885615 0.00018574862941019 -8.5160967310255e-05 0.00083523100699109 0.00019796648945948 -7.5872792236562e-05 0.00083331698299316 0.16657130605239 0.017029386365926 4 8 6 6 0
49.014239229356 8.4169867157862 115.4612121582 -0.01111 0.014323 1.8504143267949 0.032468683199753 -0.010160391617765 0.034011983738541 -0.00079642846451477 -0.0073284826914041 -0.13418407770545 -0.10897768438135 9.8086484373466 0.0062666174549156 0.00020312815272216 9.8101695011148 0.00042807265914183 0.00021945031776895 0.0001364981756939 0.0004299326442544 0.00022093874569414 0.00012791899893269 0.16786899654195 0.015620499351813 4 8 6 6 0
49.014239394431 8.4169867392193 115.50286102295 -0.010879 0.013674 1.8243253267949 0.011592093966794 0.0044150842836711 0.010112113790908 0.0071847338565964 0.0023716964505236 -0.13908926197012 -0.10522189757681 9.8075227350942 -0.00476101985564 0.0017771644850563 9.8090719323513 0.0005187883894121 -0.00030847424456956 0.00066643444607529 0.00052786158091754 -0.0003011911532723 0.00066259468580441 0.17084788555906 0.014212670403552 4 8 6 6 0
49.014239453695 8.4169865661353 115.4827041626 -0.011031 0.013969 1.8372333267949 0.024251705168754 -0.005220013018429 0.02476944024509 0.0013717031383708 -0.0018675685999626 -0.13672281139501 -0.10646256057275 9.8078192473792 0.00061093701028342 0.0019248929080811 9.8093499232052 0.0003349135493903 -0.00037233077038377 0.00068328672578674 0.00034453709391232 -0.00036474843646224 0.00068256780869393 0.16954350474141 0.015620499351813 4 8 6 6 0
49.014239175189 8.4169868270457 115.50982666016 -0.011137 0.01489 1.8660173267949 0.043220660942162 -0.012270913995621 0.044921705951602 0.00081461662878138 0.0035710026604423 -0.13843878682715 -0.10714546297338 9.8061491915144 0.0074881098370952 0.0017813817231517 9.8077085007177 -0.00031839563548433 -1.1972391082081e-05 -0.00015581434302455 -0.00032064016128648 -1.371508753805e-05 -0.00015090498948224 0.16491512968797 0.017029386365926 4 8 6 6 0
49.014239261184 8.4169866901365 115.46842956543 -0.011072 0.01425 1.8480293267949 0.030340299982133 -0.0090264351230401 0.031652404063423 -0.00037019681960979 -0.0057243715495559 -0.13975363784848 -0.10676155393543 9.809688647886 -3.8697699092087e-05 0.002271034015242 9.8112647030706 0.00076417583743813 0.00017095379341849 -0.00038548931207275 0.00075859134385805 0.00016668154930834 -0.00039815805794118 0.16786899654195 0.015620499351813 4 8 6 6 0
49.014239394397 8.4169867256162 115.50019073486 -0.010914 0.013718 1.8247833267949 0.012474914076378 0.0037664409209845 0.011125562327729 0.0067852965671642 0.0016995586328432 -0.13158688379676 -0.11373090981803 9.8101646431969 0.002940900363547 -0.0064172904305353 9.8117038074319 0.0004128646193698 0.00019310559402062 0.00010162705450648 0.00041422705087804 0.00019418549086294 9.3838033772552e-05 0.17084788555906 0.014212670403552 4 8 6 6 0
49.014239227163 8.4169867146272 115.47484588623 -0.011152 0.014557 1.8573603267949 0.039481252730107 -0.013017068612214 0.041551690448208 -0.0012935730355955 -0.0048834507409089 -0.13512320598171 -0.11212837529569 9.8075137029406 0.0076556477948085 -0.0028587420345978 9.8090822690776 -0.00013237695730723 0.00043275221210786 -0.00020521563450517 -0.00013542789179504 0.00043044907364333 -0.00020811029304437 0.16657130605239 0.017029386365926 4 8 6 6 0
49.014239439985 8.4169866086552 115.47881317139 -0.011013 0.013922 1.8334973267949 0.022109131850113 -0.0036878244768722 0.022306393364196 0.0022066174051539 -0.0025976164462205 -0.14187259977897 -0.11579652415979 9.810564725366 -0.0051328100021823 -0.0074013756095396 9.8122694480903 0.00062012925094261 0.00011143416005947 -0.0002973211110544 0.0006158928170057 0.0001081711015112 -0.00030711786525324 0.16954350474141 0.015620499351813 4 8 6 6 0
49.014239263523 8.4169866823808 115.49217224121 -0.011158 0.014676 1.8613023267949 0.04254257469437 -0.014056630320354 0.044786452542589 -0.001277723686275 -0.00068384617177751 -0.13943714988105 -0.11204460244572 9.8091358346108 0.004427619093524 -0.0026816992600431 9.8107652780818 -6.5207949272778e-05 0.0004216777161913 0.00043108855633345 -5.8917166384231e-05 0.00042646446043472 0.00042726677464285 0.16657130605239 0.017029386365926 4 8 6 6 0
49.01423937698 8.4169866908989 115.53221893311 -0.010932 0.013603 1.8241193267949 0.0069130451300237 0.0067548593742153 0.0050013566824669 0.008270621062537 0.0078836783012891 -0.13973860272046 -0.11216064498859 9.8071242541096 -0.0058232645007699 -0.004720970412204 9.8087582378318 0.000503147333743 -0.00087094706214401 0.00082097406989091 0.00051437147351769 -0.00086193161963965 0.00082355421125536 0.17215400082484 0.014212670403552 4 8 6 6 0
49.014239257391 8.4169866926613 115.50988006592 -0.011169 0.014747 1.8644633267949 0.045003873156525 -0.014865933124718 0.047380948516905 -0.0011727387782811 0.0033974743400752 -0.13837383901987 -0.11194982218567 9.8052246923768 0.0067021319870706 -0.0026540571925376 9.8068375233267 -0.00029908207695526 -0.00051184459704718 -0.00058340619944685 -0.00030755179333612 -0.00051834703894628 -0.00057314420605996 0.16657130605239 0.017029386365926 4 8 6 6 0
49.014239447984 8.4169865540563 115.48399353027 -0.011083 0.014015 1.8388153267949 0.025558792876899 -0.0058569792075174 0.026196249287601 0.0011636616649349 -0.0014755557314429 -0.13696556614541 -0.11501024062774 9.807090391012 0.00065224831725701 -0.0062495676333111 9.8087193788353 5.7978649250735e-05 0.00022728551734087 0.00015272564698948 6.0129382999571e-05 0.00022900723312007 0.00014934700420052 0.16954350474141 0.015620499351813 4 8 6 6 0
49.014239392666 8.4169866869826 115.52640533447 -0.010901 0.013674 1.8236073267949 0.0085589020247733 0.0058387200384439 0.0068268841236619 0.0077935382169669 0.0067149436723881 -0.13729728140879 -0.1096284839857 9.8090858665094 -0.0031080771492039 -0.0025197371415175 9.8106583772412 0.0004368672719461 -2.8569205235399e-05 0.00067906170449577 0.00044610727448547 -2.1153416016725e-05 0.00067331575694759 0.17084788555906 0.014212670403552 4 8 6 6 0
49.014239244379 8.4169867013241 115.46582794189 -0.011102 0.014253 1.8483923267949 0.030747005020764 -0.0092898128532061 0.032115949130398 -0.00049898825474874 -0.0063810560777685 -0.13415206111328 -0.1136888098977 9.8060963264522 0.0056878945130017 -0.0045748093251296 9.8076700341556 0.00045313745616573 -7.3279011677157e-05 -0.00063068586381643 0.00044413329385261 -8.0279375379781e-05 -0.00063621332200209 0.16786899654195 0.015620499351813 4 8 6 6 0
49.014239405469 8.416986669835 115.48239898682 -0.011023 0.013791 1.8288153267949 0.017518814086051 -0.00090744293365801 0.017168524814369 0.0036035948101007 -0.0022529798270516 -0.13525971375148 -0.11329122924043 9.8070586957753 4.4331261443429e-05 -0.0052170127130467 9.8086443136032 -9.5130361834468e-05 9.6575302780851e-05 0.00029862651350579 -9.102060581868e-05 9.9842831790151e-05 0.00029882536078969 0.16954350474141 0.015620499351813 4 8 6 6 0
49.014239385426 8.4169866901638 115.52944946289 -0.010972 0.013669 1.8237423267949 0.0076652471246364 0.006195687409113 0.0058716276589293 0.0079161826250899 0.0075877537514627 -0.13774284681509 -0.10988140401136 9.8065346900836 -0.0036596104013306 -0.0026046159596376 9.8081165357316 -0.00048815991425777 -5.5482164164803e-06 0.00040753942527934 -0.00048255124662234 -1.0886172940334e-06 0.00041421005451834 0.17215400082484 0.014212670403552 4 8 6 6 0
49.014239253289 8.4169866915068 115.50392150879 -0.01111 0.014698 1.8619243267949 0.043596724424172 -0.014220199331351 0.045844631086934 -0.0010765986843664 0.0021154320215596 -0.13811540314211 -0.11139736533044 9.8090885863363 0.0061932272484064 -0.0021034209064664 9.8106913321505 0.00061670133712671 0.00015238201168242 0.00052659051883036 0.00062436489227569 0.00015825055110102 0.0005157302944645 0.16657130605239 0.017029386365926 4 8 6 6 0
49.014239324669 8.4169866296542 115.47347259521 -0.011114 0.014277 1.8493833267949 0.030599070814256 -0.0091877726295134 0.031945729344824 -0.00043456553168181 -0.0044545170454119 -0.14330062002957 -0.11531009005618 9.8061706292255 -0.0034309194085165 -0.0063245207711389 9.8078927809179 0.00010096190407732 6.7534763821434e-05 0.00040650457174602 0.00010674291094507 7.2055323306004e-05 0.00040426310846669 0.16824089871372 0.014212670403552 4 8 6 6 0
49.014239476654 8.4169865053019 115.48418426514 -0.011135 0.014313 1.8501983267949 0.032296685702981 -0.009569812459909 0.033683593260546 -0.00027416534030042 -0.0016431681784402 -0.133946807842 -0.1094769036121 9.807530500779 0.006438325899084 -0.00050017786504357 9.809053871243 -0.0003924218197053 0.00014529462665808 -0.00081209982063999 -0.00040402444112385 0.00013625815474152 -0.00080793673479586 0.16824089871372 0.014212670403552 4 8 6 6 0
49.014239259613 8.4169866874788 115.49906921387 -0.011137 0.014628 1.8614093267949 0.043033901651507 -0.014289464258521 0.045324267446668 -0.0013455470349728 0.0010261641465565 -0.13509646701868 -0.10623731304497 9.8096728506236 0.00892175197074 0.0030237228251952 9.8111738088051 0.00010285257850425 -0.00065249820272123 -0.00054676697947907 9.4929250620951e-05 -0.00065856069731523 -0.00054091674870083 0.16657130605239 0.017029386365926 4 8 6 6 0
49.014239498393 8.4169865150975 115.48515319824 -0.011097 0.014214 1.8478273267949 0.030690184877534 -0.008246691202948 0.031775392649245 0.0004786384188664 -0.0013531867581725 -0.13782101659661 -0.11021496546078 9.8079210109264 0.0016840299119324 -0.0013495943843105 9.8095083196235 2.401638407547e-05 0.00013595914388533 0.00070250087310213 3.3969497983728e-05 0.00014374800749786 0.00070056038688929 0.16824089871372 0.014212670403552 4 8 6 6 0
49.01423921303 8.4169867364638 115.46463775635 -0.011159 0.014343 1.8521413267949 0.035194673116198 -0.0112159459565 0.036925945839037 -0.00097052637006506 -0.0068660639282288 -0.13611983823134 -0.11193214180092 9.8063423515302 0.0049637457669512 -0.0026397833809794 9.8079240728957 -0.00023817283066629 -0.00044463877864718 -0.00042831611947648 -0.00024428742108401 -0.00044936556996612 -0.00041987373508782 0.16786899654195 0.015620499351813 4 8 6 6 0
49.014239502189 8.4169865062158 115.48532104492 -0.011075 0.014173 1.8467043267949 0.029947499111165 -0.0078929527210024 0.030964750615333 0.00058153717938435 -0.0012709689733296 -0.13789017164021 -0.1120827213685 9.8060847312825 0.001207036701485 -0.0033378315360391 9.8076941300504 0.00033277304741274 4.6222067517949e-06 0.0005275622099644 0.00034027299226726 1.0435976877822e-05 0.00052271437129042 0.16824089871372 0.014212670403552 4 8 6 6 0
49.014239247798 8.4169867094504 115.51010131836 -0.01117 0.014826 1.8656623267949 0.045517686659999 -0.014577054102712 0.04778990169214 -0.00068233966739539 0.0036320195637178 -0.13654122286795 -0.1069594529101 9.8092200464683 0.0090941576953306 0.0022773050139742 9.8107489498332 -0.00045909234907058 6.3456480175569e-05 -0.0016739688246142 -0.00048384252155912 4.4797001807812e-05 -0.0016676150596815 0.16491512968797 0.017029386365926 4 8 6 6 0
49.014239500193 8.4169865068595 115.485206604 -0.011126 0.014251 1.8487603267949 0.031426297383075 -0.0089958702966506 0.03268856344096 -1.0722008699003e-05 -0.0014842199070585 -0.1404678652307 -0.11136740697876 9.8102993353607 -0.00059016108191539 -0.0024346080417166 9.8119365254352 -0.00042295029755244 0.0001496861412082 0.00010441039881887 -0.00042140635424654 0.0001508356880086 0.00010873638107297 0.16824089871372 0.014212670403552 4 8 6 6 0
49.01423946028 8.4169865108489 115.48318481445 -0.01112 0.014331 1.8510933267949 0.032415529965584 -0.0097984107288003 0.033861258164481 -0.00044095104349846 -0.0019952195394092 -0.13584335197865 -0.11148112933307 9.8061646248995 0.0046452355990631 -0.0023968139549838 9.8077374987368 7.7470627675631e-05 0.00014457647796347 6.7078143585163e-05 7.8408396345688e-05 0.00014532725370821 6.4341163217741e-05 0.16824089871372 0.014212670403552 4 8 6 6 0
49.014239419193 8.4169866439258 115.47731018066 -0.011002 0.013816 1.8312743267949 0.020345835496486 -0.0022308969429245 0.020230819854914 0.0031103445523451 -0.002954404245507 -0.14081652271905 -0.1083700621504 9.8063977139849 -0.0048685199210542 -0.00027129169818394 9.8080062499023 0.00029005054758796 -0.00039232504752739 0.00012987336528582 0.00029190817046834 -0.00039087019752997 0.00013015109318463 0.16954350474141 0.015620499351813 4 8 6 6 0
49.014239455453 8.4169865832355 115.48188018799 -0.011041 0.013943 1.8354533267949 0.023436227411736 -0.0049595731093769 0.023916303816522 0.001367705244175 -0.0021416986778996 -0.13304442177464 -0.10773361038341 9.8068700599729 0.0039683919780549 0.00066581158649662 9.8083635694211 0.00016752639574071 -0.00024854831050482 -1.1170003504468e-05 0.00016742157880185 -0.00024857675605856 -1.07535584245e-05 0.16954350474141 0.015620499351813 4 8 6 6 0
49.014239367027 8.4169865849032 115.47692871094 -0.011114 0.014303 1.8505703267949 0.031215318830168 -0.0094452654651545 0.032609577256451 -0.00047654951252575 -0.0035869626406815 -0.1367873042649 -0.10926024654869 9.8055819225745 0.0033110244462491 -0.00032571038455342 9.8071439440018 3.3009209827112e-05 6.2737078136895e-05 0.0003404637766932 3.7879674678312e-05 6.648067533345e-05 0.00033924616896752 0.16824089871372 0.014212670403552 4 8 6 6 0
49.014239395491 8.4169867121246 115.51554870605 -0.010921 0.013673 1.8236633267949 0.0097970204943149 0.0055475067466972 0.0080966152017382 0.0078232622960935 0.0045485611839082 -0.13785412719316 -0.11514268977958 9.8061756293804 -0.0035620273713346 -0.008104245790018 9.807816383666 5.5898797805352e-05 -0.00044430647822303 -1.1982177674883e-05 5.5831070519506e-05 -0.00044443322940648 -7.8884048053042e-06 0.17084788555906 0.014212670403552 4 8 6 6 0
49.014239396762 8.4169867096137 115.4962387085 -0.010974 0.013733 1.8256433267949 0.013265003378572 0.0024631763335882 0.012213501954425 0.0057326769477546 0.00087430086993886 -0.13462333845804 -0.11562016886744 9.8064289019328 -8.8665035523356e-05 -0.0080517470741182 9.808030917498 -9.5386870262133e-05 0.00032591348920087 -3.9397441104687e-05 -9.5962407423191e-05 0.00032544825555972 -4.1656822833643e-05 0.17084788555906 0.014212670403552 4 8 6 6 0
49.014239435972 8.4169865212615 115.48165893555 -0.011129 0.014344 1.8517113267949 0.032268913200297 -0.01029665952707 0.033858564510125 -0.00095103160807319 -0.0025144155287361 -0.13379950951708 -0.11184264769746 9.8061330337958 0.0067027534121511 -0.0027513964776814 9.8076808518762 -1.6111211807506e-05 0.00022428484031913 0.0002613482298254 -1.2396481973745e-05 0.00022719450930692 0.00025903323990453 0.16824089871372 0.014212670403552 4 8 6 6 0
49.014239215289 8.416986723479 115.47174835205 -0.011089 0.014522 1.8558993267949 0.03820575203166 -0.012521372280616 0.040186282705101 -0.0012366728274206 -0.0055553433780353 -0.14079762183854 -0.10998331817775 9.8057187942789 0.0015405781284979 -0.00089366824706887 9.8073460067107 0.00065185023902164 0.00054392713835737 0.00011869518860336 0.00065340925094217 0.00054520527544199 0.000103174639774 0.16657130605239 0.017029386365926 4 8 6 6 0
49.014239490407 8.4169865025547 115.48387145996 -0.011062 0.014268 1.8495193267949 0.031776235006773 -0.0094367164794511 0.033146359490001 -0.00031642264922747 -0.0017806157864452 -0.13810474909853 -0.10785160741037 9.8069484562249 0.0019396603759301 0.0010074104236073 9.8085134474178 0.00067846056507379 -4.6497906568033e-05 -0.00017352561848164 0.00067592284436974 -4.8424207494895e-05 -0.00018266334155996 0.16824089871372 0.014212670403552 4 8 6 6 0
49.014239213166 8.4169867300833 115.46684265137 -0.011148 0.014369 1.8536363267949 0.03620210124609 -0.011673867151562 0.038022627952143 -0.0010750129861188 -0.0064689446450123 -0.13573630253164 -0.1120448278514 9.8062965840467 0.0055832136147296 -0.0027351437048146 9.8078739809966 -1.5863553679032e-05 -0.00038311983470562 8.5876115144827e-05 -1.4563981433088e-05 -0.00038214173016845 9.0366795075488e-05 0.16786899654195 0.015620499351813 4 8 6 6 0
49.014239222321 8.4169867152309 115.46376037598 -0.011156 0.014264 1.8487433267949 0.031330339880663 -0.0098466619930172 0.032830228919618 -0.00084893389037719 -0.007047844733287 -0.13829588136101 -0.10932765041845 9.805218485313 0.0017378811179197 -0.00014910283594022 9.806802999902 -0.00036643145487331 -8.9367881232453e-05 -0.00053943022944338 -0.0003740742338294 -9.5346697937571e-05 -0.00053310118765328 0.16786899654195 0.015620499351813 4 8 6 6 0
49.014239409027 8.4169866610825 115.4786605835 -0.010984 0.013809 1.8297453267949 0.018760313647874 -0.0015974906944418 0.018540866059464 0.0032790189492567 -0.002919446102794 -0.1405680083787 -0.10750190684162 9.8074881553061 -0.0049101278142683 0.0004640464755689 9.8090833634525 0.00039472940148399 -8.4183305015348e-05 -4.1010598439627e-06 0.00039464801826402 -8.4232993779009e-05 -8.6197634244306e-06 0.16954350474141 0.015620499351813 4 8 6 6 0
49.014239394952 8.4169867008218 115.49320983887 -0.010966 0.013717 1.8261953267949 0.014042927447276 0.0016982318555284 0.013156423208846 0.0051962469212239 0.00030353618462729 -0.14175582535108 -0.10441621300534 9.8070963716997 -0.0072732679929071 0.0029878492100389 9.8086734372335 -0.00021969243105499 0.00014079858592223 -0.00059400101974463 -0.00022782465898389 0.00013429573704563 -0.00059242819010133 0.17084788555906 0.014212670403552 4 8 6 6 0
