49.01423824063 8.4169799624374 116.71371459961 -0.006698 0.013905 1.8556413267949 -0.013064832538145 -0.0022071986049907 -0.011923362353965 -0.0057795182295693 0.011085252696433 -0.13448177834085 -0.066534852072133 9.8036352681632 0.0018689813680127 -0.00084870894687186 9.8047831681964 -0.00013200567464932 -0.00011887493668822 -0.00058676948300555 -0.00014013488921631 -0.00012281707559756 -0.00058408454540675 0.18309560344257 0.0162788205961 4 4 5 5 0
49.014238165346 8.4169799080215 116.71452331543 -0.006694 0.014129 1.8672983267949 -0.010401469459122 -0.00044254742816193 -0.0098194583859428 -0.0034587805468229 0.011406105149991 -0.13792034463795 -0.072602774062062 9.8068974236465 0.00045774896517967 -0.0068374168572491 9.8081334261695 0.00029931333341602 0.00018777983097762 0.00011784735149907 0.00030099371666501 0.0001885526114693 0.00011230931217317 0.1838477631085 0.017691806012954 4 4 5 5 0
49.014238240824 8.4169799268495 116.72743988037 -0.006723 0.013921 1.8541423267949 -0.013669129223136 -0.0028763500546993 -0.012325694025784 -0.0065729831100927 0.012751933956579 -0.13724257319956 -0.067136683577067 9.8079155295814 -0.0007892602189509 -0.0012213428890617 9.8091053974729 -0.00019109935896539 7.2736776369567e-05 -0.00031442933264832 -0.0001954881186368 7.0607068170643e-05 -0.00031221734251882 0.18309560344257 0.0162788205961 4 4 5 5 0
49.014238128084 8.4169801677508 116.66696929932 -0.006607 0.013825 1.8564163267949 -0.015473803396539 0.0017380038468907 -0.015336296441059 -0.0026942279368786 0.0046804608943244 -0.13910203151848 -0.064036813766847 9.8114667902322 -0.0032540509973109 0.00092043477076572 9.8126611866686 8.1447310407803e-05 -5.6240412727094e-05 -0.00012246141778589 7.975417497522e-05 -5.7062646130147e-05 -0.00012320595269666 0.18309560344257 0.0162788205961 4 4 5 5 0
49.014238161553 8.4169799055931 116.71604919434 -0.006732 0.014124 1.8683873267949 -0.0091743601864841 -0.0012799977253506 -0.0083969881219979 -0.0039112970243811 0.011711802620458 -0.14128872052742 -0.069511377825396 9.8080338479286 -0.0027897122977693 -0.0033680533470122 9.809296704897 0.0001524437277478 0.0001612394089466 0.00018604413029582 0.00015506858581427 0.00016250741375359 0.00018275860187111 0.1838477631085 0.017691806012954 4 4 5 5 0
49.014238034325 8.4169801991107 116.64476776123 -0.006648 0.013842 1.8572543267949 -0.017608209436545 0.0042759428443805 -0.018098980261975 -0.00087225995122954 0.00056753434018394 -0.13763949167249 -0.072217008669796 9.8096359033374 -0.0018749577899254 -0.007182565250464 9.8108643200641 -0.00014041186454436 -7.9736405495196e-05 0.00032869375351581 -0.00013579607850535 -7.7545401062226e-05 0.00033111759917133 0.18254314558482 0.017691806012954 4 6 5 5 0
49.014238098527 8.4169799843793 116.74626922607 -0.006713 0.014093 1.8720803267949 -0.0089209626952264 0.0011597684388344 -0.0088635089520676 -0.0015386937140042 0.01533819293982 -0.13856998258937 -0.067922531466523 9.8064842060969 -0.0003854436232596 -0.0024030880723089 9.8076981129648 -0.00052542877768505 3.201281288021e-05 -0.00050457541652786 -0.00053248522275637 2.8636620585865e-05 -0.00049734425710429 0.18069310999593 0.017691806012954 4 4 5 5 0
49.014238095682 8.4169799879826 116.74995422363 -0.006647 0.014098 1.8722703267949 -0.0088108231360535 0.0011946032874035 -0.0087683590803346 -0.0014743492250617 0.01570409905908 -0.13872063487082 -0.060598988213552 9.8093627231721 -0.00058894350804265 0.0047040605922845 9.8105294795158 0.00021795379060803 0.00028654639225441 -0.0006866789695101 0.00020823844227976 0.00028195770569401 -0.00069155500820934 0.18069310999593 0.017691806012954 4 4 5 5 0
49.014238085174 8.4169800068689 116.7039642334 -0.006673 0.014021 1.8619873267949 -0.014270655237834 0.0012396102082909 -0.014027185227811 -0.0029026312317245 0.0079643446769207 -0.14464278774009 -0.068683913604025 9.8062578040165 -0.0072620560355073 -0.0031457295856873 9.8075619093049 0.00026502803301508 5.7076034247115e-05 -0.00038313497270395 0.00025964960594315 5.4507698159986e-05 -0.00038716873657631 0.18254314558482 0.017691806012954 4 4 5 5 0
49.014238070097 8.4169800704745 116.672706604 -0.006605 0.013932 1.8590603267949 -0.016181983166935 0.0022501969693316 -0.016155062710393 -0.0024354942236463 0.0040429655367579 -0.14005183828092 -0.072240274267241 9.8105092290579 -0.0033508751874454 -0.0070304155249309 9.8117719009824 0.00093258367485025 -0.00032853237479667 -0.00046639657633645 0.00092600072802942 -0.00033163262112868 -0.00047718782109294 0.18254314558482 0.017691806012954 4 4 5 5 0
49.014238092846 8.4169799909779 116.70903778076 -0.006659 0.013987 1.8627083267949 -0.01387192509391 0.0012029335750194 -0.013632365470971 -0.0028346170612705 0.009400005020995 -0.1374144572713 -0.062041329645979 9.8160592503974 1.5731388195663e-05 0.0035097720260062 9.8172164789478 0.00040117533811153 -0.0003584496744618 0.00039798524058721 0.00040676725408751 -0.00035576364405835 0.00039472349898585 0.18254314558482 0.017691806012954 4 4 5 5 0
49.014238063574 8.4169800138293 116.76435852051 -0.006625 0.014087 1.8732803267949 -0.0082386655304176 0.0020848685423668 -0.0084857137962899 -0.00046365242411474 0.016945037238117 -0.13843548220786 -0.064817692754651 9.8081226101987 -8.0847199890338e-05 9.3894539007712e-05 9.8093136727767 -8.7758542818164e-05 -0.00033465301056952 -3.5086999131336e-05 -8.8201336154422e-05 -0.00033486377208124 -3.1605258358333e-05 0.18277855454073 0.021931712199461 4 4 5 5 0
49.014238039751 8.4169802202103 116.64268493652 -0.006599 0.013819 1.8571323267949 -0.017808412784978 0.0037345892650257 -0.018138346912519 -0.0014445248163075 0.0005795670621757 -0.13726976040992 -0.068749553121547 9.8047818327538 -0.0017759741487589 -0.0039999292014042 9.8059827664757 0.00023133076809022 -7.1956093126053e-05 -0.00020223918198188 0.00022853245272246 -7.3290768460331e-05 -0.00020494442941906 0.18309560344257 0.0162788205961 4 6 5 5 0
49.014238111952 8.4169799760119 116.71002960205 -0.006692 0.014039 1.8638783267949 -0.013264538309735 0.00069153525802158 -0.012900718543843 -0.0031613427779723 0.009980900575481 -0.13757143721198 -0.063406644548573 9.8017770641407 -0.00012784943662609 0.0021402109710068 9.8029474406282 -5.1289393229178e-05 0.0001226014321567 -0.00060622124118904 -5.979742712819e-05 0.0001185486467952 -0.00060625625951556 0.18254314558482 0.017691806012954 4 4 5 5 0
49.01423808713 8.4169799948853 116.75549316406 -0.006702 0.014142 1.8725773267949 -0.00876222024094 0.0015299975027248 -0.0088210884707012 -0.0011428649662159 0.01620449197312 -0.13326931560828 -0.065136270756351 9.8078275955832 0.0051272446172255 0.00022435934987572 9.808947663559 -0.00062425518536493 0.00055762377476654 -0.00095939301447467 -0.00063780505796151 0.00055120455695981 -0.0009541675202818 0.18069310999593 0.017691806012954 4 4 5 5 0
49.014238244333 8.4169798963551 116.7389831543 -0.00672 0.013885 1.8527723267949 -0.014257912591562 -0.0035427371689708 -0.012719292014614 -0.0073525548221078 0.0142906940149 -0.13495835974885 -0.060941327504261 9.8091245746754 0.0012382275691645 0.0052549648140687 9.810240743739 0.0003336250571822 -0.00022636138351895 -4.5131447726968e-05 0.00033300727500921 -0.00022667317481907 -4.8232225455998e-05 0.18309560344257 0.0162788205961 4 4 5 5 0
49.014238150591 8.4169799340791 116.71197509766 -0.006704 0.014096 1.8667113267949 -0.011079068898472 -3.522488965681e-05 -0.010588299903777 -0.0032605941227815 0.010659186284429 -0.13983572463467 -0.058562560193224 9.8086649334117 -0.0017030779875381 0.0070435220550539 9.8098336042777 -0.00018720684517697 9.1427642811857e-05 -0.00032775347518331 -0.0001917786890387 8.9267282343769e-05 -0.00032567756339189 0.1838477631085 0.017691806012954 4 4 5 5 0
49.014238045103 8.4169801458029 116.65412139893 -0.006609 0.013901 1.8574103267949 -0.017338099462353 0.0037563876824707 -0.017693026772457 -0.0012947910417304 0.0016290830211699 -0.14051773871753 -0.060631055859616 9.8104599555351 -0.0044343479026919 0.0043389877329351 9.8116513587056 0.00052197238407611 0.00025129813367593 -0.00032237724960912 0.0005174139801883 0.0002491592763335 -0.00033124644694862 0.18254314558482 0.017691806012954 4 6 5 5 0
49.01423807927 8.4169800012925 116.75907897949 -0.006666 0.014107 1.8729933267949 -0.0086295525038864 0.0015688332857253 -0.0087055454058849 -0.00106946550855 0.016606798794655 -0.13696860848216 -0.063322212699219 9.80865569911 0.0013897030052843 0.0019198654822463 9.8098159519382 -0.00022813194668686 1.5037546088608e-05 0.00064135021549875 -0.00021908252723871 1.9309694003489e-05 0.00064434792182267 0.18069310999593 0.017691806012954 4 4 5 5 0
49.01423804783 8.4169802391194 116.6429901123 -0.006548 0.013813 1.8567633267949 -0.017360503392079 0.0041716825401448 -0.017832257243079 -0.00089513585192432 0.00092585135963232 -0.13695229169618 -0.054091753213546 9.8140218125375 -0.0014114803011959 0.010504677549574 9.8151205780571 0.00069909168759107 0.00010723003753987 -0.0011737621706129 0.00068278197503514 9.9528943657313e-05 -0.0011840031241408 0.18309560344257 0.0162788205961 4 6 5 5 0
49.014238164459 8.416980115034 116.68033599854 -0.006624 0.013856 1.8567483267949 -0.014427878766331 0.0007574900938233 -0.014056525659789 -0.0033410336467824 0.0066577954547835 -0.13516460534917 -0.061034342245063 9.8025325788315 0.00077393889390938 0.0040376897845274 9.8036536319063 -1.6168392271117e-05 0.00015415458732785 -0.00037400989770087 -2.1351301866625e-05 0.00015162160759013 -0.0003747625032651 0.18309560344257 0.0162788205961 4 4 5 5 0
49.014238090171 8.4169799913683 116.75305175781 -0.006625 0.014092 1.8724193267949 -0.0088428025145749 0.0011419727679766 -0.0087829564227345 -0.001535884620782 0.016021244459319 -0.14046063150226 -0.070394309357965 9.8074744575934 -0.0022360397198212 -0.0052120611833531 9.8087312184395 0.00040305835373081 -2.9442243324505e-05 -0.00052068399172032 0.00039570561606318 -3.2879125085538e-05 -0.00052607534524607 0.18069310999593 0.017691806012954 4 4 5 5 0
49.014238140559 8.416979954713 116.70891571045 -0.006699 0.014055 1.8662143267949 -0.011555301267739 0.0006415603258189 -0.011243276352697 -0.002743349123432 0.010320840713211 -0.14370862001066 -0.068358661191791 9.8066680989339 -0.0057593961730361 -0.0027730476970914 9.8079569990948 -0.00013389090009587 -0.00039597193924265 0.00010853396405734 -0.00013232238055746 -0.00039521758814815 0.00011304450142172 0.1838477631085 0.017691806012954 4 4 5 5 0
49.014238066846 8.4169800112302 116.76345062256 -0.006616 0.014109 1.8731613267949 -0.008409210838258 0.0020629110994927 -0.0086420467556646 -0.0005342848850383 0.016863472333267 -0.14034163554144 -0.062918391996722 9.8120261182323 -0.0017936080982945 0.0021068387308286 9.8132310787988 0.00023517535958439 -0.00020245739970041 -5.604096771434e-05 0.0002343624041762 -0.00020281732461545 -5.8025244006104e-05 0.18277855454073 0.021931712199461 4 4 5 5 0
49.014238089276 8.4169802209858 116.65291595459 -0.006646 0.013782 1.8562903267949 -0.016497936916688 0.0030939268186141 -0.016701506553648 -0.0016766959530533 0.0028662008922112 -0.13611622965022 -0.071758222194096 9.8054447723247 -0.00064888467396969 -0.006763402321447 9.8066496930657 -0.00039280518977901 -0.00036239335492351 -0.00015786382261306 -0.00039491466540993 -0.00036342663628459 -0.00015002125851885 0.18309560344257 0.0162788205961 4 4 5 5 0
49.014238168891 8.4169799055972 116.71335601807 -0.006709 0.014121 1.8678333267949 -0.0095324406519122 -0.00048460024944917 -0.0089743499020611 -0.0032500392432611 0.011486255659582 -0.13057936994944 -0.064633622623327 9.8044064531574 0.0078626923548195 0.0010895708532771 9.8054859845605 -9.5560452441637e-05 -4.0789556796887e-05 -3.4513186236579e-05 -9.6097332155538e-05 -4.1055993319988e-05 -3.2861988165878e-05 0.1838477631085 0.017691806012954 4 4 5 5 0
49.014238116429 8.4169799670854 116.72290039062 -0.006665 0.01404 1.8699663267949 -0.0097214036837438 2.2072493052591e-05 -0.009296637361023 -0.0028423762589869 0.012666594533811 -0.13722029515062 -0.065651984772886 9.8123784068998 0.0007752650430279 -8.816769666748e-05 9.8135574319903 0.0002653008996968 -0.00029560914590935 -0.00078789703080698 0.00025423354044846 -0.00030084062977615 -0.00078956982198347 0.1838477631085 0.017691806012954 4 4 5 5 0
49.014238068612 8.416980236999 116.6462097168 -0.006577 0.013774 1.8568893267949 -0.016897864741664 0.0043005675600002 -0.01742498176694 -0.00063738702242183 0.0013653137872486 -0.1420496844238 -0.067998412178191 9.8083057519414 -0.0067304154496156 -0.0031709193886947 9.8095671405939 0.00056507604796618 -0.00031940378156531 0.00076314291104589 0.00057557626514452 -0.00031439804506304 0.00075737020461985 0.18309560344257 0.0162788205961 4 4 5 5 0
49.014238105474 8.4169799794678 116.73918914795 -0.006674 0.014104 1.8715473267949 -0.0093133990141959 0.00062783792616009 -0.0090819511895618 -0.0021566900989386 0.014394077158398 -0.14195668528892 -0.061752705318811 9.8052818627759 -0.0038518631476211 0.0036334943558829 9.8065025311206 -0.00010314122996318 0.00033311053476568 0.00031053579666035 -9.8795775243286e-05 0.00033518858263317 0.000309720717663 0.18069310999593 0.017691806012954 4 4 5 5 0
49.014238084672 8.4169800218908 116.69507598877 -0.006662 0.014024 1.8612393267949 -0.014479127249366 0.0013057217287711 -0.014248493163396 -0.0028851875696518 0.0069937266487487 -0.13499007679647 -0.060786257266453 9.806685474649 0.0021990243955551 0.0045742764960929 9.8078016563854 0.00014115192188461 0.000391274362234 0.00012230195300808 0.00014284436195963 0.00039210880291075 0.00011775340430786 0.18254314558482 0.017691806012954 4 4 5 5 0
49.014238102202 8.41697998145 116.74285125732 -0.006647 0.014061 1.8718593267949 -0.0091069966829804 0.00076056856106835 -0.0089233717458782 -0.001972249471054 0.014937637428294 -0.13638248854043 -0.069836655882718 9.8085611204786 0.001742362686795 -0.0044179089554792 9.8097567884015 0.0004161324774068 -0.00037647147447198 0.00027144215773999 0.000419965337268 -0.0003746658671521 0.00026806416395483 0.18069310999593 0.017691806012954 4 4 5 5 0
49.014238205094 8.4169800320966 116.69864654541 -0.006697 0.013871 1.8563103267949 -0.013586383285507 -0.00082148377533276 -0.012807289811476 -0.0046098282922135 0.0088924980814352 -0.14633141015979 -0.06701245872037 9.8130232149154 -0.010038522535964 -0.001461524276967 9.8143379092992 -0.00051531820625851 -0.00011728738241383 -0.00016381009001749 -0.00051749841213646 -0.00011839322414366 -0.00015583880561406 0.18309560344257 0.0162788205961 4 4 5 5 0
49.014238108049 8.4169799770446 116.73378753662 -0.006657 0.014112 1.8710673267949 -0.009408607075459 0.00086312932533056 -0.0092435294235549 -0.0019557771215556 0.01386148480306 -0.14062713305128 -0.066408665788189 9.8137115808768 -0.0024177439011821 -0.00095766011260142 9.8149435281257 0.0002148532734983 0.00050509397056755 8.3820527737109e-05 0.00021597498358065 0.00050563627303922 7.7437450370411e-05 0.18069310999593 0.017691806012954 4 4 5 5 0
49.014238130288 8.4169799510773 116.72092437744 -0.006686 0.014089 1.8695393267949 -0.009511015857429 -5.2928824007952e-07 -0.0090904907227451 -0.0027971318034201 0.012448374189232 -0.1333786997249 -0.059606255855436 9.8045317685769 0.0047699497662309 0.0059346960592179 9.8056175824116 -0.00010515222477058 0.00014350757480934 -0.0012499610834517 -0.00012271949858621 0.00013515596500626 -0.001249286943638 0.1838477631085 0.017691806012954 4 4 5 5 0
49.014238074554 8.416980004594 116.76077270508 -0.006665 0.014149 1.8730433267949 -0.0085396254104298 0.0018475540319806 -0.0087025365015201 -0.00077763694354124 0.016775194291564 -0.13817534971244 -0.068278572160309 9.8073131121901 0.00025425876449669 -0.0031652038134796 9.8085235088527 -0.00040984266718024 0.00060024003829238 -0.0001034687289414 -0.00041134867649277 0.00059950154811196 -0.00010167557901403 0.18277855454073 0.021931712199461 4 4 5 5 0
49.014238083178 8.4169799979136 116.75720977783 -0.006657 0.014136 1.8727363267949 -0.0086301681538507 0.001750309781332 -0.0087603094203294 -0.00089475702376021 0.016524351418043 -0.1397793385503 -0.063072681997077 9.8074910318036 -0.0013771828386282 0.0020322529415376 9.8086895511864 -0.00029489098665443 0.00043317993154988 -0.00065495713369696 -0.00030414684104591 0.0004287835526139 -0.00065357594222407 0.18069310999593 0.017691806012954 4 4 5 5 0
49.014238170329 8.416979896587 116.71396636963 -0.006706 0.014119 1.8678733267949 -0.0092173100313395 -0.0011183672996785 -0.0084864147459807 -0.0037668458749519 0.011705348899427 -0.14148405638095 -0.061151199621275 9.8049081129688 -0.0030620751479944 0.0047111824925149 9.8061178476675 0.0002490224985442 2.2647971271698e-05 -0.00052370371701434 0.00024158938723332 1.9098735017064e-05 -0.00052729058131241 0.1838477631085 0.017691806012954 4 4 5 5 0
49.014238145509 8.4169799266623 116.71878051758 -0.006677 0.014131 1.8689343267949 -0.0093447660203876 -0.00040678324010647 -0.0088140447194192 -0.0031314215576735 0.01215555355465 -0.14463048082782 -0.071462645768581 9.809870794828 -0.0062003456972073 -0.005609177263279 9.8111934606365 0.00057835608661265 0.00048834409307433 -0.00037493409526023 0.00057299185893504 0.00048579728872916 -0.00038632678870838 0.1838477631085 0.017691806012954 4 4 5 5 0
49.01423805437 8.4169801114676 116.66281890869 -0.006676 0.013965 1.8582323267949 -0.016771650152246 0.0025481023825774 -0.016806586993364 -0.0023048894961548 0.0027937019897316 -0.1434532281988 -0.062203209595768 9.8038512925664 -0.0070606691736503 0.0030340533438478 9.8050953003762 -0.00020774676815434 0.00069433694289011 5.482551825423e-05 -0.00020704736017559 0.00069470584339422 5.3056044132794e-05 0.18254314558482 0.017691806012954 4 4 5 5 0
49.014238111783 8.4169799741903 116.72868347168 -0.00667 0.014062 1.8706373267949 -0.0096073849804967 0.00056750320149932 -0.0093471987802308 -0.0022925294979907 0.01316747296458 -0.13923954285419 -0.067451182443962 9.8078441376456 -0.0011682823817767 -0.0018941332802813 9.8090642951664 0.00023215987376671 -0.00024952169389467 -0.00049864392096659 0.00022516877252391 -0.00025281748618944 -0.0005001744781309 0.18069310999593 0.017691806012954 4 4 5 5 0
49.014238077127 8.416980045969 116.68125152588 -0.006645 0.013934 1.8599263267949 -0.015434360478452 0.0020228069641456 -0.015371833707537 -0.0024526943995451 0.0052463094374999 -0.13365974136741 -0.065091223212316 9.8060059831415 0.0031315103142749 0.00014633289468915 9.8071321977206 0.00026466998067505 -0.00051734293192768 0.00039588477966501 0.00027019992294995 -0.00051469819002044 0.00039558062681632 0.18254314558482 0.017691806012954 4 4 5 5 0
49.014238122231 8.4169799711183 116.70854187012 -0.006676 0.014057 1.8650023267949 -0.012375440277598 0.0005394444147875 -0.012001932999017 -0.0030651474239118 0.010193175715861 -0.13301613996991 -0.064188618426064 9.8097384318187 0.0046616748092046 0.001519016592228 9.8108489079485 0.00041674235980912 0.00025884215844927 -0.00066024137951603 0.00040742253758677 0.00025440749773949 -0.00066775822101359 0.1838477631085 0.017691806012954 4 4 5 5 0
49.014238069725 8.416980008263 116.76248931885 -0.006625 0.014085 1.8730833267949 -0.0083754570231922 0.0020626077935936 -0.0086097600307211 -0.00052420994624973 0.016823890109796 -0.13546859573293 -0.065030727024361 9.8053520310464 0.0028136457777051 1.3537348954834e-05 9.8065030716305 0.0001984001194694 -0.00030661116478574 -0.00061316206201662 0.000189766270552 -0.00031066460182848 -0.00061383288042621 0.18277855454073 0.021931712199461 4 4 5 5 0
