48.988078807482 8.4782521755582 185.06552124023 0.000142 0.020809 0.2442763267949 0.47424764485851 1.8855168527485 1.9442827071301 -0.01260921526579 0.0435987992777 -0.93468155420151 0.30266483171998 9.5613299242885 -0.73584168514733 0.29412200257769 9.5790067084859 -0.014827445497609 0.00060081196611562 0.074952986084715 -0.013268026163393 0.0005319243823051 0.075250230934987 0.31250759990759 0.032526911934581 4 14 4 4 0
48.988086198475 8.4782929734031 184.81744384766 -0.016557 0.010382 0.2830373267949 -0.0059540869105019 -0.012322786636546 -0.013495230397123 0.0022762645873225 0.031075290333207 0.03740416639366 -0.1504832071589 9.8215340999086 0.14203709225495 0.011874038311433 9.8217489328791 -0.00051000211799086 -0.0047323743141842 0.00054591387556994 -0.00050345391951881 -0.0047226830320891 0.0006293743373813 0.30413977050034 0.029698484809835 4 14 4 4 6
48.988039354195 8.477961964753 184.78999328613 0.02824 0.019687 0.3462123267949 2.0746377538007 5.6433190744543 6.0124894232028 -0.034142200536194 -0.039112498899462 -0.76613625873531 0.13899916447456 10.056760756781 -0.56398057440427 -0.14689155177096 10.070305271366 -0.0033460027619427 -0.0071926702347614 -0.0067647581790226 -0.0034866113188717 -0.0069969922065321 -0.0068998726925797 0.31872872478018 0.032526911934581 4 10 4 4 0
48.988081213859 8.4782663408646 184.97074890137 -0.010417 0.019837 0.2719083267949 0.41692109842254 1.505118178077 1.5617902848594 0.00054729168476585 0.037776958664295 -0.73001715124094 -0.15088467441268 9.7485519093623 -0.543021745894 -0.049074720291749 9.7618374518154 -2.103454624209e-05 0.011573625480608 0.023059020894634 0.00041739099882128 0.011812819363617 0.022930874236327 0.31250759990759 0.032526911934581 4 14 4 4 0
48.988085492649 8.4782896943684 184.86817932129 -0.009291 0.014543 0.2824723267949 0.15599081564553 0.50599753906352 0.52942438307199 -0.0087515991103928 0.010777709255069 -0.72907900830449 -0.041305998915992 9.6544197290107 -0.5801851874938 0.045306139610821 9.6647027689835 -0.005667999613428 -0.01532588555882 -0.00084605858443227 -0.0056773346842001 -0.015333177370119 -0.00062147910076077 0.30696090956342 0.029698484809835 4 13 4 4 6
48.988085840961 8.4782914791146 184.83702087402 -0.012601 0.01182 0.2828433267949 0.12221917054862 0.37376305838015 0.39302328931832 -0.013003145776785 0.040840393646436 -0.74619746729968 -0.10603791200125 9.9518911557705 -0.62933964826612 0.013247175560983 9.9605312008995 -0.010730127535335 0.0015420074278054 -0.0020829792663374 -0.010753801055176 0.0015153472735688 -0.0019793265078198 0.30696090956342 0.029698484809835 4 13 4 4 6
48.988080477366 8.478262090748 184.98968505859 -0.010136 0.017915 0.2670873267949 0.4456035612478 1.5968407971693 1.657808815006 -0.012096511666955 0.033205477101882 -0.66690784918003 -0.057934289634761 9.9268152253267 -0.48382118599348 0.034758877335001 9.9376379473436 -0.014862260941116 -0.0095669980337047 0.038734596279854 -0.014138803487453 -0.0092130702988682 0.039091807175067 0.31250759990759 0.032526911934581 4 14 4 4 0
48.988068846957 8.4780984683858 184.77082824707 0.0178 0.028205 0.2186773267949 0.90733392516926 3.8022174466283 3.9092031853302 -0.025479379627426 0.043924605905189 -1.3299210025515 -0.65952837944972 9.6198492089623 -1.0701725605719 -0.829388014671 9.6391693579118 0.0067385947311725 0.018616387982767 -0.15706815462785 0.0024994459152423 0.021387817404746 -0.15685013227232 0.31391877930446 0.030413812651491 4 11 4 4 0
48.988084085979 8.4782821835846 184.91772460938 -0.010598 0.015573 0.2814253267949 0.27462589600426 0.99887598074183 1.0358524197058 0.013463664778284 0.030246449837393 -0.36471560858725 -0.03776640197929 9.7747342773284 -0.20899092711942 0.07415754474244 9.7792368675785 0.015178460386764 -0.0061853481929254 0.0021851240515449 0.015213038950194 -0.006158619036381 0.0020170800289022 0.30968532415986 0.031112698372208 4 13 4 4 0
48.988085368153 8.4782890085587 184.87956237793 -0.008672 0.016202 0.2825733267949 0.17126975884402 0.5858989659144 0.61041784824394 -0.0011848668215177 0.028690224469232 -1.198977012943 -0.028567906173477 9.6392382182569 -1.0393936270018 0.05422658855016 9.6576525827043 -0.0014751070004596 -0.0059132989338226 0.0018658270890217 -0.0014429396576278 -0.005897158188368 0.001940122788219 0.30696090956342 0.029698484809835 4 13 4 4 6
48.988074441313 8.4782108583124 185.03073120117 -0.00319 0.007835 0.086511326794897 0.15748098516265 2.5481305094698 2.5528190524103 0.040810495553816 0.051511512156182 -0.52929831337945 0.4980375714912 9.4768929210297 -0.4571611846358 0.54031863721353 9.4786002802388 0.021490816000359 0.0024228988853712 0.15389190686799 0.022664570902535 0.0030945853522739 0.15370642670202 0.31316768671113 0.033241540277189 4 13 4 4 0
48.988080862315 8.4782642557355 184.97877502441 -0.010665 0.018453 0.2697783267949 0.43403621812899 1.5519731311069 1.6115050761896 -0.0074384658315803 0.039950962145101 -0.66407680272821 -0.11792100938558 9.8273878132125 -0.48492316789913 -0.016777548175154 9.8385891209342 -0.0071104615832731 0.003817123729796 0.029297793351555 -0.0065745609344868 0.0041147118165338 0.029378966842134 0.31250759990759 0.032526911934581 4 14 4 4 0
48.988074906228 8.4782178932227 185.05395507812 -0.003604 0.008423 0.1175813267949 0.2683665464777 2.4487816526419 2.4636610169029 -0.00052081403793328 0.054995022902408 -0.59045478822287 0.48375698298047 10.130852660419 -0.51113150771012 0.51942693508922 10.133458714411 -0.0026778107347245 0.0095545195471353 0.15017522051416 -0.0015036323229399 0.010082048067029 0.15015609775749 0.31316768671113 0.033241540277189 4 13 4 4 0
48.988037369523 8.4779535111557 184.79844665527 0.028668 0.02031 0.3470183267949 2.1163891779127 5.7277175868604 6.1060902696366 -0.038721589964313 -0.062022303860204 -1.4142887291196 0.28593863960692 9.99539285945 -1.197271735626 -0.0029090084675464 10.028017368698 -0.0039366938923575 -0.024697212569606 -0.0093539235014228 -0.0041535374524447 -0.02441676736218 -0.0099799405603713 0.31731687632397 0.030413812651491 4 10 4 4 0
48.988079645009 8.4782573205022 185.03024291992 -0.006026 0.020713 0.2577293267949 0.46524402038355 1.726791931569 1.7883136564209 -0.01604115705829 0.017781748451902 -0.99975492383354 0.038555668588588 9.748171608997 -0.79598434264983 0.08242663880385 9.7667534561191 -0.028363201220589 -0.0032766004629254 0.060278167195569 -0.027098153194653 -0.0030131228188996 0.06087839060938 0.31250759990759 0.032526911934581 4 14 4 4 0
48.988080038817 8.4782596405789 185.00347900391 -0.008586 0.019011 0.2630093267949 0.45471250729703 1.6564453669703 1.7176780949437 -0.013677130130823 0.019219425752814 -0.8019454013332 0.011884335884487 9.9161555309282 -0.6044733098863 0.083254384836344 9.9299332930968 -0.025890101878353 -0.016233590813567 0.052340555479474 -0.024836697061659 -0.015866546502574 0.05297462111037 0.31250759990759 0.032526911934581 4 14 4 4 0
48.988082527817 8.4782742665701 184.9436340332 -0.007628 0.021225 0.2789753267949 0.37196572692423 1.29321773615 1.345653603807 -0.002241257697353 0.040283065903675 -0.75921330460866 0.11419655692342 9.638009407762 -0.551380057365 0.18637133779878 9.6510117939266 -0.0027350100392215 -0.0056829463491429 0.0097442308969717 -0.0025233828990899 -0.0056088516515117 0.0098412827254016 0.30968532415986 0.031112698372208 4 13 4 4 0
48.988077540675 8.4782437474499 185.06996154785 -0.000792 0.01869 0.2188803267949 0.41341771455817 2.0911483347407 2.1312781587893 0.039010876714405 0.072077205869241 -0.6178899713416 0.22293594221909 10.064549878931 -0.43621646971173 0.24831330796905 10.073736870018 0.02855613551255 0.010905290525988 0.094194862596001 0.030250906560538 0.011147474874754 0.093652940324084 0.31524117751334 0.035355339059327 4 14 4 4 0
48.988079252318 8.4782549169547 185.04679870605 -0.003386 0.020695 0.2517673267949 0.47463673849722 1.8030144793613 1.8643932786948 -0.017923881665776 0.024881313739517 -0.91040472053751 0.11581504916986 9.7553644479062 -0.7083599646778 0.13345302477211 9.7720183864354 -0.029650168961824 -3.646326049899e-05 0.068280334673422 -0.028231109669358 7.9984317224079e-05 0.068878869899223 0.31250759990759 0.032526911934581 4 14 4 4 0
48.988044958639 8.4779854807681 184.78750610352 0.02842 0.025727 0.3440133267949 2.0173531004183 5.5427834742916 5.8984273334607 -0.02664854760738 0.014162915276326 -0.56235623229974 0.29576572885086 9.6586501552903 -0.3255311526422 0.020966283924364 9.674033735091 -0.00021277773141342 0.021456144252359 -0.0098713287813921 -0.00044224456573136 0.021728052645974 -0.0092480274815578 0.31872872478018 0.032526911934581 4 10 4 4 0
48.988084320289 8.4782833841754 184.91059875488 -0.009951 0.015495 0.2813653267949 0.27621657690022 0.97587890267169 1.0142010396405 0.0056157256601938 0.027407304233522 -0.43180492951946 -0.048012113747345 9.8392664567227 -0.27789863249789 0.054346055640181 9.844798337148 0.0081669124618637 -0.002458258095989 0.00010755070000432 0.0081683085387698 -0.0024560264220217 6.4943955397604e-06 0.30968532415986 0.031112698372208 4 13 4 4 0
48.988070933027 8.4781134532772 184.79815673828 0.020136 0.027926 0.1684293267949 0.66465280002546 3.4966206318794 3.5591616895296 -0.035478311585385 -0.036746945904652 -1.385829837369 -0.25023175305724 9.7225073544797 -1.1085176435474 -0.44904138867886 9.7509212091809 -0.0008758462527381 -0.013052023289679 -0.16288345943815 -0.0055226201163388 -0.0097181163799609 -0.1630310479999 0.31391877930446 0.030413812651491 4 11 4 4 0
48.988053677042 8.4780238303979 184.73275756836 0.019782 0.028994 0.3350853267949 1.8959339847401 5.2826229470415 5.6123656967873 -0.046165761152837 -0.064821830168384 -1.2322824222963 -0.033926318667623 9.5688648205253 -0.95784965155933 -0.23480840330654 9.5976989425143 -0.020640177098928 0.0059454052827081 -0.022314140294219 -0.021268177439373 0.0064092015834757 -0.021588003582846 0.31872872478018 0.032526911934581 4 10 4 4 0
48.988073877481 8.4781498351203 184.85800170898 0.005941 0.016825 0.035686326794897 0.17780669201882 3.1785966569738 3.1834222152149 -0.037933763544522 -0.017221074312844 -0.36518961406706 -0.10578914422209 9.7034906462032 -0.19857262917337 -0.16684531893604 9.707556657411 -0.0034093534859022 -0.006874749619081 -0.14492321432267 -0.0058984594944838 -0.0059624948734817 -0.14488399602718 0.31250759990759 0.031827660925679 4 10 4 4 0
48.98807370092 8.4781916475404 184.97424316406 -0.004246 0.00769 0.017498326794897 0.062531628606879 2.7424381851491 2.7431151599092 -0.029272534489049 0.000861348400468 -0.4545137344336 0.48823763927717 9.5612717739872 -0.36935930888216 0.50702538132744 9.564148676212 -0.040653280279514 -0.021698641502145 0.094010581822989 -0.039826594994411 -0.021495284695132 0.094416009622303 0.31316768671113 0.033241540277189 4 12 4 4 0
48.988083775245 8.4782805563813 184.92425537109 -0.012556 0.01628 0.2810693267949 0.29028484112896 1.0313338877847 1.0713836508362 0.0069305105079314 0.035663703361243 -0.61692592369763 -0.33629385974771 9.7844572201002 -0.45242571132367 -0.21253106169772 9.7970426370124 0.0017093164663005 -0.0090058492553721 0.0040333544594109 0.0017783216984721 -0.0089546539043872 0.004122045899662 0.30968532415986 0.031112698372208 4 13 4 4 0
48.988085603699 8.4782903340246 184.8539276123 -0.010315 0.012556 0.2826663267949 0.14149329066698 0.46679428785458 0.48773372230536 -0.005743767608593 0.0053744416622908 -0.48764121615058 -0.14339075192004 9.8485147458023 -0.3532070145086 -0.047275828014494 9.8553358935969 -0.0099638525145757 -0.019352829390317 0.0020488190290861 -0.0099343940894411 -0.019330893565853 0.0023719550280867 0.30696090956342 0.029698484809835 4 13 4 4 6
48.988074038188 8.478154153485 184.86074829102 0.002766 0.017073 0.021190326794897 0.18461846959358 3.1589748010989 3.1629161115593 -0.091433113962865 0.018216257166468 -0.29031985571975 -0.070216991919729 10.359526929143 -0.11726873610526 -0.11713863938908 10.363134197108 -0.029016779036445 0.0057448969687671 -0.14557078033233 -0.031445234371551 0.006406763153909 -0.14505607900741 0.31250759990759 0.031827660925679 4 11 4 4 0
48.988062610635 8.4780643828339 184.74189758301 0.015367 0.018152 0.3005543267949 1.4373774258842 4.4864173971996 4.7111093069956 -0.021834310944071 -0.032910761487846 -1.6720117120561 -0.41718483272603 9.7515617950904 -1.4785182835447 -0.55974529026483 9.7757366158405 0.014353513583182 -0.029936655150416 -0.083608861158791 0.012699780912689 -0.028706864936317 -0.084290201729482 0.31665280671423 0.031112698372208 4 11 4 4 0
48.988077163918 8.4782408398206 185.06221008301 -0.003909 0.017411 0.2095813267949 0.40659503467061 2.1284616431112 2.1666741887962 0.032668207665864 0.034547461071123 -0.45648298148852 -0.032641678629901 10.242326663784 -0.2764084408944 0.02268174383312 10.248806377047 0.024892748258618 -0.0037754425775069 0.1006255209979 0.026661764080584 -0.0032249942913108 0.10020740012354 0.31524117751334 0.035355339059327 4 14 4 4 0
48.988086210077 8.4782930164948 184.81629943848 -0.016534 0.01125 0.2830523267949 -0.00092508001204146 0.0025248690955637 0.0021660177199412 0.001593337982528 0.032984080971088 -0.48302953279035 -0.14712481430149 9.8007988971205 -0.37363128634311 0.014402481726338 9.8066717349425 -0.00089814851239007 0.0016725007972833 6.6789344723849e-05 -0.00089767675320387 0.0016733275991345 4.9174495168212e-05 0.30413977050034 0.029698484809835 4 14 4 4 6
48.988058455529 8.4780450505081 184.73945617676 0.015519 0.030303 0.3233163267949 1.718765346935 4.9089844188101 5.2009023801747 -0.054816156359105 -0.038748438804845 -2.0248750254419 -0.19273396283408 9.3444137134932 -1.7386020540372 -0.34699554923028 9.3978420766293 -0.01530870154814 -0.0052833059561358 -0.050697100145293 -0.016857061015579 -0.0044554275280641 -0.050268656986957 0.31665280671423 0.031112698372208 4 10 4 4 0
48.988085205868 8.47828812581 184.89108276367 -0.008457 0.017022 0.2823283267949 0.20006998626432 0.69974990893602 0.72778476413432 0.0027104945726869 0.046448786705232 -1.2409311483402 -0.060075153429116 9.6530674496977 -1.0789251404138 0.023532471582668 9.6727041834627 0.0035554154648102 0.0044848816016426 0.0020639485172635 0.0035889736463237 0.0045025013748229 0.0019648970528416 0.30696090956342 0.029698484809835 4 13 4 4 6
48.988063778881 8.4780702513315 184.74160766602 0.017998 0.016653 0.2908903267949 1.3449381341579 4.3617042239448 4.5644393785842 -0.012105671936054 -0.033556652268384 -1.575888021764 -0.34263766976792 9.8882901565607 -1.4021334145575 -0.50661808371205 9.9074941886651 0.026727659411457 -0.017370461352051 -0.09587913858068 0.025045312252039 -0.015769487611699 -0.09658940171816 0.31665280671423 0.031112698372208 4 11 4 4 0
48.988082845419 8.4782759788983 184.93894958496 -0.009427 0.019955 0.2796783267949 0.3653063746448 1.2332105131861 1.2861335889126 -0.011247448453389 0.030416082828411 -0.8543574610899 -0.008106312869437 9.7176000552905 -0.65392370707783 0.074970234240257 9.7328532912078 -0.015716800000135 -0.011582929115585 0.0073266743042576 -0.015559661682705 -0.011520619114046 0.0077458042973282 0.30968532415986 0.031112698372208 4 13 4 4 0
48.988073618893 8.4781878344903 184.96719360352 0.00062 0.00957 0.0077653267948967 0.0090883661251249 2.7811776434476 2.7812796470502 -4.8537654580693e-05 0.019268857121739 -0.45221618416997 0.45174024318068 9.6850052910622 -0.34831252561933 0.42850092840116 9.6908913618187 -0.032081130852929 -0.020053706944577 0.079118905504966 -0.031256154530607 -0.020241716703257 0.079374988327441 0.31316768671113 0.033241540277189 4 11 4 4 0
48.988051872909 8.478015909122 184.73696899414 0.022216 0.027861 0.3375223267949 1.9426345710771 5.3550168594944 5.6962391181417 -0.053426680096362 -0.059292361492508 -0.86497941672977 0.24002671271377 9.8589028717003 -0.59122069180405 0.004390290141874 9.8820953142469 -0.029600193988943 0.0019465193976559 -0.019365004295087 -0.03012466038341 0.0024045529921538 -0.018491889286128 0.31872872478018 0.032526911934581 4 10 4 4 0
48.988085029996 8.4782871621764 184.89593505859 -0.008756 0.01658 0.2821843267949 0.22755581366475 0.80083715184435 0.83252793404364 0.004347397212776 0.054361215659608 -1.1623780964517 -0.10103808053948 9.8034763232 -1.0039859473328 -0.013320422158168 9.8215327350053 0.0033491288904068 0.0077038156092846 0.0020255769718967 0.0033802231678557 0.007721655784706 0.0019031153438245 0.30696090956342 0.029698484809835 4 13 4 4 6
48.988064883494 8.4780759913231 184.74403381348 0.020346 0.018505 0.2801943267949 1.2591805618233 4.242593823261 4.425597489829 -0.0097690450440737 -0.0016540621307682 -1.5147973241301 -0.29039960929643 10.076148043914 -1.33700443357 -0.48295237441382 10.093953280016 0.023630359747877 0.013378188782805 -0.10599762562951 0.021762587583222 0.01541000927715 -0.10609400119476 0.31665280671423 0.031112698372208 4 11 4 4 0
48.988086199231 8.4782929838951 184.81951904297 -0.016534 0.010232 0.2830353267949 -0.0030994141495847 -0.0034439716458549 -0.0041725120414515 0.002014372484041 0.032644782374622 -0.088454951457593 -0.17204476798524 9.824879868403 0.012727426515249 -0.0095518296598861 9.8267657149591 6.0682586655149e-05 -0.0011173582662659 0.00018098735475454 6.2719695023791e-05 -0.0011141745001493 0.00019879734533998 0.30413977050034 0.029698484809835 4 14 4 4 6
48.988078371454 8.4782495707694 185.07008361816 0.00167 0.020862 0.2368733267949 0.45708811468719 1.963275539482 2.0158699579588 0.0067427027654789 0.06787840168245 -0.90130863176839 0.44974083960492 9.5770564506291 -0.70598235071321 0.43440521214809 9.5942790025429 -0.00060267414631094 0.0085484711319423 0.08272972960746 0.0010815752651634 0.0084174360166994 0.082746213038243 0.31250759990759 0.032526911934581 4 14 4 4 0
48.98807423874600 8.47820702466235 185.01572418212999 -0.00657300000000 0.00720850000000 0.07099782679490 0.12317307590446 2.59260072737565 2.59551233585125 0.03893899648136 0.06893935372948 -0.47412065321126 0.17622963081993 9.74769903640185 -0.40951086701406 0.25061573480394 9.75022721295490 0.01617791806397 0.00785293986459 0.14486359777258 0.01715446843248 0.00891031695591 0.14465846128699 0.31316768671113 0.03324154027719 4.00000000000000 13.00000000000000 -1.00000000000000 -1.00000000000000 -1.00000000000000
48.988074161816 8.4781631648563 184.87704467773 -0.009703 0.023006 -0.00035067320510329 0.075639426925455 3.0854556255667 3.0859361546007 -0.060876684823774 0.066515434045608 -0.7044745988362 -0.68018781904382 9.7610411539733 -0.49265321332323 -0.60443717115785 9.7793223281601 -0.031914494387299 0.023463022472901 -0.090280355420517 -0.033846851947039 0.022813304019469 -0.089780331754206 0.31250759990759 0.031827660925679 4 11 4 4 0
48.98808593141 8.4782919102557 184.82983398438 -0.013474 0.012188 0.2827203267949 0.097252098181345 0.30728054467767 0.32221244868936 -0.0076533315327359 0.047093747023732 -0.8800430640554 -0.21712131598167 9.8203792693761 -0.76179345083018 -0.089541519593058 9.8322915981893 -0.0084364933800835 0.0027423256349493 -0.00064096865777045 -0.0084437439713488 0.0027341242249607 -0.00057609418208545 0.30696090956342 0.029698484809835 4 14 4 4 6
48.988035520308 8.4779456736254 184.81219482422 0.029298 0.022748 0.3480133267949 2.1591956849253 5.8511769983503 6.2367827503054 -0.030915643817632 -0.067521780537124 -1.5801813911704 0.35925592995055 9.6621542845841 -1.3420345784991 0.077388887963543 9.7045300081035 0.0025640050153087 -0.032460394246046 -0.0084408638896256 0.0023328745777178 -0.032200395628322 -0.0094415916059557 0.31731687632397 0.030413812651491 4 10 4 4 0
48.988082181915 8.4782723217876 184.94995117188 -0.007404 0.021792 0.2779803267949 0.3677959011361 1.3514885539078 1.4005536384135 0.015840355635327 0.049603898334748 -0.62214337432417 0.029224720663977 9.8310551896102 -0.40875344466559 0.10780572575159 9.8417170931544 0.0099520496913844 0.00172127872841 0.016563828719635 0.010308072434626 0.0018553592102222 0.01632738847942 0.30968532415986 0.031112698372208 4 13 4 4 0
48.988068022267 8.4780933805191 184.75531005859 0.017358 0.025993 0.2342993267949 1.0205111875008 3.887789031225 4.0193248089186 -0.054142334444274 0.044282851631431 -1.3467211418729 -0.70085767126775 9.9198205410337 -1.0981233512453 -0.88143427830095 9.9363100821997 -0.011368389466836 0.01403303836304 -0.15478976000617 -0.015241728557427 0.016847022235912 -0.15417231846657 0.31665280671423 0.031112698372208 4 11 4 4 0
48.988074036179 8.4782031910123 185.00071716309 -0.009956 0.006582 0.055484326794897 0.088865166646279 2.6370709452815 2.6382056192922 0.037067497408907 0.086367195302788 -0.41894299304307 -0.14557830985133 10.018505151774 -0.36186054939231 -0.039087167605649 10.021854145671 0.010865020127588 0.013282980843802 0.13583528867717 0.011644365962418 0.014726048559541 0.13561049587196 0.31316768671113 0.033241540277189 4 12 4 4 0
48.988055256373 8.4780308811991 184.73141479492 0.019253 0.028257 0.3329393267949 1.8293624810587 5.1861366261655 5.4992751116911 -0.027020497745064 -0.074638153128767 -1.5270657517315 0.072563361470938 9.9934617582395 -1.2415454008277 -0.12306393290607 10.032449998069 -0.005485201423636 -0.0048618181349893 -0.021854218268568 -0.0061087394928664 -0.0044334256517079 -0.02177531564253 0.31872872478018 0.032526911934581 4 10 4 4 0
48.988073857624 8.4781722857939 184.90171813965 -0.006669 0.020326 -0.011252673205103 -0.033467072486498 2.9758433726163 2.976094662946 0.0055078523369866 0.023171119120654 -0.71388255936139 -0.3877641897384 9.5328646601915 -0.5129272424622 -0.31321988995775 9.5485771265709 0.020279867212121 -0.012765035799914 -0.033626794472877 0.019556383771661 -0.013043139515909 -0.033940900750581 0.31250759990759 0.031827660925679 4 11 4 4 0
48.988050188207 8.4780085684374 184.74822998047 0.025298 0.027392 0.3394623267949 1.9606492241673 5.4061106323047 5.7504979395806 -0.043651426641296 -0.062894784318539 -0.74822301168649 0.27411588202828 9.6667321987875 -0.47761942217202 0.016836408479644 9.6878665606909 -0.023245093292407 -0.010167535907814 -0.014912806202503 -0.023660022415851 -0.0097673548199408 -0.014513401486178 0.31872872478018 0.032526911934581 4 10 4 4 0
48.988075745067 8.4782284278169 185.07327270508 -0.006065 0.020809 0.1634683267949 0.34324979155696 2.2549644919291 2.2810061635531 0.0097144207839458 0.11668637718176 -0.71437005019309 0.37247916786174 9.208205484626 -0.54112245171081 0.42528359087677 9.2177310501855 -0.0084534081917162 0.032358254326199 0.14111858948397 -0.0057900154322968 0.033168942000477 0.14106381452497 0.31524117751334 0.035355339059327 4 14 4 4 0
48.988042997123 8.4779771721944 184.79315185547 0.028633 0.023153 0.3449573267949 2.0301157252891 5.5803038130294 5.9380743196126 -0.021307772443345 0.024732641930492 -0.55997505295651 0.18713297450518 9.9192079326075 -0.34236836313374 -0.095574879822645 9.9304824967947 0.002586496241858 0.02138548989395 -0.0072569917924929 0.002439382286532 0.021583787134988 -0.0066977237575105 0.31872872478018 0.032526911934581 4 10 4 4 0
48.988074177873 8.4781588728067 184.86836242676 -0.006179 0.020733 0.0079143267948967 0.14164679141116 3.13307831121 3.1349047181908 -0.09560569875952 0.052463417507684 -0.5206955382778 -0.60083805441359 9.9246562010408 -0.33292118127571 -0.5842591555038 9.9347773836895 -0.076048461143926 0.031805335046046 -0.1187472203484 -0.07826138995262 0.031663041600934 -0.11736380833034 0.31250759990759 0.031827660925679 4 11 4 4 0
48.988083159371 8.4782775742303 184.93151855469 -0.011645 0.018523 0.2805093267949 0.34921956876753 1.1623967777285 1.2136394799901 -0.014297080005766 0.027825170509218 -0.96400242202087 -0.047156572695353 9.8169189269214 -0.77417826955966 0.055579437353853 9.8336310888892 -0.021034183952176 -0.014113792074109 0.0073297332547346 -0.020885005289361 -0.014037431819623 0.0078815599968885 0.30968532415986 0.031112698372208 4 13 4 4 0
48.988075201256 8.47822161651 185.06463623047 -0.004445 0.011562 0.1335433267949 0.2967506043993 2.3804558831246 2.3989888243014 0.0027305575577839 0.10314515467948 -0.73639738634129 0.32862195649721 10.501494317129 -0.63228513739649 0.36998652520428 10.50688676877 -0.010436779300791 0.028745803354444 0.14541153537181 -0.0090032287858362 0.029316626719745 0.14539724335794 0.31524117751334 0.035355339059327 4 13 4 4 0
48.988084573743 8.4782846878028 184.90463256836 -0.009522 0.015362 0.2816613267949 0.26912830668273 0.94272825334174 0.98038533981613 0.0033820021073108 0.035169621145281 -0.52442934250559 -0.072292269884466 9.9288300758772 -0.37096383275582 0.024847535436624 9.9359789032466 0.0047014055513598 -0.0015894464574512 0.0024100615936397 0.0047382722580985 -0.0015659333784818 0.0023527679247057 0.30968532415986 0.031112698372208 4 13 4 4 6
48.988086112526 8.4782926743957 184.82339477539 -0.015433 0.011405 0.2830513267949 0.039898718208256 0.13291089074791 0.13876516726989 -0.0011960245171283 0.025285633237495 -0.46503851106198 -0.17851745876696 9.7815848761646 -0.35034913401643 -0.030125370917067 9.7879635337613 -0.0046529993898949 -0.0055672308515159 0.00050648592209535 -0.0046457846598271 -0.0055588837426996 0.00064621255534054 0.30413977050034 0.029698484809835 4 14 4 4 6
48.988086207063 8.478292985357 184.81533813477 -0.016493 0.010854 0.2829573267949 -0.0077853760593036 -0.019734259307435 -0.021123232034433 0.0019654281611903 0.031468803310337 -0.18492636749619 -0.18152215360171 9.802987174303 -0.076246081500689 -0.019744874889879 9.8061124338265 0.0001629013904865 -0.0039866533047347 -0.00065455364698523 0.00015640905709611 -0.003996921316701 -0.00059044407295545 0.30413977050034 0.029698484809835 4 14 4 4 6
48.988083495326 8.4782791860011 184.92935180664 -0.01296 0.017178 0.2806653267949 0.32641417767134 1.0837392364735 1.1317481906761 -0.013559262952256 0.034115513678644 -0.88021828679225 -0.24973293858938 9.8550086042941 -0.70385877436902 -0.12852141351543 9.8716291745776 -0.011647908500117 -0.012260835327784 0.0014257257248058 -0.011615319408175 -0.012245261983065 0.0017873558996779 0.30968532415986 0.031112698372208 4 13 4 4 0
48.988086178189 8.4782929575477 184.8155670166 -0.016288 0.011102 0.2830363267949 0.02214874021276 0.069598333187252 0.073014786912632 -0.0018269308641077 0.030016674914017 -0.41258575073757 -0.18150127616943 9.8320207013799 -0.30261944178934 -0.023287993685519 9.8376726640795 -0.0034618067945414 -0.0013918045410046 -0.00056632455967381 -0.0034675890687434 -0.0014008555973338 -0.00050516355677442 0.30413977050034 0.029698484809835 4 14 4 4 6
48.988067009973 8.4780876078201 184.74809265137 0.019334 0.024272 0.2515943267949 1.1213881847442 3.9967010604001 4.150639713179 -0.056464962509487 0.036921319964008 -1.4606244525188 -0.19405786862159 9.7134062376415 -1.2357924551008 -0.39359612431015 9.7388545051517 -0.018299433016299 0.016936262679454 -0.14481710776782 -0.021654957044554 0.019906566770528 -0.14393498121074 0.31665280671423 0.031112698372208 4 11 4 4 0
48.988073603066 8.4781836469537 184.94586181641 0.003659 0.011328 -0.0011106732051034 -0.037214388505585 2.8327221137894 2.8328631087127 0.026921492022443 0.014686377951271 -0.52331036597621 0.33486007314252 10.004701293081 -0.39264085064649 0.31541892590996 10.011671078898 0.030246651696897 -0.030824119934984 0.04428056725189 0.030803012597642 -0.030930398658583 0.043812113714177 0.31316768671113 0.033241540277189 4 11 4 4 0
48.988075474491 8.4782248870859 185.07307434082 -0.005517 0.017029 0.1479753267949 0.31703423571859 2.3232287554138 2.3448153352973 0.00948023818498 0.14828534616874 -0.65327797980064 0.23365341245841 9.9042540285548 -0.51297035045962 0.2828473577345 9.9112230732796 -0.011582471424386 0.047798432022428 0.14426647909166 -0.0095291581056666 0.048515898959514 0.14417353104642 0.31524117751334 0.035355339059327 4 13 4 4 0
48.988085727176 8.4782909759804 184.84510803223 -0.011502 0.011488 0.2831413267949 0.13132483008058 0.42682985776566 0.44652235563042 -0.0069351170110369 0.021819038562771 -0.53554898418669 -0.032900156151208 10.025880166618 -0.41475540114591 0.076643663939343 10.031329307764 -0.010290647962151 -0.0099213609429024 0.0030800509643662 -0.010251781380975 -0.009887297111499 0.0033089110537465 0.30696090956342 0.029698484809835 4 13 4 4 6
48.988046651898 8.4779929894968 184.77529907227 0.029274 0.027949 0.3426963267949 1.9988633076308 5.5126334173777 5.8637810210562 -0.025995176525333 -0.012385382146065 -0.59891839847313 0.18314899223735 9.5219070817345 -0.34474307174149 -0.091667357518679 9.5358404562945 0.0072869579755894 0.022381561364947 -0.013245704813391 0.0069458709945732 0.022754828080746 -0.012787668682423 0.31872872478018 0.032526911934581 4 10 4 4 0
48.98806959199 8.4781034521252 184.78233337402 0.019622 0.029369 0.2025483267949 0.81562698487154 3.7093213456327 3.7981280759259 -0.017461639246876 0.017798828259067 -1.3611426673729 -0.43788421953986 9.4390548767461 -1.0899384631252 -0.61447660568456 9.4644883748988 0.020647819252967 0.0087441414162004 -0.16098887181909 0.01601883822055 0.011758366614181 -0.16133667953891 0.31391877930446 0.030413812651491 4 11 4 4 0
48.988072262795 8.4781259105856 184.82592773438 0.015793 0.02409 0.1231653267949 0.49819077316463 3.2810609470056 3.318080873131 -0.061092454424275 -0.018866711684038 -0.86858544058781 0.1978342188602 9.890356471444 -0.61845690848284 0.015077766088786 9.9109485631861 -0.043527692954942 -0.023326186556948 -0.15788429913218 -0.047513032600787 -0.020406064463553 -0.15715063121149 0.31391877930446 0.030413812651491 4 11 4 4 0
48.988081874304 8.478270482217 184.95387268066 -0.008586 0.021599 0.2762893267949 0.37519291019396 1.396994166263 1.4463782919326 0.018358957145002 0.042250877900506 -0.74737989118605 -0.15352469438808 9.9111459454653 -0.53681061510117 -0.063918478849259 9.9257429874746 0.0075483657580542 0.0064929468864134 0.020969590372594 0.0079903892000399 0.0066821712873446 0.020743819364671 0.31250759990759 0.032526911934581 4 13 4 4 0
48.988076392054 8.4782346116378 185.06246948242 -0.007561 0.019545 0.1877713267949 0.39939322092027 2.1785930815094 2.2149721510634 -0.00066931902888276 0.0090708566502804 -0.47659739926368 0.12616265705014 9.4734814340574 -0.28693532298519 0.19352530889849 9.4800312042523 -0.010523182100214 -0.0094682849925415 0.11786435677376 -0.0081596320150794 -0.0086330414566357 0.11811871203956 0.31524117751334 0.035355339059327 4 14 4 4 0
48.988086150579 8.4782928380807 184.81748962402 -0.015992 0.011199 0.2831603267949 0.02971147406483 0.097983866458148 0.1023829734492 -0.001157853156368 0.027236902113634 -0.4181607004305 -0.12909660735924 9.8321311457295 -0.30685616616399 0.025433339343792 9.8370488209772 -0.0048455488420574 -0.0020948852305049 0.00099985284927605 -0.0048335685843499 -0.0020788638562184 0.0010870365308769 0.30413977050034 0.029698484809835 4 14 4 4 6
48.988048523568 8.478001192605 184.76298522949 0.027657 0.028585 0.3409833267949 1.9752720487621 5.4590297079782 5.8053187635949 -0.031163936256156 -0.044261510366164 -0.80303836434641 0.30505233721987 9.6052789221347 -0.53019066712835 0.031934243097882 9.6290433841797 -0.013595468545732 0.0037809734021633 -0.014535049606889 -0.013999530773033 0.0041931427275345 -0.014016055701665 0.31872872478018 0.032526911934581 4 10 4 4 0
48.98807342279 8.4781407105998 184.85249328613 0.005756 0.016588 0.067501326794897 0.27399072125012 3.2092918556252 3.2211259384641 -0.027854043453803 -0.0005687367189082 -0.19065661945122 -0.51428034114342 9.8244425998467 -0.023379287430378 -0.56932965806864 9.8233576994167 0.0056123413495924 -0.0085955791746757 -0.15825715284265 0.0029132092858565 -0.0077057508347813 -0.15836203519508 0.31250759990759 0.031827660925679 4 10 4 4 0
48.988086204208 8.4782930204603 184.81565856934 -0.016486 0.011068 0.2830773267949 0.0096140378209714 0.037510419287758 0.038702895281033 0.0012445781134106 0.032171021009918 -0.45231657519911 -0.20175138867255 9.8195377078985 -0.34351360521972 -0.041071232523019 9.8259329978094 -0.002139185179233 -0.00012008783127242 0.00090977435078379 -0.002128960945938 -0.00010507083076777 0.0009351879371388 0.30413977050034 0.029698484809835 4 14 4 4 6
48.988086197389 8.4782929925406 184.82252502441 -0.01645 0.010192 0.2830393267949 -0.0053622903939811 -0.0098721815934056 -0.010976899416092 0.0023920246541978 0.028968619168479 -0.085797442333044 -0.14328685581655 9.8076452828255 0.015492749569583 0.018193638810795 9.8090431390283 0.00022784339860779 -0.0023751328159022 0.00028526602516747 0.00023114221651703 -0.0023701100663176 0.00032181488908416 0.30131876808457 0.029698484809835 4 14 4 4 6
48.988061352457 8.4780583265149 184.74067687988 0.013671 0.02101 0.3091573267949 1.5412402290167 4.6156084355967 4.866000783527 -0.042626660018 -0.048658039312197 -1.7885373954123 -0.36876590195293 10.124814174194 -1.5540409031157 -0.50388067963283 10.157774866325 0.0070549203955245 -0.038918175778911 -0.074946363346423 0.0053291806768998 -0.037915896273163 -0.075559455167902 0.31665280671423 0.031112698372208 4 11 4 4 0
48.988086075669 8.478292486963 184.82455444336 -0.014984 0.012049 0.2829523267949 0.053695305641794 0.16901712953727 0.17728770527635 -0.0043664978887962 0.031064251617139 -0.58113482466814 -0.16002412492229 9.7047311849358 -0.462582122342 -0.018149292406033 9.7124244640214 -0.0063639290879754 -0.0028273368324856 -0.00071617298849326 -0.0063714500069674 -0.0028380803480906 -0.00059580818270306 0.30413977050034 0.029698484809835 4 14 4 4 6
48.988073662598 8.4781450611665 184.85620117188 0.006569 0.017265 0.051769326794897 0.22213156194939 3.2003476985506 3.2081108137414 -0.027736306153753 -0.0080387009046951 -0.39717887188573 -0.44551528008553 9.695785674705 -0.23086679423212 -0.50611087103213 9.6982956358917 0.0084912549071053 0.0010836658577255 -0.15589623546453 0.0058160894850232 0.0020582147471734 -0.15600515479331 0.31250759990759 0.031827660925679 4 10 4 4 0
48.98804117865 8.4779695915095 184.79083251953 0.028201 0.020558 0.3455873267949 2.0498509064509 5.6080355370028 5.9708676127889 -0.026814917327366 -0.0031979112089874 -0.53765650411339 0.15591888623968 10.257575998608 -0.33132749937374 -0.13318673401384 10.266697594147 0.00041739048784356 0.0079763903064826 -0.0065328469130516 0.00029044494459336 0.0081574665928585 -0.0063147098309879 0.31872872478018 0.032526911934581 4 10 4 4 0
48.98808156189 8.4782685666183 184.96041870117 -0.009363 0.021039 0.2742143267949 0.3941587963766 1.4508348380422 1.5033718431411 0.011674610745848 0.03671433305361 -0.73818185825118 -0.11987557521603 9.7988319485887 -0.53792789238515 -0.023063648127324 9.8125974198969 0.0085733894987106 0.010773194324246 0.020258898421619 0.0089812698263537 0.010973885714768 0.019968926786465 0.31250759990759 0.032526911934581 4 13 4 4 0
48.988073137638 8.4781363534105 184.84785461426 0.005062 0.017082 0.083191326794897 0.34859807662627 3.2144160385367 3.233285666504 -0.05074728707147 -0.004178142898772 -0.33195785812199 -0.96769107189502 9.7935103246216 -0.14976581139447 -1.029237977583 9.7924058340099 -0.018556291683048 -0.027816894746756 -0.16025323264396 -0.02154734542901 -0.026802064198826 -0.16002407250021 0.31391877930446 0.030413812651491 4 10 4 4 0
48.988071957506 8.4781228596878 184.81860351562 0.020354 0.025643 0.1341663267949 0.51202181542226 3.3288302674655 3.3680083596603 -0.031243529927975 -0.023528145090456 -1.0240073176859 -0.10506072173471 9.8890639829072 -0.76378654339547 -0.30684835471103 9.9084661546524 0.0032540902519915 -0.014442691153907 -0.15881382170689 -0.00093229327121658 -0.01119983409923 -0.15910943140349 0.31391877930446 0.030413812651491 4 11 4 4 0
48.988073729633 8.4781758908173 184.91009521484 -0.004436 0.018326 -0.0091526732051033 -0.059260271342952 2.9225276739589 2.9229860677351 0.030367436775859 0.0066458396598223 -0.76583798239421 -0.39131804117757 9.6814969052791 -0.57731842978367 -0.3348299500098 9.696679403612 0.024136491510293 -0.020216353504047 0.011973188624276 0.024339159039214 -0.020180180885172 0.011620371590759 0.31250759990759 0.031827660925679 4 11 4 4 0
48.988074024605 8.4781673604667 184.8910369873 -0.009478 0.022236 -0.0072146732051033 0.016703174026004 3.0309803199144 3.0310502190718 -0.026540860008754 0.048366362468398 -0.7155843071085 -0.63511779843787 9.5664872740921 -0.5012433892855 -0.54773141302064 9.5856006980466 -0.0050070285538691 -0.0022161678000941 -0.070615432424279 -0.0065802894829072 -0.0028441772729452 -0.070465932431206 0.31250759990759 0.031827660925679 4 11 4 4 0
48.988076051767 8.4782315404471 185.07012939453 -0.006839 0.02072 0.1761693267949 0.375126890308 2.2090637265962 2.2408032070094 0.0012579469966179 0.054165180109723 -0.52202438146865 0.34460085889832 9.2287762768891 -0.33378899812818 0.40384019299868 9.2350475168358 -0.010154491323903 0.0043901403606022 0.12858422646388 -0.0075333256045414 0.0052134862249613 0.12873860426593 0.31524117751334 0.035355339059327 4 14 4 4 0
48.988070336396 8.4781087788618 184.79067993164 0.020893 0.029209 0.1846163267949 0.73133639715471 3.5997479514686 3.6733720617638 -0.023432255863646 -0.019424662299221 -1.3870384480382 -0.32151290760385 9.4608272272001 -1.1101212499476 -0.51366858240935 9.4889149813338 0.015104087707904 -0.0035642936411885 -0.16307739277593 0.01032800018329 -0.00024893386942779 -0.16349476275606 0.31391877930446 0.030413812651491 4 11 4 4 0
48.988084824981 8.478286063664 184.89794921875 -0.009212 0.015637 0.2821163267949 0.25320804251205 0.88569721207884 0.92117533933804 0.0031559072922001 0.048117371316101 -0.84495631468926 -0.079494441715353 9.9306264908962 -0.69093771958588 0.013299371059806 9.9428503709088 0.0022674376538007 0.0023698795062951 0.0041136959339098 0.0023305808417575 0.0024080107246594 0.004056287471667 0.30968532415986 0.031112698372208 4 13 4 4 6
48.988074682647 8.4782144279776 185.04258728027 -0.003314 0.00775 0.1024793267949 0.21773149721095 2.5020575726192 2.5117110484214 0.016670688648896 0.029617441123625 -0.51333527717299 0.66827201474947 9.6282175164919 -0.44074388536982 0.70036798971788 9.6296585564336 -0.0005476884249477 0.0025305329960984 0.15769868975675 0.00064253903587312 0.0030533609926641 0.15768633089828 0.31316768671113 0.033241540277189 4 13 4 4 0
48.9880779876 8.4782471365094 185.07051086426 0.001919 0.020123 0.2294543267949 0.43338888866704 2.0256269380216 2.0713401859106 0.028152821399766 0.083093758336411 -0.75579898457963 0.38050238500909 9.7028964859342 -0.56729498313702 0.37359065809194 9.7162414831529 0.018993506647617 0.012256632274889 0.088266908809915 0.020703311352075 0.012195825664486 0.087898253768732 0.31524117751334 0.035355339059327 4 14 4 4 0
48.988073930617 8.4781994989036 184.98760986328 -0.011732 0.0044 0.041679326794897 0.096569616454321 2.6689868539455 2.6706730073593 -0.0041689283657534 0.037024673357751 -0.39165216066323 -0.22206803878049 10.537588333914 -0.34337349429291 -0.10768771401834 10.541521906472 -0.017192881592802 -0.0053399132863322 0.12385907229198 -0.016630164743617 -0.003982326038197 0.1239775272637 0.31316768671113 0.033241540277189 4 12 4 4 0
48.988071359074 8.4781170645701 184.80790710449 0.019949 0.027103 0.1550773267949 0.60973787902966 3.4231072771188 3.4768923016151 -0.04030886913673 -0.032034176896484 -1.2171379604962 -0.3818772532424 9.8595497802184 -0.94438775246356 -0.57951965963524 9.8798761472023 0.0027708911439176 -0.012577515185001 -0.16584276507108 -0.0018202276976663 -0.0092494875815706 -0.16607453655947 0.31391877930446 0.030413812651491 4 11 4 4 0
48.98805678386 8.4780377537682 184.73141479492 0.017712 0.030538 0.3290353267949 1.7898275566052 5.0653806187844 5.3720942585847 -0.045514999902082 -0.02712496444165 -1.6836183703196 0.24176918216569 10.030996437998 -1.3875567762071 0.055622787049347 10.079126757879 -0.013759022335278 0.018525855974684 -0.037664381793588 -0.014858711330456 0.019215262218365 -0.036895164353862 0.31665280671423 0.031112698372208 4 10 4 4 0
48.988072807458 8.4781315705289 184.83779907227 0.007272 0.020094 0.1009883267949 0.46400624821258 3.2306666466271 3.2622011339375 -0.10420340651155 0.00053821543811068 -0.4770928741342 -0.60685040647224 9.8345349951968 -0.26278226850916 -0.70951359029233 9.8376050185303 -0.051681708515855 -0.031245732049921 -0.16994310784911 -0.055368940294273 -0.029492219367821 -0.16907550836995 0.31391877930446 0.030413812651491 4 10 4 4 0
48.988086201724 8.4782929863721 184.82165527344 -0.016517 0.010467 0.2829533267949 -0.0053696933263142 -0.0076872052297793 -0.0088808713546753 0.003009528466853 0.031297542911964 -0.16648455388656 -0.17114679566742 9.7795561092501 -0.064857301085612 -0.0094964827808138 9.7822506066287 0.00021649800442038 0.00138879561378 -0.00086396888912465 0.00020712176039091 0.0013743704268978 -0.0008890252767948 0.30413977050034 0.029698484809835 4 14 4 4 6
48.988059887487 8.4780514940971 184.73843383789 0.013027 0.025731 0.3174303267949 1.6343369395193 4.7676799400357 5.0398297242029 -0.047549401275796 -0.070872013399944 -1.8937587279093 -0.14100177838244 9.6368114406245 -1.6256038837944 -0.28102068851214 9.6826370226419 -0.025369104265224 -0.03722930111521 -0.057874681459502 -0.026976034052779 -0.036390249649373 -0.057681076890966 0.31665280671423 0.031112698372208 4 11 4 4 0
48.988066020961 8.4780821658597 184.74678039551 0.022049 0.02242 0.2663233267949 1.1777921326912 4.1145542684155 4.2797857819708 -0.022265016666603 0.046539974209379 -1.4062851271734 0.10991461549635 10.003395092927 -1.2039605868422 -0.10349836078992 10.030031547477 0.01491555048042 0.035564791114929 -0.12663994082995 0.012345908279223 0.038272979525132 -0.12609158647558 0.31665280671423 0.031112698372208 4 11 4 4 0
48.988073635853 8.4781797915301 184.92582702637 0.00059 0.014492 -0.0055346732051034 -0.061134421317392 2.8706122413753 2.8709847900948 0.040115259696678 0.004856163838678 -0.58621019444424 0.13356779943979 9.7875922399459 -0.42473563615965 0.1522528802412 9.7963508023363 0.043622964920201 -0.035452009302331 0.0309444640574 0.044109516136618 -0.03541712983758 0.030284257540262 0.31250759990759 0.031827660925679 4 11 4 4 0
48.988086016146 8.4782922634928 184.82577514648 -0.014349 0.012397 0.2830363267949 0.070179801713738 0.2274655589127 0.23801390853494 -0.0038959922456784 0.041427863157984 -0.8597183852621 -0.12945220850695 9.7157608155087 -0.74022700144609 0.0053495638831831 9.7264401217047 -0.0082699617623378 0.0018228853249646 0.0022767596485356 -0.0082414437316386 0.0018549083463466 0.0023528113129427 0.30696090956342 0.029698484809835 4 14 4 4 6
48.988076797432 8.4782378787406 185.0574798584 -0.006916 0.017746 0.1995483267949 0.40967679948746 2.1526652613537 2.1912817387691 0.011675788831438 0.0027387340287112 -0.41933588754201 0.014105839265066 9.9679297273446 -0.23467192222656 0.08702511210252 9.9736393619936 0.0050312202573067 -0.014860194056715 0.10768894471278 0.007033038405637 -0.014072272003713 0.10769163575312 0.31524117751334 0.035355339059327 4 14 4 4 0
48.988073814904 8.4781954307988 184.9796295166 -0.009714 0.005047 0.027811326794897 0.096579313645526 2.7080695834043 2.7096203474741 -0.03719166911396 -0.018672377104677 -0.37899478463514 0.13184999151891 9.8044851008922 -0.31613255804864 0.19763043732247 9.8063654958854 -0.054533116230135 -0.025510057791534 0.10294664860591 -0.053878284669864 -0.024805666540399 0.10345241267228 0.31316768671113 0.033241540277189 4 12 4 4 0
