49.010928823915 8.414577734235 116.02725982666 -0.015716 0.014701 -0.095480673205103 -0.0016490330705886 0.0018783622734902 0.0020270601981754 0.0014623995691026 -0.002968982789357 -0.13896788978164 -0.15316798067967 9.8031255952331 0.0048329082291617 0.0010344963954227 9.8053055393314 0.00028092130632261 0.00060609400667948 0.0004176848829809 0.00028686815035789 0.00061258445678022 0.0004039319232096 0.019798989873223 0.011313708498985 4 11 6 6 6
49.010928745643 8.4145779593905 116.04817962646 -0.015273 0.014596 -0.095570673205103 -0.0092022294727213 0.0047554677764341 0.0056117557393153 0.0087065286283596 1.9063872697925e-07 -0.14686925237351 -0.15043275378892 9.8103072715802 -0.0035029542496283 -0.00032247426514494 9.8125592380629 0.00042884217196167 -0.00012569869046858 -0.00029332966546988 0.00042456105025392 -0.00013015629932835 -0.00029760494754937 0.019798989873223 0.010630145812735 4 11 6 6 6
49.010928878928 8.414577803774 116.02053833008 -0.015827 0.014656 -0.095619673205103 0.0014689170889306 0.0042760248740435 0.0041163428850383 -0.0018702447199824 -0.0046071576028308 -0.14617926378059 -0.1543772495302 9.8083388286534 -0.0021857233296546 0.00082646469035992 9.8106424472973 -0.0001056082286943 -0.00029561578540188 -0.00076424146078726 -0.00011674296109621 -0.00030766235676556 -0.00075784189320847 0.019798989873223 0.010630145812735 4 11 6 6 6
49.01092876103 8.4145778049761 116.04551696777 -0.015438 0.014478 -0.095685673205103 -0.0077547858170449 0.0010470325544103 0.0017832872597511 0.0076192421657354 0.00015790364510538 -0.14655610332415 -0.15582985428396 9.8063141624004 -0.004235288380892 -0.0044373290719428 9.8086449960878 7.9405365307783e-05 -0.00047575292170525 0.00045778677795772 8.6121889719352e-05 -0.00046860964701372 0.0004638466865423 0.020518284528683 0.011313708498985 4 11 6 6 6
49.01092875005 8.414577642324 116.05583190918 -0.015536 0.014609 -0.095386673205103 -0.0050745477629777 -0.0014855930066002 -0.0009955439288512 0.0051929695630074 0.000823199431781 -0.13634849598142 -0.15106169036623 9.8055104151455 0.0070166267390872 0.0012932918667779 9.8076192690216 8.3054766826658e-05 -0.00016621412107501 -0.00027869125401992 7.900264697584e-05 -0.00017050890355832 -0.0002772638202837 0.019798989873223 0.011313708498985 4 11 6 6 6
49.010928708044 8.4145779214531 116.05526733398 -0.015331 0.014595 -0.095525673205103 -0.011314520690097 0.0031866599377814 0.0042514400841338 0.010958941481145 0.0029811251611954 -0.14118959470151 -0.15602827182938 9.8053165433735 0.0018709044116975 -0.0058837998567945 9.8075722053424 -0.00028316963337048 0.00015817331487071 0.00016225113650666 -0.00028081706269166 0.00016066592137355 0.00016391717258592 0.019798989873223 0.011313708498985 4 11 6 6 6
49.010928715376 8.4145776140323 116.03435516357 -0.015496 0.014447 -0.095896673205103 -0.0072475427969235 -0.002652190115438 -0.0019460207003738 0.00746819778594 -0.00051867992657936 -0.14150377380937 -0.15101908380889 9.8029813910646 0.00051839030454498 0.00072553777709469 9.8051656521033 -0.00021588725778389 -0.00062436955443477 0.00019022204959418 -0.00021297442578629 -0.00062135446896562 0.00020297481738605 0.019798989873223 0.011313708498985 4 11 6 6 6
49.010928725564 8.4145778509432 116.04942321777 -0.015403 0.014551 -0.095544673205103 -0.010062434664012 0.0014739651820041 0.0024273801006562 0.0098758739586553 0.00098579705535861 -0.14430575638647 -0.15571384387396 9.8074202339756 -0.0013279992392406 -0.0045480524678424 9.8097164168903 0.00023358842803282 -0.0004114389405149 0.00040821824720001 0.00023958703420541 -0.00040512265414525 0.00041105085358995 0.019798989873223 0.011313708498985 4 11 6 6 6
49.010928732622 8.4145778521714 116.04709625244 -0.015454 0.014601 -0.095539673205103 -0.0093932743193125 0.0017038030493724 0.0025923707075489 0.0091878273054313 0.00016604086365118 -0.13884246868229 -0.15326891889084 9.8026221687609 0.0041885731462135 -0.0018439414240211 9.8048024628439 -0.00010322520198824 0.00026088384075324 0.00059699050896332 -9.4579431793864e-05 0.00027005770471757 0.00059434399156631 0.019798989873223 0.010630145812735 4 11 6 6 6
49.010928795968 8.4145776605507 116.02794647217 -0.015681 0.014626 -0.095611673205103 -0.0036248958404848 -0.00029628101006855 5.1358068373065e-05 0.0036366258995301 -0.0026320720619426 -0.13981392740452 -0.15506508003469 9.806700462138 0.003406276064982 -0.0014611447782167 9.8089220592052 -0.00027979900874795 0.00044313868148673 0.00095491259756785 -0.00026590051411826 0.00045805829772972 0.00095185111922669 0.019798989873223 0.011313708498985 4 11 6 6 6
49.010928719285 8.414577924286 116.05289459229 -0.015296 0.014561 -0.095576673205103 -0.010648771609179 0.0034565677341434 0.0044564715533186 0.010270542489584 0.0019605816657806 -0.14192871890278 -0.15198760410966 9.8130971374419 0.0011939678322305 -0.0018567629442619 9.8152999906991 6.9524921325477e-05 -0.00026637991947885 -0.0010224521159837 5.470776830325e-05 -0.00028202250250599 -0.0010191278389269 0.019798989873223 0.010630145812735 4 11 6 6 6
49.010928865205 8.4145779459569 116.06490325928 -0.015533 0.014784 -0.095446673205103 -0.0011105788739214 0.0088822570626984 0.0089476516945053 0.00025953325845118 0.0031832722676351 -0.13674801043721 -0.15329144473403 9.8114585493752 0.0085660235195624 -0.00057159685583102 9.8136052699175 0.00060975007340194 -0.00034135952261645 -0.00094701270868472 0.00059574714071636 -0.00035601732915056 -0.00095050258928398 0.019798989873223 0.011313708498985 4 11 6 6 6
49.010928743513 8.4145776145064 116.03096008301 -0.015568 0.014566 -0.095750673205103 -0.0059345876195726 -0.002214382818002 -0.0016368331221159 0.006119117143576 -0.0015647438490794 -0.14628908963942 -0.15620740579892 9.8098929575659 -0.0035629842652258 -0.0034161058434073 9.8122259274775 0.00015492493265997 0.00040177956958461 2.7669601526247e-05 0.00015522219571007 0.00040215612035389 1.9149273905448e-05 0.019798989873223 0.010630145812735 4 11 6 6 6
49.010928708752 8.4145778794279 116.05379486084 -0.015383 0.01457 -0.095493673205103 -0.01132901359973 0.0018208060862501 0.0028928351152167 0.011103753602477 0.002399171234084 -0.14336776277888 -0.15599330640326 9.8072860738234 -0.00034881087433615 -0.005314304097955 9.8095728718867 -0.00023689628914016 -0.00013389881178964 0.00017445152441805 -0.00023429052699073 -0.00013121429345937 0.00017992737541522 0.019798989873223 0.011313708498985 4 11 6 6 6
49.010928750416 8.4145777694032 116.03913116455 -0.015409 0.014457 -0.095792673205103 -0.007663038085984 0.00013052266279881 0.00086264675281953 0.0076154485543965 -0.0016135323894027 -0.14051424833169 -0.15288513174718 9.8054170340229 0.0014510454112531 -0.0016801101840441 9.8076152531668 0.00014175182426045 -0.00023801474481302 -0.00042136181874808 0.00013573176025981 -0.00024445401402784 -0.00041965684186289 0.020518284528683 0.011313708498985 4 11 6 6 6
49.010928735487 8.4145776171172 116.03366088867 -0.015563 0.014548 -0.095839673205103 -0.0066246258621353 -0.0024279117879209 -0.0017827714775654 0.0068265772628136 -0.0005227959397014 -0.13827037523433 -0.15476512669992 9.8049057919788 0.0041623555395711 -0.0021939466147568 9.8071005772803 4.0005675515973e-05 0.00047182238604038 1.6236290249313e-05 4.0138966247435e-05 0.00047207245651845 8.2991083157311e-06 0.019798989873223 0.011313708498985 4 11 6 6 6
49.010928723236 8.4145778503745 116.05079650879 -0.015425 0.01458 -0.095574673205103 -0.010336839381343 0.0013923349807139 0.0023722549739004 0.010156830336434 0.001430209561731 -0.13833877011708 -0.15470680426541 9.8089692025096 0.0046870865844029 -0.0034727647377217 9.8111626941079 -7.7584017559163e-05 9.1988977843376e-05 -0.00020165239727944 -8.057637296299e-05 8.8872237539057e-05 -0.0002018986842536 0.019798989873223 0.011313708498985 4 11 6 6 6
49.010928709741 8.4145776382142 116.03302764893 -0.015448 0.014471 -0.095942673205103 -0.0075850499119239 -0.0024220701189726 -0.001684629525436 0.0077821202471755 -0.0015627672308752 -0.13813674655983 -0.15233566198232 9.806008751064 0.003795849345012 -0.00071533254387011 9.8081640754296 0.00024564288288121 5.8947041331781e-05 -0.00062067878815712 0.00023660706446539 4.9369419257414e-05 -0.00062498159803093 0.019798989873223 0.010630145812735 4 11 6 6 6
49.010928832271 8.4145780588546 116.05130004883 -0.015426 0.014687 -0.095611673205103 -0.004385808501653 0.0090589122132089 0.0094362618498642 0.0035008692301566 1.5265558840776e-05 -0.14168797940386 -0.15478020566036 9.8077195518874 0.0023265284788711 -0.0032063613850497 9.8099630502228 0.00041049384713929 0.00022673164441021 0.00010926810045274 0.00041195834836194 0.00022839128247223 9.971961667096e-05 0.019798989873223 0.010630145812735 4 11 6 6 6
49.010928713175 8.4145779215047 116.05404663086 -0.015296 0.014611 -0.095619673205103 -0.010877632196938 0.0032623518610743 0.0042855278301511 0.010516662378641 0.002438877957708 -0.14095768362515 -0.15054499096265 9.804240339978 0.0020944769496745 -0.00053602280356843 9.8064088835128 0.00010887277909109 0.00047535944519596 -0.00081020776156573 9.6915646974142e-05 0.00046292336662888 -0.00081890104023208 0.019798989873223 0.010630145812735 4 11 6 6 6
49.010928744136 8.4145777339447 116.03564453125 -0.01536 0.014471 -0.095886673205103 -0.0076724845786294 -0.00087217713105525 -0.0001338829549371 0.0077207395901713 -0.0022227085565886 -0.14412812556974 -0.15508109976164 9.8095809174614 -0.0021146546462603 -0.0040522732096752 9.8118639433175 0.00060250587445655 -1.753279581552e-05 -0.00043132907452052 0.0005962015162384 -2.4180344221685e-05 -0.00043971372011422 0.019798989873223 0.010630145812735 4 11 6 6 6
49.010928828853 8.4145780356612 116.05053710938 -0.01543 0.014614 -0.095600673205103 -0.0049016787973442 0.0083666559248877 0.0087962904408873 0.0040807647348997 -5.1124088561186e-05 -0.14576986343511 -0.15476880434862 9.8075658997279 -0.0020650967264912 -0.0032156761903501 9.8098691111836 0.00041956214649475 -0.00043744937805124 -0.00037997146637139 0.00041406420496425 -0.00044325096383647 -0.00037928637717021 0.019798989873223 0.010630145812735 4 11 6 6 6
49.010928747974 8.4145776339371 116.0549621582 -0.01557 0.014631 -0.095357673205103 -0.005166688147294 -0.0020352724404953 -0.0015339520540587 0.0053370401992722 0.00064173778056804 -0.14432986142855 -0.15628044387264 9.8077671081879 -0.00096239644164228 -0.0037360287645197 9.810073281746 -0.00020264648588676 0.00024739449656145 0.00018540034285192 -0.000199953509713 0.00025024803803726 0.00018447065171166 0.019798989873223 0.011313708498985 4 11 6 6 6
49.010928732048 8.414577937935 116.05083465576 -0.01532 0.014576 -0.095558673205103 -0.0099662970052135 0.0039281644615404 0.0048610432646155 0.0095460895819154 0.00093898128383941 -0.14466755232411 -0.15977691539257 9.8053761606076 -0.0015950703943859 -0.009627597863433 9.8077398027647 -0.00012841343092919 -0.00010490188733314 -0.00023431962968639 -0.00013180318650202 -0.00010848667841883 -0.00023077767426677 0.019798989873223 0.010630145812735 4 11 6 6 6
49.010928725338 8.4145776152466 116.03458404541 -0.015517 0.014544 -0.095857673205103 -0.0070239223976787 -0.0025821835122821 -0.0018980197119504 0.0072388298777386 -0.00040955130610899 -0.14073674420449 -0.15413383238769 9.8052478130476 0.0015558583876374 -0.0018687579192991 9.8074685707932 0.00023212463706345 0.00064065547633103 0.00024255894068061 0.00023546087824474 0.00064432396422033 0.00022918479542877 0.019798989873223 0.011313708498985 4 11 6 6 6
49.010928751286 8.4145776161256 116.03109741211 -0.015554 0.014586 -0.095751673205103 -0.0057720977076951 -0.0020951326443569 -0.0015336948941308 0.0059459616381077 -0.001554138773729 -0.13865460634039 -0.15509159660664 9.803323178515 0.0041988046062234 -0.0024651929464755 9.8055288887631 0.00036402030085892 0.00033944464280075 -7.7644723224135e-05 0.00036277893615036 0.00033819951330278 -8.8209072024976e-05 0.019798989873223 0.010630145812735 4 11 6 6 6
49.010928884264 8.4145778065142 116.0210723877 -0.015823 0.014671 -0.095591673205103 0.0017525876150827 0.0044715993737942 0.0042838920700859 -0.0021714094816075 -0.0042659719525256 -0.14006563607484 -0.15277459902577 9.8049560800762 0.0039602198515474 0.0023311929787232 9.8071452851221 -0.00010392430506042 -0.00015256746863243 0.00024683449480059 -0.00010026292358929 -0.00014861947230955 0.00025071335658315 0.019798989873223 0.010630145812735 4 11 6 6 6
49.010928725002 8.414577932767 116.05151367188 -0.015277 0.014573 -0.095555673205103 -0.010435718215135 0.0037633280896803 0.0047417545261607 0.01002908834244 0.0014350108015054 -0.13950583595235 -0.15280468771211 9.8076096269769 0.0035806743553652 -0.0027596427605236 9.8097908308591 0.00037522832161889 -0.00015206306672517 -0.00019215136998215 0.00037242840124064 -0.00015498247382963 -0.00019526167621882 0.019798989873223 0.010630145812735 4 11 6 6 6
49.010928870827 8.4145778139259 116.02007293701 -0.015778 0.014706 -0.095598673205103 0.0014956162808675 0.0048342276574824 0.0046694081009195 -0.0019501922952646 -0.0034719781482666 -0.14341144118721 -0.15690477367402 9.8086244150815 0.00058146575755462 -0.002369516711637 9.8109273971037 -0.00043202285612838 0.00057921667685531 -0.00014834994185984 -0.00043430299611616 0.00057677308777814 -0.0001511037213797 0.019798989873223 0.010630145812735 4 11 6 6 6
49.01092870209 8.4145779083252 116.05632019043 -0.015369 0.014591 -0.095470673205103 -0.011626918117512 0.0027353645355688 0.0038311482410388 0.011313254659609 0.0035111637399345 -0.14178807606987 -0.15242984526773 9.8030990404427 0.0013080639089988 -0.0019821277661215 9.8053089407517 -0.00030575993137798 2.7596216968982e-05 -0.0001165471949248 -0.00030741892457489 2.5834805311804e-05 -0.0001124738930333 0.019798989873223 0.011313708498985 4 11 6 6 6
49.01092877032 8.4145780040316 116.04905700684 -0.015335 0.014657 -0.095560673205103 -0.0078040935631101 0.0060831676602898 0.0067999438741258 0.0071881551866468 0.00021642446846482 -0.14391172912918 -0.15080039149456 9.8070271620025 -0.00030637941427166 -0.00023022236253633 9.8092422081827 0.00025196820442182 0.00039563324560337 -0.00026545044516911 0.0002479781448586 0.00039152192644986 -0.00027513074268518 0.019798989873223 0.010630145812735 4 11 6 6 6
49.010928748471 8.414577717014 116.03588104248 -0.015456 0.014503 -0.095872673205103 -0.0075564317407106 -0.0012999835218579 -0.00057090750953001 0.0076461536347874 -0.0012987047202675 -0.13642780037565 -0.15542039442357 9.8097342424997 0.0057767494126785 -0.0037762485831742 9.8119113762603 0.00019220025411295 0.00020807433709685 -0.00051391645355188 0.00018469181059046 0.00020012907714279 -0.00051978749779601 0.019798989873223 0.010630145812735 4 11 6 6 6
49.010928881959 8.414577805769 116.02121734619 -0.01583 0.014682 -0.095592673205103 0.0019813984675292 0.0045183636998369 0.0043085659970066 -0.0024037087372086 -0.003637094582648 -0.14474178545242 -0.15192307376996 9.8092007844373 -0.00081297547491643 0.0032427665171107 9.8114441824773 -0.00034433508135753 0.00030163034318257 0.00046994040398538 -0.00033745407949344 0.00030902825603152 0.000470097970767 0.019798989873223 0.010630145812735 4 11 6 6 6
49.010928868058 8.4145778130186 116.01875305176 -0.015822 0.014658 -0.095508673205103 0.0011574534957487 0.0046314479842559 0.0044999121451961 -0.0015939878118235 -0.0035948141889582 -0.13935934099064 -0.15301804813222 9.8085274955519 0.0044019288527091 0.0017162628227101 9.8107094264251 -0.00083537723202691 0.00014065188939203 0.00043266657798629 -0.00082894094432742 0.00014751972615467 0.0004425840663251 0.019798989873223 0.010630145812735 4 11 6 6 6
49.010928737747 8.4145779499625 116.04942321777 -0.015299 0.014594 -0.095511673205103 -0.0095267676320761 0.0044142250281184 0.0053028226175941 0.0090622638075152 0.00048418164001709 -0.14240008331688 -0.15140357950029 9.80674142277 0.00085281179459474 -0.0013426725932302 9.8089435038638 2.5679860123264e-05 -7.5277648080293e-05 0.00036527111242809 3.0980539273169e-05 -6.9666070679544e-05 0.00036597598026947 0.019798989873223 0.010630145812735 4 11 6 6 6
49.010928749532 8.4145776684143 116.0580368042 -0.01554 0.01464 -0.095457673205103 -0.0050828734118825 -0.00034798942505544 0.00013786933972991 0.0050929020117057 0.0015886082262634 -0.14283896872724 -0.15489568282855 9.8040001948051 0.00077716587471288 -0.0026455776030006 9.8062636653296 -0.00019115278521108 -9.2589809041839e-05 -0.00077596109299371 -0.0002024980790844 -0.0001045496177498 -0.00077154052579659 0.019798989873223 0.011313708498985 4 11 6 6 6
49.010928730507 8.4145776194792 116.03505706787 -0.01548 0.014513 -0.095869673205103 -0.0066486353683245 -0.0023325248914942 -0.0016853760248522 0.0068413828763221 -0.00026936564627274 -0.1403412603086 -0.15258857541844 9.8080327260064 0.0021492948663196 -0.0003863408396023 9.8102234290433 0.00069878838245724 -0.00019675374729938 0.00016104105291588 0.00070107997815479 -0.00019426106635409 0.00015389971346114 0.019798989873223 0.011313708498985 4 11 6 6 6
49.010928864885 8.4145777889012 116.02307891846 -0.015805 0.01467 -0.095524673205103 0.00032320698936804 0.0036764253740935 0.0036288380931946 -0.00067234610041814 -0.00383047449442 -0.14074210289784 -0.15181884586752 9.8057173846456 0.0031237827943595 0.0029256416765733 9.8079012891336 -0.00023718680505438 5.8865738512188e-05 -0.00021452763570492 -0.00024033612868241 5.5507994609867e-05 -0.00021193299231176 0.019798989873223 0.010630145812735 4 11 6 6 6
49.010928802833 8.4145776684814 116.02802276611 -0.015653 0.01465 -0.095663673205103 -0.0029964730300872 5.0815129650979e-05 0.00033676257273289 0.0029779272607531 -0.0026748470230955 -0.14400468605429 -0.14958763691069 9.8026409479256 -0.00072371924868619 0.003953586616877 9.8048388947203 0.00024739992794585 0.00066360076374234 -0.00033584831593252 0.00024230539299433 0.00065828504719954 -0.00034979066448709 0.019798989873223 0.011313708498985 4 11 6 6 6
49.010928708135 8.4145778740757 116.05339813232 -0.015348 0.014572 -0.095545673205103 -0.0111914940918 0.0018398554558954 0.0028988679648931 0.010964996772981 0.002373176023166 -0.13876440675378 -0.15266993693664 9.8064464373794 0.0041883329475816 -0.0019647360340784 9.8086154780449 0.00041413993490716 3.6244345089934e-05 -0.0004237530808845 0.00040788555211971 2.9765132185008e-05 -0.0004302428008939 0.019798989873223 0.011313708498985 4 11 6 6 6
49.01092887901 8.4145779890223 116.0629196167 -0.015618 0.014824 -0.095436673205103 -0.00075015492774884 0.0099220322513908 0.0099483676676358 -0.00019855380618795 0.0024358927041937 -0.14210035876043 -0.15727165319165 9.8083271481716 0.0032359488669041 -0.0042816033085755 9.810615699883 -0.00034540710274485 0.0002549854012463 -0.00022903476612378 -0.0003488094974892 0.00025138220454939 -0.00022784756997707 0.019798989873223 0.011313708498985 4 11 6 6 6
49.010928778271 8.4145777397423 116.06309509277 -0.015537 0.014733 -0.095368673205103 -0.0038321738956663 0.0024698110284168 0.0028234236374948 0.0035796307862658 0.0029217726363865 -0.14611925903736 -0.15434946291193 9.8048433982748 -0.0017812939273252 -0.0018854894005635 9.8071463692612 0.00032657078457811 0.00023731001619809 -0.00054470662671127 0.00031846316213039 0.00022881518980922 -0.00055308358878935 0.019798989873223 0.010630145812735 4 11 6 6 6
49.010928740239 8.4145777255176 116.03602600098 -0.015385 0.01451 -0.095828673205103 -0.0080596488803362 -0.0011711919518194 -0.00039447418440825 0.0081347429483703 -0.0016746415669166 -0.13960208121886 -0.15368221420555 9.8060631585649 0.0025553274523022 -0.0026997190113309 9.8082601662459 0.00022504140009029 0.00031507440162353 0.0004806869669601 0.00023190954142151 0.00032240331920999 0.00047246373012484 0.019798989873223 0.010630145812735 4 11 6 6 6
49.01092889976 8.414578058563 116.06055450439 -0.015586 0.014796 -0.095555673205103 -0.00080637633699339 0.011206251783907 0.011232062903559 -0.00026655366540225 0.0019474686564959 -0.13928948735373 -0.15024054486251 9.8034794074508 0.0058007974113298 0.002629984534309 9.8056181497105 5.0883092823576e-05 6.0368709237753e-05 0.00023481668647319 5.4345491468187e-05 6.4029955277724e-05 0.00023303684174724 0.019798989873223 0.010630145812735 4 11 6 6 6
49.010928702844 8.4145776226642 116.03472900391 -0.015455 0.014543 -0.095952673205103 -0.0079784611489687 -0.0026368780016948 -0.0018605514787321 0.008194345442056 -0.00044359596474108 -0.14419763809044 -0.15355618356824 9.8003977480777 -0.0020298275825795 -0.0019588670775407 9.8026608314594 0.00026470833887818 0.00072396551453412 -0.00036194560914098 0.00025930452785031 0.00071825926484929 -0.00037691483353283 0.019798989873223 0.010630145812735 4 11 6 6 6
49.010928779384 8.414577640521 116.02831268311 -0.015628 0.014538 -0.095675673205103 -0.0040979845153917 -0.0010012940798594 -0.00060519410514295 0.004174901836013 -0.0025294518730015 -0.14552206916735 -0.15452426441914 9.8070019369603 -0.0025070146049885 -0.0012893523944279 9.8092987849375 2.2979628176997e-05 -0.00074245755059096 -2.9225232011004e-05 2.2717933251666e-05 -0.00074281208258342 -1.7912976946758e-05 0.019798989873223 0.010630145812735 4 11 6 6 6
49.010928741419 8.4145777053725 116.03580474854 -0.015491 0.014521 -0.095809673205103 -0.0074355519235596 -0.0012519160521155 -0.00053477288204191 0.0075212205467741 -0.00088618859236598 -0.14448565152597 -0.15654817542403 9.8077466417636 -0.0022194722822554 -0.0047020344250092 9.8100586327439 -0.00013246972100302 0.00038170177543316 0.00026412274287842 -0.00012868694855593 0.00038576676568573 0.00026009398606745 0.019798989873223 0.011313708498985 4 11 6 6 6
49.010928862769 8.4145780777477 116.05603027344 -0.015527 0.014731 -0.095595673205103 -0.0027476730815007 0.010581211510441 0.010795234129906 0.0017247158831243 0.001108945522509 -0.14646627415963 -0.15388966896346 9.8101486491818 -0.0019199756586598 -0.0013901844385432 9.8124482780119 0.00022133511156987 0.00011858766004287 0.0006392163100647 0.00023071143756625 0.00012853711427968 0.00063396081773002 0.019798989873223 0.011313708498985 4 11 6 6 6
49.010928704242 8.4145778821126 116.05394744873 -0.015393 0.014587 -0.095518673205103 -0.01142844354285 0.001948943942339 0.0030298113080039 0.011190529890009 0.0023994602346639 -0.14006460197633 -0.15419055654161 9.8047840260451 0.0029137217415478 -0.0035398744349711 9.8069952394273 -0.00041340702470596 0.00022872032900225 -0.00035073510407096 -0.00041854105202025 0.00022327518230248 -0.00034815861336906 0.019798989873223 0.011313708498985 4 11 6 6 6
49.010928831347 8.414577755821 116.02590942383 -0.015751 0.014689 -0.095542673205103 -0.0011699565840189 0.0028374494788626 0.0029360570812105 0.00089412646640547 -0.0032721861710859 -0.13947117391878 -0.15022544365107 9.8050331334797 0.0045130978512077 0.0042492483561715 9.8071736276223 9.1264961291369e-05 0.00017489879802209 -0.0011691459107204 7.403870694187e-05 0.00015646211637354 -0.0011729706699804 0.019798989873223 0.011313708498985 4 11 6 6 6
49.010928723157 8.4145776560709 116.03285217285 -0.015446 0.014436 -0.095866673205103 -0.0072083367535262 -0.0021533170475742 -0.0014533929663594 0.007381364774269 -0.0016977419649658 -0.14163844793738 -0.15185706497189 9.8107713139174 0.00035813898509165 -1.3408051928388e-05 9.8129689445273 0.00045210300187893 -0.00054525944020064 0.00024804720272906 0.00045578901451524 -0.00054136044888495 0.00024988895514676 0.019798989873223 0.011313708498985 4 11 6 6 6
49.010928728812 8.4145778512218 116.04807281494 -0.015456 0.014599 -0.095585673205103 -0.0098617662559114 0.0014729753301632 0.0024074036817143 0.0096761823660036 0.00057717561323198 -0.14200384643699 -0.15150488547826 9.8057369278152 0.0010044668020039 -0.0002111533376437 9.8079350218047 -0.00039939804503256 0.00035554043705638 -2.6371712972157e-05 -0.00039983223731601 0.0003551042378279 -2.6022633648876e-05 0.019798989873223 0.011313708498985 4 11 6 6 6
49.010928900289 8.4145780701721 116.06128692627 -0.015607 0.014775 -0.095488673205103 -0.00077749583196409 0.011252736978333 0.011275585909074 -0.0002995206586514 0.0021230421775592 -0.14324022033987 -0.1552430370791 9.8100612478471 0.0018347313690366 -0.0021609015966642 9.8123347144044 -0.00010806264910886 -0.00011858820754272 0.0010814048132215 -9.2061995114909e-05 -0.00010169901563822 0.0010845867053235 0.019798989873223 0.010630145812735 4 11 6 6 6
49.010928742919 8.4145777300368 116.03559112549 -0.015401 0.014483 -0.095935673205103 -0.0077974546426182 -0.00090575478378402 -0.00015516844901615 0.0078483489208873 -0.0020957391055641 -0.13927776188545 -0.1528665328459 9.807286813491 0.0027186865879567 -0.0018019252732114 9.8094661109536 6.8341845675662e-05 0.00018037183161764 -0.00093729425942589 5.4715128767949e-05 0.00016589230818862 -0.00094087651659063 0.019798989873223 0.010630145812735 4 11 6 6 6
49.010928826347 8.4145778430441 116.06571960449 -0.015584 0.0148 -0.095372673205103 -0.0022890733320427 0.0060236150301259 0.0062141367236856 0.0017053569052755 0.0036777577582476 -0.13796278040055 -0.15212534353456 9.8072404203186 0.0070682901065435 0.00076961757971923 9.809387808429 0.00015965202459699 0.0003138457474029 -0.00094238556570718 0.00014562883334727 0.00029910328295228 -0.00094939909967264 0.019798989873223 0.010630145812735 4 11 6 6 6
49.010928780235 8.4145780068626 116.04916381836 -0.015335 0.014626 -0.095536673205103 -0.0073163329091296 0.0064265076556533 0.007095185634418 0.0066698677319687 -2.2729335961432e-05 -0.14264936461784 -0.15429090807089 9.8072144253736 0.00097564366766453 -0.0036270559854263 9.8094644642384 0.00035853000014996 -0.0002181741806628 0.00012035848883893 0.00036028775102689 -0.00021632870600778 0.0001184018394928 0.019798989873223 0.010630145812735 4 11 6 6 6
49.010928740072 8.4145777017176 116.03572845459 -0.0155 0.014478 -0.095858673205103 -0.0071319826975663 -0.0013087080342607 -0.00062031324524924 0.0072244818569741 -0.00094080335091491 -0.1446209946168 -0.14961877435287 9.8054422017504 -0.002469117988931 0.0020798907591009 9.8076494066484 -0.00047705688219004 -0.00022521420755522 -0.00051401583176298 -0.0004843761870937 -0.00023317160388337 -0.00050349320189813 0.019798989873223 0.011313708498985 4 11 6 6 6
49.010928743498 8.4145777208681 116.03553771973 -0.015436 0.014488 -0.095818673205103 -0.008124674842014 -0.0013449819835674 -0.00056148385532705 0.0082160850222129 -0.001448813396476 -0.1416833555375 -0.15277648465513 9.8063356294419 0.00035933872794853 -0.0013959607935045 9.8085489037445 0.00013664200611708 0.00012767646194282 0.00012591976943252 0.00013841956372223 0.00012961952746935 0.00012193384385992 0.019798989873223 0.010630145812735 4 11 6 6 6
49.010928870362 8.4145778112909 116.0199432373 -0.015745 0.01465 -0.095542673205103 0.0016529913555406 0.0047704445512615 0.004590880847383 -0.0021007936287632 -0.0036502516191021 -0.13894997160619 -0.15401330454171 9.8060475528932 0.0048849054893767 0.00055679097638903 9.8082399034109 0.00023392736191039 -0.00018735734560089 0.00091952261194899 0.00024741353243034 -0.00017286341877443 0.00091881888410638 0.019798989873223 0.010630145812735 4 11 6 6 6
49.010928706051 8.4145776194402 116.03533172607 -0.015495 0.014504 -0.095912673205103 -0.0076142396514895 -0.002657556349759 -0.0019159742345717 0.0078337926209202 1.3984668220513e-05 -0.14388151433809 -0.1581266972737 9.8068691149161 -0.0018285159992929 -0.0062949014045495 9.8091971671086 -0.00018027157096604 0.00042495912425089 0.00044737980386793 -0.00017387956569177 0.00043184558895227 0.00044328470651954 0.019798989873223 0.011313708498985 4 11 6 6 6
49.010928708134 8.4145776302041 116.03291320801 -0.015453 0.014485 -0.095896673205103 -0.0077372074213061 -0.0026155044356243 -0.0018627325629048 0.0079520749474278 -0.0011007169618517 -0.14140315218751 -0.15421611855291 9.8061946174478 0.00049849203339022 -0.0026079286155873 9.8084260618849 0.00020064386717813 0.00029781671380886 -0.00010580266201161 0.00019904099927112 0.0002961438151933 -0.00011329933913323 0.019798989873223 0.010630145812735 4 11 6 6 6
49.010928735946 8.4145776732199 116.03300476074 -0.015473 0.014478 -0.095860673205103 -0.0070810922388418 -0.0017558820535085 -0.0010701550680566 0.0072166323075651 -0.0017073468688471 -0.14101730241943 -0.15236534321267 9.806642867915 0.0010242947460375 -0.00043126858605988 9.808839943509 0.00034849448651337 5.6283112738336e-05 -7.238482054146e-05 0.00034741592805616 5.5162835967944e-05 -7.8293257379679e-05 0.019798989873223 0.011313708498985 4 11 6 6 6
49.010928755924 8.4145778194434 116.04773712158 -0.015454 0.014524 -0.095717673205103 -0.007937629798767 0.0012266668729968 0.0019793139312886 0.0077841533867372 0.00085761799795421 -0.14544976571645 -0.15316117293584 9.809564204093 -0.0027653053417302 -0.0015659224031921 9.8118374531915 7.2770134837189e-05 -0.00021209304324478 -0.00067292771581647 6.3039881494605e-05 -0.00022246729645513 -0.00067054694219031 0.019798989873223 0.010630145812735 4 11 6 6 6
49.010928706385 8.4145776296154 116.0330657959 -0.015459 0.014434 -0.095864673205103 -0.0077879006835632 -0.0026814572631029 -0.0019236068831806 0.0080088297834124 -0.0012725945017321 -0.14159978497773 -0.1535328714249 9.8057198327443 0.00017383134025443 -0.0020376997000068 9.8079436755072 -0.00016539088676778 -0.00034134417665219 0.00026955002462662 -0.00016140227604058 -0.00033714392570663 0.000277144454437 0.019798989873223 0.010630145812735 4 11 6 6 6
49.010928764579 8.4145776224716 116.02954864502 -0.015644 0.014598 -0.095671673205103 -0.0048221056452306 -0.0016562289774115 -0.0011877454643256 0.0049583358686362 -0.0020522238814529 -0.13924512654713 -0.1554828152306 9.8051106650706 0.0039267697048062 -0.0023866346939321 9.8073307822599 -0.00049379706515183 -6.5677994561581e-06 0.00095759553494077 -0.00047976308535132 8.4318673201095e-06 0.00096469258109383 0.019798989873223 0.010630145812735 4 11 6 6 6
49.010928867083 8.414577815537 116.01917266846 -0.015766 0.014664 -0.095550673205103 0.0012888556169944 0.0048893272038391 0.0047440295530483 -0.0017495314002856 -0.0035293054108542 -0.13813626446137 -0.15232779856288 9.8054058115062 0.0057339102881622 0.0022124608077776 9.8075599317357 -0.00011284443243396 -1.7491176498056e-05 0.00015245447579973 -0.00011060838355541 -1.5091590457295e-05 0.00015433540097434 0.019798989873223 0.010630145812735 4 11 6 6 6
49.010928804287 8.414577791472 116.06493377686 -0.01559 0.014793 -0.095337673205103 -0.0030137938644467 0.0043068172967053 0.0045740942193618 0.0025902400148967 0.0035301388022011 -0.13807815649074 -0.1467704403219 9.8044784751051 0.0067002076100251 0.0059891524126346 9.8065449912453 -9.7359052585779e-05 0.00052377252047212 -0.00055615341055878 -0.00010570201114573 0.00051504488673379 -0.00056274079865355 0.019798989873223 0.010630145812735 4 11 6 6 6
49.010928826541 8.4145777464551 116.02639007568 -0.015728 0.014667 -0.095494673205103 -0.0015150787837915 0.002458080279751 0.0025913205527709 0.0012738512900385 -0.0028998828960111 -0.13934769107692 -0.15543126107596 9.8117154650664 0.0045543778328968 -0.00099453313412312 9.8139346401463 0.00018179082229984 9.6194943684781e-05 -0.00037202900509925 0.00017627932434808 9.0359755570425e-05 -0.0003761012130939 0.019798989873223 0.011313708498985 4 11 6 6 6
49.010928721974 8.4145778533287 116.05132293701 -0.015423 0.014566 -0.095538673205103 -0.010489975984527 0.0014099503712773 0.0024043697186496 0.010307594831491 0.0015839583241062 -0.1462425083956 -0.15560197155805 9.8062349745775 -0.003177149046738 -0.0045332709599896 9.8085579061953 -0.00025552841437924 -0.00029126485519183 0.00038711855711944 -0.00024982500240665 -0.00028526236059736 0.00039522806079636 0.019798989873223 0.011313708498985 4 11 6 6 6
49.010928833363 8.4145778614032 116.06620025635 -0.015627 0.014796 -0.095322673205103 -0.0018235665491241 0.0065522000182467 0.0066960279755016 0.0011915856206554 0.0036205809283267 -0.13924306758664 -0.15445848769505 9.8041300442504 0.005861159336389 -0.0015350516832111 9.8063333718485 -0.0005065494036541 -1.9810618680257e-05 0.00010955717802727 -0.00050485310474395 -1.8085840134509e-05 0.00011733818120948 0.019798989873223 0.010630145812735 4 11 6 6 6
49.010928703264 8.4145779034978 116.05539703369 -0.01537 0.014587 -0.095475673205103 -0.011597867572647 0.0024500829803954 0.0035444130176887 0.011311525233584 0.003041116481145 -0.14521285423038 -0.15781665137466 9.8095145742837 -0.0020048467534982 -0.0071152363082393 9.8118558976237 -3.1029375327289e-05 -8.7246328462043e-05 -0.00016764848662583 -3.3468378992068e-05 -8.9810475321982e-05 -0.0001658210848644 0.019798989873223 0.011313708498985 4 11 6 6 6
49.010928869124 8.4145780809114 116.05651092529 -0.015593 0.014744 -0.095630673205103 -0.0025159567313507 0.010732030264942 0.010923231233719 0.0014797146544419 0.0014831554242493 -0.13810590320218 -0.15488777090572 9.8060431299831 0.0065868148026381 -0.0022268678857248 9.8082361464422 -0.00046618140791257 -2.0377579081876e-05 -7.000963185634e-05 -0.00046714505547741 -2.1435607846105e-05 -6.2792050493131e-05 0.019798989873223 0.011313708498985 4 11 6 6 6
49.010928771345 8.41457772222 116.06196594238 -0.015582 0.014712 -0.095400673205103 -0.0042369960157273 0.0018890655917647 0.002283786061136 0.0040379343243184 0.0027937106222565 -0.13737322244712 -0.15026593200426 9.8060902849053 0.0068750626272216 0.002291729970008 9.8082008245051 -0.0003599516095219 8.6207907532333e-05 -0.0013753944597531 -0.00038014796729588 6.4754251528227e-05 -0.0013711296506601 0.019798989873223 0.010630145812735 4 11 6 6 6
49.010928718951 8.4145778581377 116.05209350586 -0.015368 0.014567 -0.095560673205103 -0.010509777788846 0.0014746721156942 0.0024704610541043 0.010321188703459 0.0020046403795467 -0.14232919270167 -0.15392214398565 9.8102089823814 0.00072231697653488 -0.002940700999963 9.8124483624661 0.0004482782680604 -0.00013597546395451 -0.00038647628108433 0.00044262370291316 -0.00014188918838313 -0.00039087016253648 0.019798989873223 0.011313708498985 4 11 6 6 6
49.010928838946 8.4145778778619 116.06583404541 -0.015604 0.014781 -0.095275673205103 -0.0017049106853597 0.0069109530784213 0.0070418154371468 0.0010396300924222 0.003625459915146 -0.14232854285447 -0.15514505904285 9.8067291542286 0.0028843721375685 -0.0022498999385125 9.8089880853179 -0.00021494463302644 -0.000385829981585 0.00021746492689419 -0.00021161830743593 -0.00038238333072678 0.00022663594335488 0.019798989873223 0.011313708498985 4 11 6 6 6
49.010928757479 8.4145777986776 116.04468536377 -0.015469 0.014512 -0.095710673205103 -0.0076622713363968 0.00073401797133241 0.0014629841152056 0.0075570429446832 -0.00013760137256067 -0.14141182481292 -0.1539087564911 9.8011644017791 0.00095279165176429 -0.0025807852690683 9.8033922462668 -0.00053414897223066 -0.0001090574543369 0.00029803817452558 -0.00052977314798003 -0.00010443292649149 0.00030738919874757 0.020518284528683 0.011313708498985 4 11 6 6 6
49.01092875568 8.4145779751068 116.04788970947 -0.015351 0.014603 -0.095600673205103 -0.008743686711443 0.0053048452052984 0.0061150456877032 0.0081975471418094 -0.00011129487480981 -0.14021452896842 -0.15687457166096 9.8058872427941 0.0031681347310626 -0.0066438391519131 9.808141545981 -0.00055679414238633 -0.00012431043661435 -0.00048303501803769 -0.00056378805294725 -0.00013166345380117 -0.00047288429091029 0.019798989873223 0.010630145812735 4 11 6 6 6
49.010928886355 8.4145778074634 116.02099609375 -0.0158 0.014685 -0.095678673205103 0.0020921896798977 0.0046362108727014 0.0044152603609653 -0.0025253148534794 -0.0037771474717332 -0.1393977528293 -0.15345011614288 9.8066166977167 0.0045337906280561 0.0016323206519802 9.8088065633276 0.00017037579239319 0.00031369004352187 -0.00076973280480816 0.00015897501067254 0.00030149477296413 -0.00077702529832276 0.019798989873223 0.010630145812735 4 11 6 6 6
49.010928841674 8.414578064744 116.05234527588 -0.015437 0.014683 -0.095667673205103 -0.0038820781274057 0.0094344359717241 0.0097619764097575 0.0029635960814737 0.00027612723593044 -0.14112996802818 -0.15390313846381 9.8130879558594 0.0028866155173958 -0.0019900984710828 9.8153088941912 0.00068847425672008 0.00029960041985109 -0.00090543285711917 0.00067503010493187 0.00028558201819843 -0.00091997817749902 0.019798989873223 0.010630145812735 4 11 6 6 6
49.010928890362 8.4145780772831 116.06037902832 -0.015615 0.014785 -0.095639673205103 -0.0014531418649789 0.011343721929205 0.011430634748088 0.00036381214768841 0.0021684675258312 -0.14882639551045 -0.15338031020004 9.8119385786392 -0.0036182026339052 -0.00030477640878418 9.8142651858966 -0.00032793448646546 -7.52489155347e-05 -0.00083075163429751 -0.00034017682797398 -8.8175282220068e-05 -0.00082454696208881 0.019798989873223 0.010630145812735 4 11 6 6 6
49.010928735274 8.4145778531488 116.0472946167 -0.015454 0.014593 -0.095570673205103 -0.0092945590707961 0.0017381815211434 0.0026173208944584 0.0090862349550234 0.00022905178523488 -0.14490381799019 -0.15632974439991 9.8125774041072 -0.0016078539826814 -0.0047987041449855 9.814891174983 -0.00014529258948305 -7.3272467227232e-05 0.00034269952507924 -0.00014026900122164 -6.7941070111543e-05 0.00034586816537948 0.019798989873223 0.010630145812735 4 11 6 6 6
49.010928742753 8.414577622028 116.05477142334 -0.015533 0.014648 -0.095402673205103 -0.0050378576534886 -0.0022389337729374 -0.0017488415277162 0.005228230616959 0.00069210262479442 -0.13899910567376 -0.15061083781638 9.8053901843362 0.004284656949557 0.001860364083896 9.8075305761556 0.00035209340785651 0.00066780889424926 -7.9856320702534e-05 0.00035069704951626 0.00066648977163085 -9.5359561808464e-05 0.019798989873223 0.011313708498985 4 11 6 6 6
49.010928702589 8.4145779128887 116.05676269531 -0.01532 0.014603 -0.095441673205103 -0.011648633992821 0.0028914971524555 0.0039885274354927 0.011320029499016 0.0035827978412283 -0.14397985832646 -0.15604692960702 9.8120112194461 -0.00073783245544943 -0.00562822404825 9.814306672037 0.00025430982350571 0.00020067488984288 0.00022745986423695 0.00025757099135682 0.00020415776293681 0.00022060781083443 0.019798989873223 0.011313708498985 4 11 6 6 6
49.010928875401 8.4145778151088 116.02010345459 -0.015795 0.014641 -0.095418673205103 0.0013587920711871 0.004633084753278 0.0044824321087947 -0.0017943363175646 -0.0033960958461939 -0.14474470748346 -0.15346914520346 9.804113307334 -0.0012319561296033 0.0012700440432778 9.8063825731069 -0.0001525098762109 0.00016027550796214 0.00094666395787689 -0.00013865142225331 0.00017519716313667 0.00094613332013576 0.019798989873223 0.010630145812735 4 11 6 6 6
49.010928741613 8.4145776158751 116.03123474121 -0.015552 0.01454 -0.095752673205103 -0.0060096712038055 -0.0021099006139837 -0.0015254396530899 0.0061839208233781 -0.0014899605887833 -0.14078006821642 -0.1524815445821 9.8040710479335 0.0019007558252985 -4.6817532625069e-05 9.806267199952 -1.4176627695444e-05 -0.00014524257470843 0.00052929489862524 -6.4472243655394e-06 -0.00013702443417053 0.00053161674183483 0.019798989873223 0.010630145812735 4 11 6 6 6
49.010928859187 8.4145779318101 116.06504058838 -0.015578 0.014839 -0.095416673205103 -0.0010639405420705 0.0085888663232512 0.0086511430303118 0.0002414159942368 0.0034472953032444 -0.14523851119155 -0.15736934865651 9.8074415948854 0.00018108358715526 -0.0046056568478284 9.809778355282 -8.3175038135058e-06 0.00030767030177595 -0.0011603915472895 -2.5571361315854e-05 0.00028956626078703 -0.0011647594921805 0.019798989873223 0.011313708498985 4 11 6 6 6
49.010928709562 8.4145776139737 116.03469085693 -0.015476 0.014449 -0.095944673205103 -0.0076220968133333 -0.0027694861140819 -0.0020265374347721 0.0078523596447864 -0.00021881024005481 -0.14198696892145 -0.15082335385747 9.8089279218177 0.00012324301375144 0.00083350314833742 9.811114954434 -0.00013565455727659 -0.00059600951403474 0.00017827968387725 -0.00013290891888253 -0.00059317384427426 0.00018943514680349 0.019798989873223 0.011313708498985 4 11 6 6 6
49.010928850049 8.4145780663622 116.05332946777 -0.015473 0.014667 -0.095622673205103 -0.0034854516773938 0.0097220193173923 0.010010410100384 0.0025411998651902 0.00060964295151811 -0.14349029461175 -0.15200902119064 9.8070077113167 0.00063661519925755 1.8672121602426e-05 9.8092348664117 0.00044696849155217 -0.00032659742008646 7.5879614696274e-05 0.00044805398735379 -0.00032540334746581 7.4355604021299e-05 0.019798989873223 0.011313708498985 4 11 6 6 6
49.010928866706 8.4145778117528 116.01920318604 -0.015772 0.014655 -0.095537673205103 0.0011985736909385 0.0046685896237541 0.0045329112633137 -0.0016385913604766 -0.0037000886709069 -0.14114798036008 -0.15429082972902 9.807963710283 0.0026025756005504 0.00042177216447279 9.8101923289043 1.9697319040707e-06 0.00013354292707504 0.00034495989866063 6.9959020373706e-06 0.00013900145472288 0.00034272670510745 0.019798989873223 0.010630145812735 4 11 6 6 6
49.010928785976 8.4145777558693 116.06368255615 -0.015532 0.014785 -0.095313673205103 -0.0035855362375334 0.0029192377747021 0.0032472573174294 0.0032914010578158 0.0032199137001517 -0.14076851350798 -0.15373222223579 9.8099397178835 0.003877480499765 -0.0011752311863422 9.8121530820669 0.00042163641979055 0.00074493622794793 1.0441072453108e-05 0.00042160011232643 0.00074500279679551 -7.3550795179359e-06 0.019798989873223 0.010630145812735 4 11 6 6 6
49.010928879801 8.4145780847696 116.05958557129 -0.015564 0.014794 -0.095601673205103 -0.0019442797963729 0.011173944425544 0.011308539416043 0.00086842651743165 0.0018510620576787 -0.13935078609166 -0.15610459290971 9.8058818774982 0.0057325638165184 -0.0035551953983448 9.808111845365 -0.00019077591081031 0.00012140915914827 0.0006034668022974 -0.00018186220403285 0.00013078540482202 0.00060426695773614 0.019798989873223 0.011313708498985 4 11 6 6 6
49.010928767318 8.4145777081968 116.06078338623 -0.015533 0.014712 -0.095266673205103 -0.0044649794596283 0.0011538433656909 0.0015735098540893 0.0043349140591561 0.0022464984783203 -0.14491941736705 -0.15755532374749 9.8046250978362 -0.00062472058902582 -0.0049947314657131 9.8069602962714 0.0005554414370195 -6.1729931541527e-05 0.00046448199247059 0.00056222056485431 -5.4512548562694e-05 0.00045713219439957 0.019798989873223 0.011313708498985 4 11 6 6 6
49.010928749398 8.4145777603212 116.03777313232 -0.015415 0.014485 -0.095802673205103 -0.0075480038875376 -0.00012306944880042 0.0005992392182895 0.0075251887852383 -0.0018603671537788 -0.13926782116356 -0.15204736584062 9.8098028148677 0.0028310595115631 -0.00085141533574208 9.811969041159 -2.2958206988896e-05 0.00015191471718445 -0.00047225122037117 -2.9803506606199e-05 0.00014466109586719 -0.0004741260427365 0.020518284528683 0.011313708498985 4 11 6 6 6
49.01092881947 8.4145780203198 116.0474319458 -0.015486 0.014655 -0.095598673205103 -0.0053350116761737 0.0073769454206184 0.0078522980942118 0.0046068497720202 -0.00095925662705834 -0.14019043987809 -0.15244866216395 9.8055410031597 0.0034145348942194 -0.00093402855100902 9.8077272441682 -0.00062445245323068 0.00031928704181264 -0.00083888598777955 -0.0006367466427081 0.00030631364528934 -0.00083445864011023 0.019798989873223 0.010630145812735 4 11 6 6 6
49.010928741256 8.4145777188507 116.03653717041 -0.015484 0.014524 -0.095824673205103 -0.0076689259109307 -0.0011194292729395 -0.00038043215399595 0.0077408523986474 -0.00071389628634247 -0.14217716057171 -0.15120211293317 9.8035213385385 -4.9186050918638e-06 0.00044442799349238 9.8057179113366 -0.00024327001316039 0.00047401604051309 0.00029376607904843 -0.000239093261285 0.00047849783257515 0.00028990645087668 0.019798989873223 0.011313708498985 4 11 6 6 6
49.010928750884 8.4145776599952 116.05729675293 -0.01554 0.014644 -0.095381673205103 -0.0048611212601091 -0.00060896983340944 -0.00014334079688144 0.0048970229112429 0.0013511867779261 -0.14398697481002 -0.15590424788731 9.809399606186 -0.00046116653847255 -0.0032650784368908 9.8116945018288 0.00036623726220386 0.00027743544570549 -0.00050953600750143 0.00035867943799636 0.00026948784889744 -0.00051911601494211 0.019798989873223 0.011313708498985 4 11 6 6 6
49.010928895849 8.414578074001 116.06084442139 -0.015595 0.014786 -0.095492673205103 -0.0010288551090058 0.011460136352284 0.01150601697223 -6.9095257572647e-05 0.002246787119393 -0.13910197524573 -0.15385641464919 9.8046370870459 0.0057690885665237 -0.0009422536589113 9.8068290024237 -7.248160005901e-05 0.00032653193976133 0.0009240476922196 -5.8863471173281e-05 0.00034087968169029 0.00091981899562244 0.019798989873223 0.010630145812735 4 11 6 6 6
49.010928701893 8.4145779029003 116.05494689941 -0.015364 0.014616 -0.095447673205103 -0.011551867006051 0.0024250791038354 0.0035151113681102 0.01126812606705 0.0027502707091736 -0.13861042667698 -0.15204209782208 9.8085292786328 0.0045432559510336 -0.0014109549414103 9.8106855237361 -6.2602319475064e-05 0.00046922546439895 0.00028507627095027 -5.8531550134824e-05 0.00047356573565146 0.0002787249950661 0.019798989873223 0.011313708498985 4 11 6 6 6
49.010928827579 8.4145780311448 116.04947662354 -0.015459 0.01465 -0.095564673205103 -0.0049672497470183 0.0078962138718201 0.0083342197867119 0.0041910046666738 -0.0002039838299278 -0.14132688393832 -0.15013872770998 9.804641764345 0.0023227459070886 0.0013155550937813 9.8068092822445 -0.00019244119153308 0.00016184111824472 0.00018596718809294 -0.0001897272076689 0.00016469977205421 0.00018623218010493 0.019798989873223 0.010630145812735 4 11 6 6 6
49.010928712852 8.414577866252 116.05355834961 -0.015384 0.014567 -0.095625673205103 -0.01113649135024 0.0016299655577706 0.0026850194879244 0.010930182735974 0.002279217393471 -0.14147634104296 -0.15447414455895 9.8098770253064 0.0016063905344471 -0.0037028302060101 9.8121124834856 -0.00014855332479855 -0.00016619597623516 -0.0012240712664133 -0.00016636115498706 -0.0001850071732741 -0.0012190744554184 0.019798989873223 0.011313708498985 4 11 6 6 6
49.010928737794 8.4145776862357 116.03395843506 -0.015476 0.014473 -0.095803673205103 -0.0071980514984747 -0.0015653340166535 -0.00086948848840252 0.007314795158806 -0.0013824972970431 -0.13955258267835 -0.1555689818085 9.8054950388627 0.0024689544713228 -0.0036333888624208 9.807720693926 0.00036560191396918 -3.4808455947083e-05 0.00035265499251021 0.00037070377957753 -2.9329513305503e-05 0.00034779340030671 0.019798989873223 0.011313708498985 4 11 6 6 6
49.010928743161 8.4145778405725 116.04885864258 -0.015461 0.01457 -0.095642673205103 -0.0087723137110953 0.0016034584458474 0.0024338817349936 0.0085790865325667 0.0010029689839579 -0.14044489680715 -0.15388837397466 9.8076656176102 0.0025172933039238 -0.0024312427085114 9.8098778145092 -0.00030723963438742 -1.5992841828336e-06 0.00025480879345105 -0.00030349127742451 2.36155846684e-06 0.00025924015118969 0.019798989873223 0.010630145812735 4 11 6 6 6
49.010928804863 8.4145776836001 116.02813720703 -0.015692 0.014613 -0.095620673205103 -0.0026750508744491 0.00026662768825033 0.00052086698223138 0.0026373649204269 -0.0025898014425335 -0.1416587292546 -0.15558874382111 9.8058633747648 0.0017235933210703 -0.0019005026029565 9.8081204601575 -0.00036222226893014 -0.00014461696335146 0.00020888639549315 -0.00035909226825387 -0.00014130744203675 0.0002164013211904 0.019798989873223 0.011313708498985 4 11 6 6 6
49.010928751714 8.4145777472173 116.03656005859 -0.015415 0.014449 -0.095801673205103 -0.0074439031333896 -0.00037496418098352 0.0003387776309692 0.0074456390909318 -0.0023098270983688 -0.14476613071088 -0.15638202576315 9.8076946722686 -0.0028494617367156 -0.0052114703465105 9.8100075508701 9.13493603649e-08 -0.00021242017671547 0.00017237425181527 2.6425332296994e-06 -0.00020972183566932 0.0001756437824261 0.020518284528683 0.011313708498985 4 11 6 6 6
49.010928702486 8.4145776217931 116.03371429443 -0.015468 0.014482 -0.095895673205103 -0.0078844787551564 -0.0027609776532655 -0.0019934077357161 0.0081126016333172 -0.00080453125375621 -0.14048828045085 -0.15519324496929 9.81232207947 0.0017471989185014 -0.0033275663976709 9.8145541585336 0.00018055283243814 -0.00015130356158209 -8.1939349200176e-05 0.00017939349148078 -0.0001525632923281 -8.220714936492e-05 0.019798989873223 0.010630145812735 4 11 6 6 6
49.010928759121 8.4145777776018 116.04042053223 -0.015434 0.014485 -0.095758673205103 -0.0074600992620451 0.00037648014260235 0.001087870598317 0.0073899497584178 -0.0011211441422974 -0.14122364061431 -0.15588039490685 9.8074430748544 0.00098290517537717 -0.0044690132127144 9.8096969719687 0.00016556232291502 -0.00013945196512687 -0.00028101602472471 0.00016150886547049 -0.00014378969787529 -0.00028117669345434 0.020518284528683 0.011313708498985 4 11 6 6 6
49.010928756925 8.4145778127469 116.0470199585 -0.015469 0.014516 -0.095683673205103 -0.0078237398627493 0.0011610276684718 0.0019033305751608 0.0076769939867137 0.00056650841201424 -0.13975444465511 -0.15442331648061 9.8067326342452 0.0026571490262095 -0.0028403423341007 9.8089432343607 -0.00017536822375298 3.3323274196462e-05 0.00045054245033231 -0.00016881163928241 4.0270088302705e-05 0.0004524732071827 0.020518284528683 0.010630145812735 4 11 6 6 6
49.01092870341 8.4145778892227 116.05423736572 -0.015341 0.014583 -0.095478673205103 -0.011517254303055 0.0022475421197963 0.0033350656669822 0.011250597817622 0.002608861483171 -0.14599327111974 -0.15597192318799 9.8061721243304 -0.002883027889057 -0.0054319585256433 9.8084969942448 0.0002095251268994 -2.2921434031927e-05 -0.00037331274064371 0.00020403963135286 -2.8634412758532e-05 -0.00037595229977839 0.019798989873223 0.011313708498985 4 11 6 6 6
49.010928737631 8.4145776158603 116.03249359131 -0.015512 0.014584 -0.095835673205103 -0.006360658965937 -0.0022871647903458 -0.0016679467953079 0.0065503486659991 -0.00088444229209886 -0.14274789228869 -0.15666087439077 9.8069179754667 -0.00010163828105332 -0.0043373382092324 9.809207096689 0.00040618757204919 0.00076964542888244 0.00010844399139917 0.00040756273297824 0.00077122318640928 9.0528545912869e-05 0.019798989873223 0.011313708498985 4 11 6 6 6
49.010928713245 8.4145776440362 116.03304290771 -0.01547 0.014506 -0.095858673205103 -0.0076137661760026 -0.0023342431390022 -0.0015946182077858 0.0078022658667089 -0.0015953307851314 -0.14229143794104 -0.15810382877289 9.8055031004977 -0.0002347658867392 -0.0064762228619339 9.8078078431872 -0.00020723907806089 0.0004526677332062 0.00054304601777437 -0.0001994482664562 0.00046102639883439 0.00053892516964312 0.019798989873223 0.010630145812735 4 11 6 6 6
49.010928817763 8.4145777215985 116.02736663818 -0.015754 0.014679 -0.095567673205103 -0.0020027667800103 0.0015868869842798 0.0017707098779796 0.0018422429228981 -0.0026595590472048 -0.14768546718855 -0.15265186609367 9.8086511207269 -0.0037967951581767 0.0015276264641049 9.8109496663017 -0.0005526691330389 0.00022587864969719 -0.00045996098577849 -0.00055939909974675 0.00021862406560212 -0.00045530786473355 0.019798989873223 0.011313708498985 4 11 6 6 6
49.010928749908 8.4145778349676 116.04911804199 -0.015462 0.014573 -0.095633673205103 -0.0084222544173482 0.0014274429611422 0.0022251408672165 0.0082474671352003 0.0012677545023914 -0.14200206371684 -0.15615672129996 9.8078372247883 0.00085462677546684 -0.0046511174623421 9.810107259599 -0.00020162297869722 0.00025664240194229 0.00016286120426758 -0.00019928705806426 0.00025912604890058 0.00016177605240662 0.019798989873223 0.010630145812735 4 11 6 6 6
49.010928750885 8.4145777382532 116.03591156006 -0.015422 0.014515 -0.095866673205103 -0.007549323847328 -0.00064547669855686 7.9812397796326e-05 0.0075764529079303 -0.0022350837354083 -0.14058754857684 -0.15369767915626 9.804488617849 0.0013830735939027 -0.0026472442194906 9.8067003379959 -0.00025996476584392 0.00075459920505554 -0.00048272294664028 -0.00026711358451846 0.0007470825011239 -0.0004904705819399 0.020518284528683 0.011313708498985 4 11 6 6 6
49.010928879889 8.4145778179893 116.02038574219 -0.015824 0.014624 -0.095447673205103 0.0016800875838486 0.0046502723541744 0.0044689691296143 -0.0021156709076758 -0.0030986212920973 -0.14652523963512 -0.15590602564987 9.8042740173398 -0.0030574723928636 -0.00098477226843199 9.806607795189 -0.00039960985224666 -4.6283828166009e-05 -3.1179651021546e-05 -0.00040000382712427 -4.6759024166834e-05 -2.4587958460445e-05 0.019798989873223 0.010630145812735 4 11 6 6 6
49.010928853141 8.4145779135057 116.06634521484 -0.015586 0.014835 -0.095324673205103 -0.0012082493857087 0.0082283577757134 0.0083059778640245 0.0004200409726042 0.0036952078663341 -0.13874309300496 -0.1500191375961 9.8031233071812 0.0064838221362562 0.00258739863335 9.8052504045477 -0.00030808270040804 0.00046568142994618 -0.00092533086563152 -0.00032188145002087 0.00045121434382824 -0.0009278059075857 0.019798989873223 0.011313708498985 4 11 6 6 6
49.010928701116 8.4145776133473 116.0348739624 -0.015437 0.0145 -0.095943673205103 -0.0079696153886733 -0.0027778485421418 -0.002001663639768 0.0081990581748881 -0.0001782034002488 -0.14226546384342 -0.15275261676194 9.80420964202 -0.00013142192270361 -0.0011495308837118 9.8064317019449 0.00042504299559164 0.00016991650874845 -8.8847919164028e-05 0.00042366244796727 0.00016853811622861 -9.7608236387699e-05 0.019798989873223 0.011313708498985 4 11 6 6 6
49.010928743643 8.4145777096163 116.03595733643 -0.015531 0.014508 -0.095816673205103 -0.0072925402376384 -0.0012030073585176 -0.00049976779460212 0.0073741845963612 -0.00076705194220898 -0.13833443666619 -0.1544927573753 9.8052038097721 0.0038373856534954 -0.0026150174972334 9.8073955111148 -0.00071821783709648 0.00025312045870684 0.00015148656819061 -0.000716004610827 0.00025541532252696 0.00015793250680591 0.019798989873223 0.011313708498985 4 11 6 6 6
49.01092880557 8.4145776946396 116.02798461914 -0.015719 0.014664 -0.095524673205103 -0.0027928127080781 0.00071857037977021 0.00098183831878205 0.0027114923244253 -0.0026286453238992 -0.14133475704759 -0.15808212953114 9.8077363477097 0.0021845578923451 -0.0041358347581544 9.8100273750701 -0.0004689958833839 0.0005691427432923 0.00097139164745611 -0.00045488199699588 0.00058430580881805 0.00096908805709977 0.019798989873223 0.011313708498985 4 11 6 6 6
49.010928881376 8.4145778077433 116.02086639404 -0.015775 0.014671 -0.095635673205103 0.0020832352237483 0.0045733501366059 0.0043535509473912 -0.0025103760243363 -0.0036192884012359 -0.14300886167432 -0.15111137465003 9.8037999960869 0.00083486345798981 0.0037628273990214 9.806006710901 0.00030946406820901 0.00010690786876148 -0.00011852903331643 0.00030768671884929 0.0001050513051596 -0.00012473382522894 0.019798989873223 0.010630145812735 4 11 6 6 6
49.010928872495 8.4145780801886 116.05780029297 -0.015548 0.014792 -0.095607673205103 -0.0022654389976937 0.010747067494378 0.010914270467492 0.0012289716046204 0.0016949514053299 -0.14815003951074 -0.15699848384408 9.8056558864497 -0.0032105011554137 -0.0044856427384028 9.8080300875071 6.0229464357564e-05 0.00042678027468058 0.00016967227514245 6.2691998555528e-05 0.00042937118288558 0.0001621142282876 0.019798989873223 0.011313708498985 4 11 6 6 6
49.010928702484 8.4145776240203 116.03322601318 -0.01547 0.01446 -0.095874673205103 -0.0076897819800806 -0.00264265901916 -0.0018943096240913 0.0079074641601648 -0.0011616487116256 -0.14367733915596 -0.15759925248579 9.8057069708981 -0.0017880370204521 -0.0059213294054957 9.8080237363228 -5.1783823928428e-05 -8.0074473050076e-05 0.00025814980443816 -4.8029127176132e-05 -7.6079802916643e-05 0.00026007082940263 0.019798989873223 0.010630145812735 4 11 6 6 6
49.010928708399 8.4145776323096 116.03325653076 -0.01547 0.014455 -0.095952673205103 -0.0076270647811134 -0.0026364131298874 -0.0018939754003907 0.0078444686420015 -0.0012465927696533 -0.14659874744034 -0.1518041916431 9.8086101357229 -0.0047173219368262 -0.00011988658109326 9.8108789409427 -9.9190413814286e-05 -5.1448945274593e-05 -0.00083824034772864 -0.00011129788226474 -6.4400926747521e-05 -0.00083583285090242 0.019798989873223 0.010630145812735 4 11 6 6 6
49.010928823717 8.4145780200208 116.04763031006 -0.015457 0.014642 -0.095479673205103 -0.0051922504425896 0.007533947219506 0.0079948293481421 0.0044499850334338 -0.00088589757496136 -0.14246771273691 -0.15865514380269 9.8077119145006 0.0011481305052389 -0.0071039177027884 9.810027139982 -9.3694533208879e-05 0.00015764294949963 0.00070032199916084 -8.3467490821185e-05 0.00016847413733045 0.00069908574324574 0.019798989873223 0.010630145812735 4 11 6 6 6
49.01092872906 8.4145776174146 116.03494262695 -0.015543 0.014528 -0.095888673205103 -0.0065569470048122 -0.0024143394296015 -0.0017756558008867 0.006757931570965 -0.00017457608645141 -0.14686211493268 -0.15812599689029 9.810434477076 -0.0043012636691638 -0.0056966949718428 9.8128051941979 -9.8397895839221e-05 4.6014916764911e-05 -0.0005307697886078 -0.00010607521743838 3.7663064302802e-05 -0.00052992143387131 0.019798989873223 0.011313708498985 4 11 6 6 6
49.010928733762 8.4145778506683 116.04727935791 -0.015435 0.014618 -0.095542673205103 -0.0096111807732146 0.0015475111534833 0.0024575453115897 0.0094196635718747 0.00024501608794801 -0.14491692781539 -0.15833001713284 9.8037646738816 -0.0018133229555849 -0.0069804238073778 9.8061112470364 0.00012430706719013 0.00047181445976317 0.0004798689242018 0.00013120865058366 0.00047916349417543 0.00047068940337852 0.019798989873223 0.011313708498985 4 11 6 6 6
49.010928759363 8.4145776189661 116.03060913086 -0.015613 0.014594 -0.095702673205103 -0.0052124349289321 -0.0018520610962413 -0.001345296551129 0.0053656096821635 -0.001657508011654 -0.14366410050475 -0.15180820861635 9.8094297172232 -0.00057194471667511 0.0011737500891124 9.8116561151922 -0.00020196512690662 0.00018854772743111 0.00063148683964752 -0.00019275845009162 0.00019838092603777 0.00063135721032052 0.019798989873223 0.010630145812735 4 11 6 6 6
49.010928756398 8.4145776825604 116.0588684082 -0.015597 0.01466 -0.095389673205103 -0.0048401252685694 0.00027975571355984 0.00073946879017829 0.0047914842649929 0.0017920041719896 -0.13976434231846 -0.14970233275482 9.8027797585196 0.0039086727543801 0.0027920423269927 9.8049176187442 -0.00062438336360311 9.9390792736468e-05 -0.00038809215312093 -0.00063003954973175 9.3270904418271e-05 -0.00038040089670678 0.019798989873223 0.011313708498985 4 11 6 6 6
49.01092886959 8.4145779629674 116.06479644775 -0.015615 0.014806 -0.095381673205103 -0.0010044032024555 0.0094008623877492 0.0094537898504593 0.00010444664926631 0.0031070378157583 -0.1435011190537 -0.15086749834091 9.8069920829475 0.0018495954099286 0.0017695698542492 9.8092019627998 -0.000908317059947 -0.00016595871386211 0.00021415899801805 -0.00090495758700896 -0.00016259729822255 0.00023018141855437 0.019798989873223 0.011313708498985 4 11 6 6 6
49.010928837878 8.414577766704 116.02539825439 -0.015759 0.014654 -0.095452673205103 -0.00072260103814294 0.0030194048046216 0.0030745315083193 0.00043153696044953 -0.0032951558684678 -0.14590282246294 -0.15453913161347 9.810074802188 -0.0019413294737215 0.00021344514232988 9.8123768811561 0.00039590001497071 -0.00016978510253596 -0.00037284706634297 0.00039042036462748 -0.00017561918477621 -0.00037587618740676 0.019798989873223 0.011313708498985 4 11 6 6 6
49.010928895386 8.4145780134714 116.06186676025 -0.015612 0.014821 -0.095569673205103 -0.00043312554093868 0.010470200252127 0.010463776996888 -0.00056751963772837 0.0020652149370428 -0.14183509671335 -0.15535990553938 9.7994546432613 0.0031935564107799 -0.0026559424251045 9.8017114583732 -0.00050850213471718 0.00057940672821683 -0.00057656995535819 -0.0005171004058469 0.00057035600635453 -0.00057794272572549 0.019798989873223 0.010630145812735 4 11 6 6 6
49.0109287025 8.4145779183122 116.05618286133 -0.015339 0.01457 -0.095490673205103 -0.011529822142939 0.0029868790750568 0.0040722032509252 0.011192647753303 0.0033838780509365 -0.14073164422001 -0.15398517439245 9.8090803556825 0.0024811926032062 -0.0037329266753937 9.8112972462697 -0.00031365777265282 -0.00041290014470089 -0.00057641376868315 -0.00032194248915956 -0.00042169875880453 -0.00056538927508553 0.019798989873223 0.011313708498985 4 11 6 6 6
49.010928804007 8.4145780110115 116.04779815674 -0.01538 0.014641 -0.095534673205103 -0.0060780233063495 0.0067396934369992 0.007288733890144 0.0054074146570449 -0.00067863707443206 -0.13960612269307 -0.15154574653813 9.8066162051763 0.0039642763390424 -0.00037007199527343 9.808779812586 0.00055726870236631 0.00015228127854556 -9.1838498178773e-05 0.00055582050274666 0.00015082562352982 -0.00010229787604591 0.019798989873223 0.010630145812735 4 11 6 6 6
49.010928742764 8.4145777178822 116.03524780273 -0.015415 0.014442 -0.095819673205103 -0.0078849358104046 -0.0013087720641605 -0.00054831625616985 0.0079739861504776 -0.0014820461238496 -0.14129620129258 -0.15527388270527 9.8076248314152 0.00071161814351531 -0.0038621519757734 9.8098705746072 0.00047477904266016 -0.00056636281330121 0.00019598698682525 0.00047772276575775 -0.00056324154630704 0.00019782172221493 0.019798989873223 0.010630145812735 4 11 6 6 6
49.010928744597 8.4145778389541 116.04922485352 -0.015425 0.014541 -0.095651673205103 -0.0086500073936358 0.0014142856636077 0.0022338715035647 0.0084754123842208 0.00116319060877 -0.143468139887 -0.15251145625577 9.810229034123 -0.00050995308852529 -0.00095925029976683 9.8124634658879 0.00044236757320249 -0.00043750729627944 -5.4281331134422e-06 0.00044235496545092 -0.00043750845336105 -5.1419317198172e-06 0.019798989873223 0.010630145812735 4 11 6 6 6
49.010928738708 8.4145776945945 116.0350112915 -0.015447 0.014479 -0.095842673205103 -0.0070891890792478 -0.001452308113305 -0.00076735618821818 0.0071956205716106 -0.0010414591044108 -0.14059320673443 -0.1562243879422 9.8108027436573 0.0016079345937 -0.0044012297271835 9.8130529126543 0.00050701786036501 -0.00011922910664377 -0.00025211185410407 0.0005033460982944 -0.00012310640743856 -0.00025757446431818 0.019798989873223 0.011313708498985 4 11 6 6 6
49.010928760522 8.4145776937501 116.05966949463 -0.015554 0.014764 -0.095310673205103 -0.0044513127199807 0.00078344360500042 0.001203580857431 0.0043565399605644 0.0020806489594279 -0.14037744234098 -0.15468958579727 9.8070786544986 0.0038147785247121 -0.0020878407245013 9.8093019616741 0.00016433576020971 0.0011330289801887 9.7964071368404e-05 0.00016549583467223 0.0011344356168503 7.7885391707811e-05 0.019798989873223 0.011313708498985 4 11 6 6 6
49.010928899781 8.4145780435591 116.06133270264 -0.015578 0.014758 -0.095605673205103 -0.00043635719558192 0.01100275954973 0.010994185771695 -0.0006156167631533 0.0022053057416813 -0.14006748302841 -0.15215519238451 9.8049507460325 0.004896121540952 0.0005901225485905 9.8071304196007 -5.7372953354325e-05 -0.00029714361520544 -0.00039562246823528 -6.3113048448883e-05 -0.00030327213839095 -0.000390045813281 0.019798989873223 0.010630145812735 4 11 6 6 6
49.010928744415 8.4145777211438 116.03659057617 -0.015475 0.014492 -0.095898673205103 -0.0077112935009173 -0.0011906427571818 -0.00044695948476089 0.0077898572567459 -0.000829909352723 -0.14626055248072 -0.15551970411474 9.8070111502306 -0.0042791992037776 -0.0035639809203399 9.8093330006795 0.000358884023888 0.00029431211161159 -0.00032192863646302 0.00035412094704261 0.00028926897315504 -0.0003316044003074 0.019798989873223 0.010630145812735 4 11 6 6 6
49.010928741022 8.4145777225709 116.03601074219 -0.01538 0.014487 -0.095834673205103 -0.0079598973295849 -0.0011960079741569 -0.00042866162382909 0.0080378288642488 -0.0014392214276678 -0.14307257822748 -0.15616156261281 9.8105975759335 -0.00087621978264984 -0.0050111306381175 9.8128822359558 0.00049924894298881 -3.8099270678348e-05 0.000505365269923 0.00050650378675338 -3.0339973243133e-05 0.00049859198755361 0.019798989873223 0.010630145812735 4 11 6 6 6
49.01092875156 8.4145778295557 116.04858398438 -0.015431 0.014596 -0.095653673205103 -0.0083072622795723 0.0014550942170401 0.0022417919345508 0.0081303303993226 0.0009782921558634 -0.13940128829839 -0.15473432093066 9.8016964666346 0.0034380829747393 -0.0034515931595113 9.8039075093942 0.00011884999581811 0.00053154583531096 1.1949080157048e-05 0.00011890423522851 0.00053167008354515 2.0312728515117e-06 0.019798989873223 0.010630145812735 4 11 6 6 6
49.010928847809 8.4145777762725 116.02452087402 -0.015769 0.014656 -0.095442673205103 -0.00034459347656187 0.0033695478339287 0.0033870474405798 2.1793394712888e-05 -0.0035138358868711 -0.14600599655343 -0.16030381530411 9.8069829431189 -0.0019770362813111 -0.0055504183893432 9.809377623575 0.00028034334987792 -0.00042152317337168 0.00054570097894065 0.00028837710063771 -0.00041290895224209 0.0005481196259877 0.019798989873223 0.010630145812735 4 11 6 6 6
49.010928756433 8.4145777839343 116.04198455811 -0.015408 0.014497 -0.095775673205103 -0.007485720187881 0.00053069401955032 0.0012438090159524 0.0074007144167056 -0.00081524303962082 -0.14041761576842 -0.14964641354773 9.8073016807904 0.0020145965065837 0.0016037922059742 9.8094482296756 0.00027524006414976 -0.0003440731510262 -0.00063040521318888 0.00026613974822565 -0.00035374606379456 -0.00062897905229909 0.020518284528683 0.011313708498985 4 11 6 6 6
49.010928819645 8.4145778288192 116.06561279297 -0.015623 0.014761 -0.095304673205103 -0.0024584190508675 0.0053377801393011 0.0055474905892146 0.0019393525908589 0.0035697511343567 -0.14216777128995 -0.15617099321654 9.8067926416077 0.0027835153683775 -0.00320335775566 9.8090654686374 -0.00038460323657682 -0.00029794829876718 -0.00021369113181716 -0.00038763495830047 -0.00030125276737238 -0.00020334126385772 0.019798989873223 0.010630145812735 4 11 6 6 6
49.010928744784 8.414577712906 116.03604888916 -0.015493 0.014513 -0.095866673205103 -0.0072829608247625 -0.0012139387545759 -0.00051147730508842 0.0073657006066625 -0.00087732191583777 -0.14338855034417 -0.15299991618269 9.8118166150136 -0.0010392504180099 -0.0011205087273824 9.8140571225467 -0.00015920920142573 0.00020677936996038 -0.00052718890353802 -0.00016689218117918 0.00019861544543528 -0.00052793755132174 0.019798989873223 0.011313708498985 4 11 6 6 6
49.010928704998 8.4145776219083 116.03546142578 -0.015484 0.014448 -0.095899673205103 -0.0076257830321389 -0.0025617962630744 -0.0018196376968668 0.0078360883672979 -0.0001324675039644 -0.13950046219174 -0.15089400353214 9.8071118647824 0.002483841097792 0.00072210930105961 9.8092647021863 -0.00038562670752171 -0.00043722749596593 0.00045314675303026 -0.00037893282491036 -0.00043014753511836 0.00046536251656884 0.019798989873223 0.010630145812735 4 11 6 6 6
49.010928723533 8.4145776150856 116.03433227539 -0.015512 0.014512 -0.095860673205103 -0.0070929188100104 -0.0027353451403082 -0.0020439517257723 0.0073221475377154 -0.00044807079965992 -0.13938328196739 -0.1546026835563 9.8108366312533 0.0028061729920293 -0.0024275581361165 9.8130439172097 6.1523618890877e-05 0.00041685933862645 1.916407434527e-06 6.1441631567448e-05 0.00041684198779256 -5.4246057084917e-06 0.019798989873223 0.011313708498985 4 11 6 6 6
49.010928810817 8.4145777104878 116.02832794189 -0.015691 0.014632 -0.095527673205103 -0.0025083126146763 0.0013350214421682 0.0015682161902733 0.002369529285365 -0.0024765064667927 -0.14040550986017 -0.14813452236384 9.8066643262082 0.0032181579651727 0.0058479613775429 9.8087857842316 0.0001986957581466 -0.00021184206540263 8.4995497721776e-05 0.00019997872665048 -0.00021045485598029 8.5379949876143e-05 0.019798989873223 0.011313708498985 4 11 6 6 6
49.010928741816 8.4145778430176 116.04831695557 -0.015424 0.014554 -0.095552673205103 -0.0089531881674296 0.0015939497869821 0.0024413122593116 0.008760150817859 0.00072446681753691 -0.14238555118841 -0.15310387774786 9.8076202201126 0.0007096718280157 -0.0016792198470092 9.8098483115118 0.000300843253739 -0.00051080005894221 0.0011179666249002 0.00031717433492506 -0.0004934975536104 0.0011212118266555 0.019798989873223 0.010630145812735 4 11 6 6 6
49.010928901982 8.4145780480652 116.06034088135 -0.015602 0.014816 -0.095566673205103 -0.00064300915936442 0.010986687504931 0.010997902275982 -0.00040852963460095 0.0019487724503008 -0.14500429694124 -0.1570052375416 9.8095848011115 0.00011605964356677 -0.0041234875498858 9.811912098556 -0.00037024952475927 0.00055600444900692 0.00057086068372826 -0.00036183005778391 0.00056487779041241 0.00056754704783539 0.019798989873223 0.010630145812735 4 11 6 6 6
49.010928749405 8.4145776492266 116.05639648438 -0.015562 0.014642 -0.095400673205103 -0.0048530226770356 -0.0010030597416827 -0.00053635439442478 0.0049264880378544 0.0010918183767117 -0.1425401002359 -0.1529967821479 9.8109282375196 0.0010876044206858 -0.00041810563204295 9.8131564734563 -0.00017229806584747 0.00011819395951552 -0.00065617987993419 -0.00018192660040021 0.00010797051927768 -0.00065532870274324 0.019798989873223 0.011313708498985 4 11 6 6 6
49.010928770979 8.4145776291902 116.02855682373 -0.015588 0.014613 -0.095633673205103 -0.0045721932965415 -0.0011868657956589 -0.00074460434115199 0.0046646740803594 -0.0024003456641992 -0.14086537935592 -0.15217877130831 9.8046905717772 0.0021906209097454 0.00096625989431996 9.8068829011995 0.00054377820376832 0.00046203676386046 0.00094607088741251 0.00055743111822217 0.00047673778856718 0.00093071736319957 0.019798989873223 0.010630145812735 4 11 6 6 6
49.010928872012 8.414577811765 116.0198135376 -0.015782 0.014608 -0.095592673205103 0.0016285762339224 0.00458426403575 0.0044078282865083 -0.0020588331244788 -0.0036907124250512 -0.14735815978369 -0.15670966959203 9.8055964357497 -0.0035708712506616 -0.0021460088371319 9.8079545452752 -0.00040425238309651 -0.00087412850710599 0.00049547267258149 -0.00039673621355255 -0.00086620137882322 0.00051504977921053 0.019798989873223 0.010630145812735 4 11 6 6 6
49.010928887171 8.4145778080954 116.02136993408 -0.015806 0.01469 -0.095634673205103 0.0020685334876095 0.0044701018037032 0.0042522211773537 -0.0024858092299474 -0.0040001038804342 -0.14064779886488 -0.1544446384925 9.8080252572632 0.0033739693018389 0.00080016807497747 9.810248868374 0.00034303651298602 0.00027817519124847 -0.00035447336563098 0.00033773130380565 0.00027254688163423 -0.00036383553936956 0.019798989873223 0.010630145812735 4 11 6 6 6
49.010928703302 8.4145779220867 116.05587005615 -0.015303 0.014608 -0.095444673205103 -0.011479939136603 0.0031953946176791 0.0042753033309379 0.011123005796404 0.0032204841539594 -0.14189627630476 -0.15370349517853 9.805187957559 0.0012483763594966 -0.0035887706355872 9.8074182736581 0.00016063058136319 0.00023311194896217 0.00064881563522164 0.00017003633723028 0.00024302338118733 0.00064275362899405 0.019798989873223 0.011313708498985 4 11 6 6 6
49.010928900913 8.4145780362172 116.06234741211 -0.01557 0.014842 -0.095527673205103 -0.00048014945410198 0.011081914344545 0.01107717787731 -0.00057920925105977 0.0024352940095713 -0.14261664560335 -0.15273371710212 9.804261362116 0.0026069402400402 -8.5205472168541e-05 9.806487768451 -5.8289597702512e-05 0.00068899112059031 0.00043890339008287 -5.1946182419484e-05 0.0006957165324492 0.00042890307455152 0.019798989873223 0.010630145812735 4 11 6 6 6
49.010928731819 8.4145776644467 116.03276824951 -0.015525 0.014454 -0.095833673205103 -0.0069167664808841 -0.0019225922172414 -0.0012517644663577 0.007069024799049 -0.001910865981359 -0.14709962639855 -0.15291852115678 9.8076175970524 -0.0051139973321499 -0.00097318152783966 9.809911082801 -0.00059840962516607 -0.00028189640404441 0.00055475852568741 -0.0005902763269342 -0.00027324433195046 0.00056767369680736 0.019798989873223 0.011313708498985 4 11 6 6 6
49.010928872643 8.4145778090715 116.01992797852 -0.015748 0.014649 -0.095641673205103 0.0016719251679025 0.0046362351192869 0.004455371723472 -0.0021070505110472 -0.003682193610204 -0.1430948345327 -0.15437692965754 9.8105730124903 0.00082480014464842 0.00040487732972911 9.8128309907424 0.00039111069269711 -0.00023049764785969 4.0701857652527e-05 0.00039172618780096 -0.000229792756371 3.8609031685875e-05 0.019798989873223 0.010630145812735 4 11 6 6 6
49.010928889982 8.4145780091832 116.06237030029 -0.015593 0.014811 -0.095444673205103 -0.00043067462901672 0.010488823619755 0.010482121411859 -0.00057094781172311 0.002316193206692 -0.14449112949425 -0.15317387199229 9.8066724628887 0.0006901304234744 -0.00044765021044395 9.8089329178865 -0.00034979456562903 0.00025223753969466 0.00028296015336484 -0.00034561453352185 0.00025659707382854 0.00028413830686666 0.019798989873223 0.011313708498985 4 11 6 6 6
49.010928878197 8.4145780848319 116.0595703125 -0.015525 0.014748 -0.095568673205103 -0.0021152951293038 0.01123827489664 0.011388894980967 0.0010326455862741 0.0020872085789372 -0.13926629998056 -0.154552266616 9.8105290457186 0.0056739225170509 -0.0019297096090953 9.8127327224993 0.00053744321333219 -0.00029749045011308 0.00098532824187603 0.00055199217552372 -0.00028212613359144 0.0009817827996649 0.019798989873223 0.011313708498985 4 11 6 6 6
49.010928883852 8.4145780800096 116.05979156494 -0.015559 0.014802 -0.095654673205103 -0.0015692698914992 0.011153708898811 0.011252586535649 0.0004971644835685 0.0021448194677736 -0.14133553473478 -0.15349824973766 9.8056873898349 0.0038013121366376 -0.0009040830184811 9.8079063230348 -3.6112688714302e-05 0.00016913072453895 -0.00049879905106723 -4.355117008185e-05 0.00016134526344061 -0.0005007795463002 0.019798989873223 0.010630145812735 4 11 6 6 6
49.010928811369 8.4145780134129 116.04769897461 -0.015405 0.01462 -0.095516673205103 -0.0057682030180738 0.0070049653210254 0.0075232785146718 0.0050736484808938 -0.00078800311935199 -0.1466097155019 -0.15404689215435 9.808614784563 -0.0031204075995474 -0.0026799192736121 9.8109190205754 0.0003832776403718 -1.3686599747492e-05 0.00031996802326383 0.00038792217949304 -8.7372959882762e-06 0.00031449898026502 0.019798989873223 0.010630145812735 4 11 6 6 6
49.010928874098 8.4145779778717 116.06408691406 -0.015601 0.014819 -0.095435673205103 -0.0007241144604397 0.0098032790871586 0.0098276648982298 -0.00021339601621526 0.0028155398071869 -0.14019869898409 -0.15215758019445 9.8058190745412 0.0049727948786021 0.0006412147363262 9.8080004952555 -0.00032411222841044 0.00036440810447071 0.00016447143878076 -0.00032170900540092 0.00036697273793462 0.00016355062737208 0.019798989873223 0.011313708498985 4 11 6 6 6
49.010928718789 8.4145778616803 116.05284118652 -0.015396 0.014591 -0.095502673205103 -0.010773862505296 0.0015740568294333 0.0025945305698108 0.01057460246852 0.00223905856859 -0.13951760797716 -0.15174131368776 9.8045387219127 0.0033841407741473 -0.00091413562608363 9.806704740614 -0.00011745129753296 0.00039653866365671 0.00055498931078646 -0.00010943587491877 0.00040503567521025 0.00055044415902746 0.019798989873223 0.011313708498985 4 11 6 6 6
49.010928740622 8.4145777280035 116.03583526611 -0.015409 0.014525 -0.095845673205103 -0.0081190580705088 -0.0010380536699853 -0.00025615658963774 0.0081811379862146 -0.0018209645225903 -0.14706713294975 -0.158113108915 9.8059119278648 -0.0049720177055352 -0.0070265767889125 9.808285556223 -4.2363646569829e-05 0.00066129613386795 0.00045653208374187 -3.5889591348347e-05 0.0006682717768921 0.00044684643115461 0.019798989873223 0.010630145812735 4 11 6 6 6
49.010928768975 8.4145776266368 116.0288772583 -0.015619 0.014575 -0.095715673205103 -0.0047881788301116 -0.001531061709278 -0.0010664746247596 0.004912581958334 -0.0023410646023438 -0.14040448059885 -0.15413516579065 9.8090360354546 0.0027871311025178 -0.00089326715492897 9.8112512553322 7.6536559859795e-05 -0.00033538165693479 -0.00011113418464257 7.4992609973043e-05 -0.00033707965881597 -0.0001069904483104 0.019798989873223 0.010630145812735 4 11 6 6 6
49.010928876526 8.4145778103007 116.02027130127 -0.015776 0.014634 -0.095619673205103 0.0018508622395575 0.0047280275098167 0.0045296763272485 -0.0022938940231165 -0.0036909667730033 -0.14262648531629 -0.15733060577852 9.8068561567007 0.0012002410985189 -0.0024547949792359 9.8091545254624 0.00018780051767531 -0.00043903534979909 0.00038842955317341 0.00019357768511412 -0.00043281725571547 0.00039251296602267 0.019798989873223 0.010630145812735 4 11 6 6 6
49.010928829941 8.4145780506904 116.05129241943 -0.015462 0.014691 -0.095588673205103 -0.0047130358364609 0.0087240834998811 0.0091340464217565 0.0038589356315708 5.9078794632763e-06 -0.13619944204691 -0.15442378189835 9.8043592828409 0.0076837859297907 -0.0029510674723056 9.8065174756076 -0.00023411314363118 0.00048215461701846 -0.0002329342537317 -0.000237635039627 0.00047850445769969 -0.00023689259489717 0.019798989873223 0.010630145812735 4 11 6 6 6
49.010928787429 8.4145776511656 116.02782440186 -0.015662 0.014601 -0.095647673205103 -0.003818338847963 -0.00072047419616447 -0.00035230105426424 0.0038697108243604 -0.0026669869402619 -0.14426309625039 -0.15878774392464 9.8061066045345 -0.0011534386340907 -0.0054452753737821 9.8084517774937 -0.0003697004409983 0.00014895247571032 0.00090218049885389 -0.00035651745514755 0.00016304992876281 0.00090505473180182 0.019798989873223 0.010630145812735 4 11 6 6 6
49.010928762017 8.4145779873703 116.04810333252 -0.015328 0.014604 -0.095585673205103 -0.0082474628161198 0.0057282937887031 0.0064891981301273 0.0076631828805105 -5.2336522726388e-05 -0.14493170991135 -0.15657506739178 9.8055839848531 -0.0013917948822971 -0.0062204639671261 9.8079028692627 6.135053914405e-05 -0.00039683967797631 -0.00025935575830732 5.7650644395857e-05 -0.00040077033002982 -0.00025409654561783 0.019798989873223 0.010630145812735 4 11 6 6 6
49.010928855669 8.4145780689359 116.05422973633 -0.015497 0.014715 -0.095645673205103 -0.0032677923271748 0.0098701843585915 0.010137112680843 0.0023103985148865 0.00080929411050574 -0.1384505978433 -0.1549849888816 9.8074710434454 0.0057930444664745 -0.0027596645505202 9.809670477175 0.00037082812940545 0.00034997605899906 -0.00039401657686153 0.00036490711288717 0.00034384823383049 -0.00040481579182364 0.019798989873223 0.011313708498985 4 11 6 6 6
49.010928878639 8.4145778072274 116.020362854 -0.015756 0.014631 -0.095637673205103 0.0019949902429081 0.0045900203011305 0.0043785324260706 -0.0024241931968461 -0.0037389062615728 -0.14084720478719 -0.1573086734595 9.8089404535057 0.0029728929830988 -0.0023437097125493 9.811212131524 0.00061172758971038 -0.00041441234731818 0.00012362561202047 0.00061358064977461 -0.00041238050585809 0.00012119515134824 0.019798989873223 0.010630145812735 4 11 6 6 6
49.010928885482 8.4145779986746 116.06233978271 -0.015604 0.014792 -0.095471673205103 -0.00072670318111647 0.010313151340675 0.010335466647395 -0.00025937862208763 0.0022694841302402 -0.14122178302596 -0.15043461114236 9.8073619833703 0.0039799051559436 0.0024320077018867 9.8095312517699 -0.00028517507507297 -6.803089282339e-05 -0.00042783887487782 -0.00029144919153114 -7.47030354843e-05 -0.00042247119838259 0.019798989873223 0.011313708498985 4 11 6 6 6
49.010928798771 8.4145777761683 116.06462860107 -0.015579 0.014765 -0.095330673205103 -0.0034834711153333 0.0035892803287998 0.0039045970099944 0.0031259661209052 0.003481442677681 -0.14058146709142 -0.15454694852128 9.8101480922604 0.004159636600995 -0.0016991602932317 9.8123711893031 0.00018126653776905 0.00022857328652791 -3.7312520180347e-05 0.00018066025448981 0.00022797585124825 -4.3537853679918e-05 0.019798989873223 0.010630145812735 4 11 6 6 6
49.010928866071 8.4145778151941 116.01978302002 -0.01575 0.014678 -0.095582673205103 0.0013157118328287 0.0048416659663194 0.0046939867572976 -0.0017718116410749 -0.0033764371016182 -0.14430773705729 -0.1532150903178 9.8098613586997 -0.00035751763941116 0.0014143451309847 9.8121187987501 0.00018872814790739 0.00021053018680142 -8.5652340872586e-05 0.00018740303180143 0.00020916157176218 -9.1725021481635e-05 0.019798989873223 0.010630145812735 4 11 6 6 6
49.010928897757 8.4145780273513 116.06240844727 -0.015575 0.014806 -0.095484673205103 -0.00065578073568746 0.010734022567255 0.010747630895968 -0.0003710903677697 0.0023585003234777 -0.13812456787375 -0.15645594955155 9.8112959436889 0.0070625803334954 -0.003616355111897 9.8135120192382 2.535308471895e-05 0.00025518580326115 0.00095814013925216 3.9456913241126e-05 0.0002700925602047 0.00095354473474421 0.019798989873223 0.010630145812735 4 11 6 6 6
49.010928866729 8.4145778150693 116.02015686035 -0.015735 0.014637 -0.095614673205103 0.0014737059332861 0.0048354044661202 0.0046726450186091 -0.0019285600096155 -0.0033374994112511 -0.14167766077756 -0.14998375007332 9.8075391061834 0.0022417879352477 0.0044991031465681 9.8097073223909 0.00018314583042379 -0.00052581471958077 -0.00022149849170053 0.00017996701029995 -0.00052925863609788 -0.00021587046282389 0.019798989873223 0.010630145812735 4 11 6 6 6
49.010928758046 8.4145777884754 116.04272460938 -0.015451 0.014478 -0.095739673205103 -0.0077068809178958 0.00048869169644321 0.0012231944919824 0.0076248713653026 -0.00062545130411622 -0.14355847252824 -0.15553345866191 9.8080317933293 -0.0012222160020125 -0.0042675787029004 9.8103144064503 -0.00044471285333364 -0.00046409429444337 0.00015060973243301 -0.00044240802372217 -0.00046169522016164 0.00016422981859629 0.020518284528683 0.011313708498985 4 11 6 6 6
49.010928810524 8.4145778079819 116.06534576416 -0.015587 0.014789 -0.095304673205103 -0.0025410456903033 0.0047298421650949 0.0049501760789519 0.0020794491522165 0.0036546479108125 -0.14668647973969 -0.15512861056231 9.809545080528 -0.0017382180299728 -0.002116248552588 9.8118677329166 0.00025755740115749 0.00027585848371331 -0.00019328410636275 0.00025461528277018 0.000272802678428 -0.00020135781092365 0.019798989873223 0.010630145812735 4 11 6 6 6
49.010928848239 8.4145778958089 116.06638336182 -0.015558 0.01485 -0.095253673205103 -0.0016967226550039 0.0074764086545374 0.0076039113858294 0.00097778401395083 0.0036825706954318 -0.14703309616012 -0.15697168759514 9.8039001467331 -0.0018075307656876 -0.0043136304072807 9.8062579863765 0.00028402526905278 0.00072131456625651 0.00035707273892488 0.00028910016406737 0.00072678269139603 0.00034156943810553 0.019798989873223 0.011313708498985 4 11 6 6 6
49.01092873861 8.414577719682 116.03579711914 -0.015411 0.014448 -0.095858673205103 -0.0080815937457476 -0.0011900263589585 -0.00041133774159224 0.0081583789139013 -0.0013773698487179 -0.13970872491491 -0.15313923543224 9.8049760925243 0.0021958226667048 -0.0019053915346736 9.8071666584712 0.0002544908607048 -0.0003361760958457 -0.00052509810678109 0.00024695068722029 -0.00034424713190723 -0.00052346846072835 0.019798989873223 0.010630145812735 4 11 6 6 6
49.010928875909 8.4145780869501 116.05886077881 -0.015542 0.014797 -0.095652673205103 -0.0020717117736013 0.011139125263256 0.011286038436513 0.00099870326579447 0.0019407993303793 -0.1406496136676 -0.1513414619572 9.8039188159009 0.0042548375118227 0.0010514446624398 9.8060945085103 2.3853335764135e-05 0.00047935547248613 -0.00057655869164292 1.5198667986314e-05 0.0004703472835356 -0.00058422034732287 0.019798989873223 0.011313708498985 4 11 6 6 6
49.010928738065 8.4145778495302 116.04795074463 -0.015441 0.014615 -0.095617673205103 -0.009044003704234 0.0017418318751338 0.0025969252821783 0.0088365088646118 0.00063084853564043 -0.14041242881749 -0.1499858270952 9.8052979380829 0.0028309544357626 0.0014223734595425 9.8074495049205 7.3771801225963e-05 0.00025816349716012 -0.00060319043956638 6.4868705612557e-05 0.00024882177192535 -0.00060812359295272 0.019798989873223 0.010630145812735 4 11 6 6 6
49.01092879193 8.4145780076747 116.04878234863 -0.015378 0.014613 -0.095483673205103 -0.0066336429315755 0.0066063020526179 0.007208894837254 0.0059732932424733 -0.00016680366793822 -0.14017075768803 -0.15634895946287 9.8071983867638 0.0033574179063994 -0.0053491741192066 9.8094441173095 0.00018083773037428 -0.00028076865877569 0.00062898001392555 0.0001900987986114 -0.00027113607710429 0.00063049079596589 0.019798989873223 0.010630145812735 4 11 6 6 6
49.01092887004 8.4145777944216 116.02127075195 -0.015818 0.014645 -0.095564673205103 0.00096008063243052 0.0039548140370197 0.0038451944803814 -0.0013329515275004 -0.0043061627973701 -0.1471100236187 -0.15727413836457 9.8073272841844 -0.0031328033349076 -0.0022788017653138 9.8096905752878 -0.00021421755077688 -0.00049726720112204 -0.00042846021928037 -0.00022036761850861 -0.00050399646441621 -0.00041734780198352 0.019798989873223 0.010630145812735 4 11 6 6 6
49.01092887732 8.4145778000562 116.02043151855 -0.01586 0.014682 -0.095533673205103 0.0013722823088664 0.0041704844654354 0.0040205473702027 -0.0017638858079967 -0.0047453591174256 -0.14102335275933 -0.15491848794518 9.8051116377512 0.0028195809902973 0.0003566186078822 9.8073488860437 -0.00042848223442994 0.00032914340951225 0.00038503843079997 -0.0004228749526931 0.00033520676894455 0.0003860238601763 0.019798989873223 0.010630145812735 4 11 6 6 6
49.010928861452 8.414578077378 116.05554962158 -0.015514 0.014722 -0.095647673205103 -0.00290037300871 0.010216624830284 0.010446860904342 0.0019117099338236 0.0011637108529027 -0.14063660006825 -0.15244522997873 9.8072369265802 0.0037066707375244 -2.6636865351039e-05 9.809429036659 0.00047102144989705 0.00027989822300219 -0.00060348115152762 0.00046203984241828 0.00027050232855699 -0.00061460579585211 0.019798989873223 0.011313708498985 4 11 6 6 6
