49.014238102975 8.4169818383668 114.02816009521 -0.006802 0.014358 2.1132913267949 0.010846935432507 -0.0060794100693417 0.01242902694516 0.00038391631631045 -0.04743100406355 -0.13650369233495 -0.066578374263494 9.8066130777936 0.0039899513812392 0.00043684061207745 9.8077881429284 0.00069444692650989 0.00061068133028775 0.00041322773968043 0.00070025524966488 0.00061349958215748 0.00039907861035792 0.20292116695899 0.017691806012954 4 4 5 5 0
49.014238526534 8.4169834238301 113.82778167725 -0.006672 0.014601 2.1052303267949 0.016989581163226 0.0014571066121601 0.013887259792072 0.0098953575978274 -0.044921130430954 -0.1404407713478 -0.071810399214071 9.8053628781171 0.0023565771836999 -0.0061904146365618 9.8066295501597 0.00044625624527003 0.00074752921839909 0.00062511946441665 0.00045522745292333 0.0007517219384157 0.00061354990121813 0.2288274459063 0.0162788205961 4 8 5 5 0
49.014237923516 8.4169819935177 114.02026367188 -0.006811 0.014131 2.1176663267949 0.0051014754077257 -0.0038882097136927 0.0063792433745185 -0.00067064937099741 -0.045787732442307 -0.13626605822506 -0.064259487660288 9.80419213857 0.0026962715980938 0.0026382819984805 9.8053488865644 0.00023849641171825 -0.00057376011983323 0.00032841952690104 0.00024314893387635 -0.00057149092720729 0.00032892623903664 0.20292116695899 0.017691806012954 4 4 5 5 0
49.014237981458 8.4169819641141 114.01421356201 -0.006824 0.014217 2.1162843267949 0.0069673533059785 -0.0044997086796364 0.0082908030624357 -0.00023491654547943 -0.047401130676058 -0.13584613428905 -0.06082608733283 9.8078834962923 0.0036469979772873 0.0061077600993834 9.8090103674186 1.9499834882075e-05 0.00015779063156128 -0.00071173939383946 9.3655874915955e-06 0.00015291756663087 -0.00071299464002378 0.20292116695899 0.017691806012954 4 4 5 5 0
49.01423813841 8.4169820369771 114.11000061035 -0.006791 0.014474 2.0948633267949 0.012008481110316 7.4992612056966e-05 0.010355243398223 0.0060807030985514 -0.050874183574812 -0.13603910976884 -0.063859395989282 9.8092038678745 0.0057754323138871 0.0026560338908784 9.8103528339275 -0.00016276700471338 0.00013059085856454 0.0013391997798848 -0.00014337941507244 0.00013968147111383 0.0013404682910368 0.20144478151593 0.0162788205961 4 4 5 5 0
49.014238331394 8.4169820397323 114.03123474121 -0.006668 0.014411 2.0903843267949 0.016399161087195 -0.0013035795318229 0.014882203376539 0.0070108422815991 -0.054068331297751 -0.13463927303967 -0.064569949539853 9.807566174875 0.0068656199875041 0.0007367519363367 9.808700638982 -0.00018445603660421 -0.00017260430951934 3.9243602320118e-05 -0.00018384206513725 -0.00017232544893545 4.3039039758144e-05 0.20106217943711 0.017691806012954 4 4 5 5 0
49.014237955518 8.4169819776753 114.01670837402 -0.006838 0.014182 2.1169453267949 0.0061225427739626 -0.0040198113484057 0.0073197452557226 -0.00025749927302312 -0.046714967423667 -0.14024948975986 -0.069512948452423 9.8081753782098 -0.00096821743093615 -0.0025241854345624 9.8094239806884 -0.00011300243144787 -0.00014380044343034 -0.0002754174696227 -0.00011688633212309 -0.00014569975641594 -0.00027280490290501 0.20292116695899 0.017691806012954 4 4 5 5 0
49.014238334108 8.4169820343213 114.03634643555 -0.006655 0.014424 2.0915443267949 0.016423156953228 -0.0010620434567121 0.014777906644815 0.0072431898732381 -0.052229761444249 -0.13433063164728 -0.062237444334189 9.8051846705971 0.0070082068197685 0.0028034241893396 9.8062992245013 -0.00028499779579618 0.00016499613767845 0.00079378465523196 -0.00027355005930142 0.00017026399303174 0.00079668109681436 0.20155644370746 0.017691806012954 4 4 5 5 0
49.014238533459 8.4169834220691 113.82723236084 -0.006668 0.014538 2.1034983267949 0.016934386584449 0.001666381556287 0.013751210837793 0.010023007438912 -0.045615592828485 -0.13633833689025 -0.059386269352627 9.8046672252547 0.0064113290875889 0.0060399463602121 9.8057910890299 0.00019936364604798 -0.00029752597525224 0.00020680373682919 0.0002023472776249 -0.0002961226780542 0.00020584851637702 0.2288274459063 0.0162788205961 4 8 5 5 0
49.014238043105 8.4169819065153 114.02079772949 -0.006838 0.014261 2.1149773267949 0.0092928035576664 -0.0052645960012975 0.010676230715645 0.00030087772947663 -0.047249089917532 -0.13356459730205 -0.064451812440195 9.8079748770279 0.0064487172672195 0.0024251693404818 9.8090936841303 -0.00037839421165991 4.1747598754512e-05 0.0010241941539138 -0.00036376642089838 4.8767167075387e-05 0.0010291477331335 0.20292116695899 0.017691806012954 4 4 5 5 0
49.01423800644 8.4169819437152 114.01629638672 -0.00678 0.014222 2.1158043267949 0.007986610673301 -0.0048360658701165 0.0093367377717031 1.3308436815679e-07 -0.047408915982726 -0.14442187237062 -0.066250377090894 9.8109114015649 -0.0046612300116109 0.0005764935291971 9.8121969735768 0.00052016396913638 -8.7357636038987e-05 0.00027223315037732 0.00052405906667643 -8.5486541830136e-05 0.00026539850582614 0.20292116695899 0.017691806012954 4 4 5 5 0
49.014238153691 8.4169819172318 114.02583312988 -0.006763 0.014325 2.1079033267949 0.01202913693227 -0.0039432561507149 0.012357664934373 0.0027502707032309 -0.049314837999694 -0.13842496787221 -0.064195652477755 9.8070240070809 0.0019470373992368 0.0021197957017278 9.8082107740634 0.00022812476264893 8.6676906249938e-05 0.00034671318673144 0.0002330506571936 8.9043871060009e-05 0.0003428043008444 0.20155644370746 0.017691806012954 4 4 5 5 0
49.014238072823 8.4169818752201 114.02493286133 -0.006826 0.014301 2.1141473267949 0.010216694334565 -0.0059038748224258 0.01179790324396 0.00022125456909323 -0.04722159026043 -0.1398097451648 -0.070870158939698 9.8064406116481 0.00051009074877768 -0.0039394664994188 9.8076922347602 -5.0107250165432e-05 0.00016138412532975 0.00011242093931491 -4.8521057301936e-05 0.00016213798067243 0.00011202457413168 0.20292116695899 0.017691806012954 4 4 5 5 0
49.014238506178 8.4169834716197 113.82283782959 -0.0067 0.014511 2.1082833267949 0.016952681386223 0.0012328223164494 0.013935857843801 0.009731691384159 -0.044153498270394 -0.13624176797007 -0.062189270106736 9.8072152199017 0.0061791931949171 0.0033381218177604 9.8083560524631 -0.00029299717095979 1.843807027592e-05 -0.0011343338767245 -0.0003094167718959 1.0913554693509e-05 -0.0011300631645575 0.2288274459063 0.0162788205961 4 4 5 5 0
49.014238093437 8.4169819982757 114.10851287842 -0.006805 0.014431 2.0984563267949 0.011605779389723 -0.00059653303036168 0.010331619256463 0.0053209642487596 -0.051977827804595 -0.13598319025988 -0.06710583041637 9.8079405928532 0.005749666526093 -0.00054171529414317 9.809111383096 -0.00021606965864794 -0.00029814554893319 0.00019927186367453 -0.00021307922872598 -0.00029682010488114 0.0002044052118017 0.20144478151593 0.0162788205961 4 4 5 5 0
49.014238347285 8.4169828853799 113.96278381348 -0.006692 0.014444 2.1007533267949 0.015471637809543 0.0022649516039869 0.012193008105323 0.0097896530951315 -0.045894096520318 -0.14016717770214 -0.068808163779391 9.8085983993461 0.0016721884888545 -0.0030915395305645 9.8098407198614 0.00018662061823514 -0.00010296874308851 6.9891639604145e-05 0.00018762044003817 -0.00010249697606716 6.7890184897869e-05 0.2288274459063 0.0162788205961 4 4 5 5 0
49.014238148826 8.4169819575363 114.0835647583 -0.006752 0.014437 2.0950353267949 0.012238147665013 -0.0022008918280501 0.011693771731918 0.004227552838363 -0.053571143687584 -0.13252972769798 -0.061544708221807 9.8066085557488 0.009286132854346 0.0046076855833715 9.8076917087218 -0.00015389357528629 -0.00034541508041262 -0.00024222262568852 -0.00015734356905625 -0.00034702998396632 -0.00023763602815354 0.20193315725754 0.017691806012954 4 4 5 5 0
49.01423831181 8.4169818966917 114.04849243164 -0.006751 0.014532 2.0920913267949 0.016362128026203 -0.0040476411097162 0.016204903727852 0.004637588863086 -0.053577587286474 -0.14061240147795 -0.061497608861821 9.8036255787376 0.0016687718589834 0.0044572982835953 9.8048258665877 -0.00039489700437233 0.00043892348836209 -0.00072576138822672 -0.00040545260926577 0.00043400412601119 -0.00072288081200234 0.20106217943711 0.017691806012954 4 4 5 5 0
49.014238163517 8.4169819614314 114.08148956299 -0.006706 0.014507 2.0939913267949 0.012473072890765 -0.0020248874639494 0.011813581603019 0.0044855156689734 -0.053525283724633 -0.13804069582938 -0.070492209726002 9.8080254632849 0.0040291532708855 -0.0044161776775384 9.8092485029632 0.00050168703066698 0.000410167462036 0.0005289935229827 0.00050924319789624 0.00041370819282292 0.00051889272497004 0.20193315725754 0.017691806012954 4 4 5 5 0
49.014238164393 8.4169823074728 114.09085845947 -0.006736 0.014333 2.0952993267949 0.012486286764496 0.0022869040545365 0.0096606688008001 0.0082346484425841 -0.04832750922708 -0.13568721779729 -0.067013250784115 9.8090186128686 0.0053708951906367 -0.0010134349769709 9.8101845517447 -3.6361710868593e-05 -0.00075814262853484 -0.0011289087276319 -5.2456220021831e-05 -0.00076573924060684 -0.0011231512798041 0.2288274459063 0.017691806012954 4 4 5 5 0
49.014238164926 8.4169819708698 114.02715301514 -0.006762 0.014271 2.1050103267949 0.012212231105652 -0.0026285994051768 0.01185501897421 0.003940117645945 -0.049690959020597 -0.13959389069386 -0.066521061231203 9.806616886388 0.00060564957736211 -0.00046916734009517 9.8078360622706 -0.00025724021081424 -0.00049875841108176 0.0010885839576482 -0.00024166898138575 -0.00049136168253839 0.0010954776296964 0.20155644370746 0.017691806012954 4 4 5 5 0
49.014238231899 8.4169825036663 114.04842376709 -0.006706 0.01446 2.0984403267949 0.013923930054383 0.0017488436423024 0.011144461170957 0.0085285459865617 -0.046754133582213 -0.13987329096232 -0.068059328340884 9.8062620256475 0.0016981475230258 -0.0021217892449493 9.8074955847096 0.00036804247721634 0.00055471459830561 -0.00055049820523663 0.00035998942058601 0.00055101759739782 -0.00055945113367727 0.2288274459063 0.017691806012954 4 4 5 5 0
49.014238138836 8.416982243396 114.10483551025 -0.006723 0.014391 2.0955003267949 0.012121800055908 0.0023476982912696 0.0093151604453284 0.0081041722960809 -0.048212422197561 -0.14134449957404 -0.069342128975696 9.811032251169 -0.00011699297397822 -0.0032870390975097 9.8122946006749 0.00027333984163585 1.0555326357004e-06 0.00049364181697869 0.00028042867588719 4.377989157645e-06 0.00048964702147613 0.2288274459063 0.017691806012954 4 4 5 5 0
49.014238308562 8.4169818896381 114.05393981934 -0.006713 0.014487 2.0918783267949 0.016351566076558 -0.0037063920189654 0.016030504277561 0.0049130566378321 -0.053318764960046 -0.13969652083912 -0.066183146174316 9.8092692835791 0.0025776526145766 -0.0002881777054014 9.8104871292026 0.00021234224942993 -0.00023363984257936 -1.4361381615604e-05 0.0002121823845637 -0.00023368942189539 -1.5870274197011e-05 0.20106217943711 0.017691806012954 4 4 5 5 0
49.014238408569 8.4169830976216 113.91242980957 -0.006675 0.01446 2.1031223267949 0.01605900901414 0.0020632768327638 0.012775638484292 0.0099465434894105 -0.045455718462303 -0.1366585056707 -0.064429573030853 9.8083555212367 0.0051530235758227 0.0011669862766354 9.8095175630593 0.00025742358777244 0.00016085365787251 -0.0001085623040989 0.00025581839652548 0.00016012862397684 -0.00011336266790653 0.2288274459063 0.0162788205961 4 4 5 5 0
49.014238130936 8.4169822052669 114.109375 -0.006734 0.014419 2.0949593267949 0.011791481386084 0.0020413605812709 0.0091847710518396 0.0076710668463602 -0.048294277383142 -0.13642196792647 -0.059943532124961 9.8076044062236 0.0049130856342774 0.0061096541890665 9.8087332167458 9.2680103038051e-05 0.00018155733229237 -0.00052998290474817 8.5011299694062e-05 0.00017799400796415 -0.00053248075587069 0.2288274459063 0.017691806012954 4 4 5 5 0
49.014238117077 8.4169818598497 114.02784729004 -0.006864 0.014326 2.1119633267949 0.011502718312688 -0.0053640131798921 0.012624562187532 0.0013124261659547 -0.048230133450862 -0.14061050986443 -0.061241684869465 9.8045891326442 -0.00019127536147942 0.0056026056714642 9.8057872225613 -0.00063400958828071 0.00013724316380749 0.00071779339100804 -0.00062364690419455 0.00014222096891531 0.00072585545494789 0.20292116695899 0.017691806012954 4 4 5 5 0
49.014238329209 8.4169820212993 114.03146362305 -0.006624 0.014421 2.0903183267949 0.016389465159389 -0.0018225928745438 0.015131387824766 0.0065558032017524 -0.054524739842541 -0.13834343093698 -0.066030083354265 9.8038725429232 0.0032951468255567 -0.00082498288968503 9.8050703444834 0.0004435001633585 -0.00031752391273599 -0.00032950806558511 0.0004387110785613 -0.00031969251081303 -0.000333784930693 0.20106217943711 0.017691806012954 4 4 5 5 0
49.014238219587 8.4169819728896 114.07978057861 -0.006708 0.014462 2.0901913267949 0.013204718165398 -0.0016198567840094 0.012263350216598 0.0051575786697237 -0.052598307871724 -0.13785374293271 -0.065732242628866 9.806269575135 0.0041693094572087 0.00010087753105999 9.8074579311845 4.1589701734139e-05 -0.00037190450475009 2.4822289648211e-05 4.1936855024137e-05 -0.00037170439821011 2.6719096360402e-05 0.20193315725754 0.017691806012954 4 4 5 5 0
49.014238539206 8.4169834196594 113.82760620117 -0.006646 0.014522 2.1016543267949 0.016841337380934 0.0020172935108457 0.013506740513193 0.010260170052492 -0.045702825897008 -0.13801721309462 -0.063622842049252 9.8098105955426 0.0047713277895429 0.001857893687726 9.810986183049 0.00058971326984062 -0.00055727056282672 -0.00047606672709393 0.00058277414266763 -0.00056039722066436 -0.00048089079024876 0.23048210342671 0.017691806012954 4 8 5 5 0
49.014238114427 8.4169820652187 114.11642456055 -0.006726 0.014459 2.0962883267949 0.011729246162058 0.00065007278177893 0.0098200945208498 0.0064472379105718 -0.04945582069111 -0.13891297870209 -0.067367049521061 9.805694227172 0.0026616635950552 -0.0010077645282882 9.8069089272792 0.00084250023381295 0.0002619923351434 -0.00010048682618239 0.000840913634024 0.00026137257294187 -0.00011445134339164 0.20144478151593 0.0162788205961 4 4 5 5 0
49.014238325645 8.4169820039502 114.03260040283 -0.006635 0.014427 2.0903493267949 0.016467493473009 -0.0021420202979874 0.015356516933984 0.0063203187563136 -0.05455670843436 -0.13654281061785 -0.061178492366233 9.8124211968649 0.0053553742581479 0.0042697919018917 9.8135597184401 0.00053862539006776 -0.00040085275277813 -0.00043201534918982 0.0005323353805716 -0.00040370852742424 -0.00043707948566508 0.20106217943711 0.017691806012954 4 4 5 5 0
49.014238315164 8.4169827420823 113.99301147461 -0.006728 0.014465 2.0997603267949 0.015081600307326 0.0020210342083002 0.011994684719114 0.0093629093625911 -0.046265792632211 -0.13727895472215 -0.063598214245914 9.8042626397265 0.0045227230628132 0.0021585690327669 9.8054289158553 -0.00026362522902949 6.8671292790221e-05 -0.00038432275425899 -0.0002691691069951 6.6099848731972e-05 -0.00038092719227487 0.2288274459063 0.017691806012954 4 4 5 5 0
49.014238277778 8.4169819553712 114.07231140137 -0.006632 0.01452 2.0882703267949 0.014577504103007 -0.0018085922007329 0.013561762684108 0.0056438604780783 -0.052574667245311 -0.13923203304822 -0.069234272563942 9.8057245698401 0.0028961496069372 -0.003683954263448 9.8069564992832 0.00095318099920159 0.00029650319589186 0.00059057784611925 0.00096160335326199 0.00030044219195311 0.00057473113256524 0.20193315725754 0.017691806012954 4 4 5 5 0
49.014238451027 8.4169832943813 113.86588287354 -0.006671 0.014454 2.1059093267949 0.016418898086562 0.0020312275703345 0.013070486467521 0.010142343204203 -0.045375208260996 -0.13986654401323 -0.066277202473648 9.8096546012998 0.002269952491958 -0.0007472948831456 9.8108752565481 0.0001803513037673 -0.0004945931292328 -0.0007326534804694 0.00016979383148538 -0.00049947353503018 -0.00073187780752831 0.2288274459063 0.0162788205961 4 4 5 5 0
49.014238300935 8.4169819899354 114.04057312012 -0.006647 0.014372 2.0961863267949 0.016062726425382 -0.0018831131896216 0.014848198578153 0.0064102458882181 -0.049598688011248 -0.13936920854985 -0.066372158963182 9.8107681587856 0.0017665634604926 -0.0010201473684987 9.811982327569 0.00044452396159793 -4.6351319104813e-05 -6.7518022506179e-05 0.00044353343472648 -4.6813732997069e-05 -7.3576790958498e-05 0.20155644370746 0.017691806012954 4 4 5 5 0
49.014238517078 8.4169834471266 113.82553100586 -0.006672 0.014539 2.1073993267949 0.017125209011733 0.0013300510264499 0.014043039920619 0.0098911727662547 -0.04438193552483 -0.14428453604168 -0.065321082345646 9.8082048374465 -0.0016956625604834 0.00028604384094927 9.809483221687 0.00036158619665381 0.00013386944714893 -0.00033906364877623 0.00035658164683329 0.00013160935040476 -0.0003451724702142 0.2288274459063 0.0162788205961 4 4 5 5 0
49.014238195534 8.4169819682686 114.08138275146 -0.006717 0.014409 2.0916793267949 0.012835618750326 -0.0016813888397681 0.011965484955172 0.0049408494688583 -0.052899084663689 -0.13667073922045 -0.063921122179178 9.8096310706118 0.0052976747796495 0.0020437559014326 9.8107897468427 4.3141554682859e-05 -0.0011241013771997 0.00087720929268338 5.5865022361164e-05 -0.0011181934344517 0.00088401737687315 0.20193315725754 0.017691806012954 4 4 5 5 0
49.014238324658 8.4169820134632 114.03909301758 -0.006671 0.014419 2.0932923267949 0.016330298372031 -0.0015875252943943 0.014949014703784 0.0067625267202715 -0.051004060118654 -0.1396586315513 -0.068657768800634 9.8065559856846 0.0016052672481811 -0.0033617504236582 9.8077901499167 -6.4419590421208e-05 0.00027138645745099 -0.00023333952020151 -6.7788685479003e-05 0.00026979368118467 -0.00023417866751033 0.20155644370746 0.017691806012954 4 4 5 5 0
49.014238117893 8.4169821095179 114.11795806885 -0.006813 0.014485 2.0959123267949 0.011718241897605 0.0011398860964125 0.009570455294808 0.0068574708172148 -0.048863324951133 -0.13120443014154 -0.065222922839114 9.8046675605276 0.010234031741628 0.0010906023780615 9.8057565703013 -0.00074132313033732 0.0010002802574846 0.0001455016932877 -0.00073917580655294 0.0010012590028916 0.00014942889906378 0.20144478151593 0.0162788205961 4 4 5 5 0
49.014238318737 8.4169818979616 114.05844116211 -0.006734 0.014506 2.0901633267949 0.016292159828775 -0.0034857381288665 0.015878089635356 0.0050477110262831 -0.053283332506622 -0.13274492606017 -0.06517343477842 9.8062722460957 0.0095676300154502 0.00074655643902744 9.8073826170224 -5.8095965940473e-05 -9.7148803975522e-05 -0.00014091475022145 -6.0101489611975e-05 -9.81044846808e-05 -0.00013941908669853 0.20106217943711 0.017691806012954 4 4 5 5 0
49.014238322118 8.4169819988006 114.04000091553 -0.006667 0.014405 2.0944103267949 0.016226041165844 -0.0017260550041772 0.014919269611024 0.0066092272995632 -0.050328310175947 -0.13522527713524 -0.068083233638236 9.8066335486906 0.0059552448512574 -0.0026711866311915 9.8078001949582 0.00017918900389787 0.00016464959423458 0.00022454431373399 0.00018243036202803 0.00016612190922046 0.00022084499163296 0.20155644370746 0.017691806012954 4 4 5 5 0
49.014238502083 8.4169834973466 113.81680297852 -0.006689 0.014503 2.1089093267949 0.016816257641913 0.0017071147728548 0.013568390238545 0.010079472081924 -0.044523656373079 -0.14168730673337 -0.070516567731372 9.8062602237134 0.00050146916997455 -0.0049146706292983 9.8075362530171 3.1011018191685e-05 0.0002375630064428 -0.00049045837249456 2.3877685198945e-05 0.00023429383043379 -0.00049245279089661 0.2288274459063 0.0162788205961 4 4 5 5 0
49.014238121854 8.4169820322297 114.1078414917 -0.006784 0.014479 2.0954373267949 0.011920290223991 -0.00011143988365904 0.010373784661861 0.0058727588277706 -0.0518598494082 -0.14221058426596 -0.06524829279606 9.8057222568662 -0.0005060771482422 0.0011981735631744 9.8069703519282 -0.00010095600457954 0.00061173072976333 -0.00078792011127546 -0.00011235986868391 0.00060638195693905 -0.00079049900861882 0.20144478151593 0.0162788205961 4 4 5 5 0
49.014238060085 8.4169819479036 114.10774993896 -0.006803 0.014433 2.1018273267949 0.010956139733755 -0.0018297951917727 0.010376312531463 0.0039649287266367 -0.05143957977265 -0.13818280065499 -0.063002818042271 9.8034849150745 0.0032119367188492 0.0035413703622023 9.8046601980868 -0.00016427478488251 0.00022033062649735 -0.00054335270128331 -0.00017213922976405 0.00021664104793756 -0.00054239824044254 0.20144478151593 0.0162788205961 4 4 5 5 0
49.014238205678 8.4169820092044 114.03229522705 -0.006724 0.014269 2.1008263267949 0.013819386025932 -0.002037993243148 0.012960929731303 0.0052099996318943 -0.049693992902581 -0.14047196888053 -0.068507636203434 9.8080063848767 -1.6880583701891e-05 -0.0026659970798005 9.8092511836069 2.0580986388952e-05 -0.00057268518831784 0.00014671033876023 2.270538562452e-05 -0.00057167162733553 0.00015022939966753 0.20155644370746 0.017691806012954 4 4 5 5 0
49.014238496119 8.4169835274588 113.81007385254 -0.006686 0.014484 2.1096263267949 0.016731697180502 0.0020414710883736 0.013317270212863 0.010332717185423 -0.045062846699857 -0.1344446270889 -0.066769216682442 9.806522872662 0.0077300932968334 -0.0012753995059015 9.807668825373 -0.00012445204589033 -7.1234032511123e-05 2.5172804842153e-05 -0.00012404818144986 -7.1060848213512e-05 2.7434326181625e-05 0.2288274459063 0.0162788205961 4 4 5 5 0
49.014238123648 8.4169819330513 114.08563232422 -0.006764 0.014432 2.0977583267949 0.011866434859482 -0.0024132937627602 0.011466633837791 0.0038928039948349 -0.053652713102594 -0.13761461455382 -0.067239899332034 9.8092944542401 0.004092179330189 -0.0007600180816897 9.8104892789988 0.0002175342379567 -0.00031160486490826 -0.0013706291919419 0.00019775883773712 -0.00032087371188057 -0.0013714885304864 0.20193315725754 0.017691806012954 4 4 5 5 0
49.01423818568 8.4169823652277 114.07846832275 -0.006736 0.014425 2.0953523267949 0.012803149687323 0.0023404446067111 0.0099022271988483 0.0084467766053124 -0.048204034210226 -0.13882148279511 -0.063628047765182 9.8034299370432 0.0024416976780367 0.0021513416387636 9.8046188193977 -0.00046899767663598 0.00036712418449698 0.00074129892411229 -0.00045828539014895 0.00037209491411723 0.00074551929583188 0.2288274459063 0.017691806012954 4 4 5 5 0
49.01423813917 8.4169819507666 114.08514404297 -0.006768 0.014457 2.0959683267949 0.012158560237885 -0.0021997650492577 0.011618979540498 0.0042038266598302 -0.053909580773254 -0.13942275768736 -0.067042705550448 9.8080063653169 0.0022305007960541 -0.00070563971866841 9.8092262800113 -0.00021360993959775 0.00034819238211216 0.0007057883078932 -0.00020343118138745 0.00035292069482898 0.00070643192320654 0.20193315725754 0.017691806012954 4 4 5 5 0
49.014238520055 8.4169834358089 113.82553863525 -0.006739 0.014543 2.1065243267949 0.01723127381452 0.0014185520046554 0.014101065558949 0.010004526217212 -0.044900052315555 -0.13601278369357 -0.06616594731791 9.8080227102205 0.006771651743328 -0.00044124798598694 9.8091864155876 -0.00060305708775882 -0.00014234687684832 0.00058183865366203 -0.00059452474354631 -0.00013842360503864 0.00059146882121679 0.2288274459063 0.0162788205961 4 4 5 5 0
49.014238097999 8.4169819381165 114.09311676025 -0.006789 0.014485 2.0993213267949 0.011409936443537 -0.0024271384521694 0.011073406722488 0.0036682097706401 -0.05280327380525 -0.13745702090329 -0.065772917282355 9.8066057011944 0.0041907022160287 0.00069852438231491 9.8077890319137 -0.00023524319014898 0.00066178044585498 -0.00032874230867858 -0.00024003027786987 0.00065955309346695 -0.00032981988213742 0.20193315725754 0.017691806012954 4 4 5 5 0
49.014238070674 8.4169819647549 114.10749053955 -0.006774 0.014407 2.1008983267949 0.011096534970126 -0.0014287860039684 0.010298451313164 0.0043725642873739 -0.051595060807392 -0.1458094645981 -0.066785772722966 9.8160367798506 -0.0042033490138064 -0.00012060947916653 9.8173463617742 0.0004035910095419 -0.00030959998183484 6.5597203455394e-05 0.0004045196789274 -0.00030914806314942 6.1867939977901e-05 0.20144478151593 0.0162788205961 4 4 5 5 0
49.014238312599 8.4169819365757 114.06550598145 -0.006702 0.014492 2.0876493267949 0.015468419276199 -0.0022877651935782 0.01457653540019 0.0056593719858296 -0.053088349299802 -0.13705204351474 -0.065104532961549 9.8084100833992 0.0051035004133327 0.00053190232039363 9.8095821943258 -0.00012625446837205 -0.00018288652637232 -0.00046625191096982 -0.00013297685115858 -0.00018599773568345 -0.00046315034222923 0.20193315725754 0.017691806012954 4 4 5 5 0
49.014238248064 8.4169819712174 114.07842254639 -0.006729 0.014489 2.0887883267949 0.013734917530442 -0.001707151612152 0.012774759644438 0.0053261951445609 -0.05230912811335 -0.13336582395135 -0.065483107379477 9.8060927702907 0.0087131570122824 0.00024041222043797 9.8072142804254 -0.00050727792456939 -9.7622856958598e-05 0.00070601064186229 -0.0004969638853704 -9.290539274691e-05 0.00071395675647235 0.20193315725754 0.017691806012954 4 4 5 5 0
49.014238259053 8.4169819983557 114.03612518311 -0.00673 0.014365 2.0983643267949 0.014951827621972 -0.002208482798144 0.014037077556433 0.0056039038314193 -0.049511529909936 -0.1361303680163 -0.063103144474005 9.8056491800694 0.0048124667799663 0.0025798594609458 9.8067957185272 -0.00038326232774295 0.00010458005872981 -0.0004671134101327 -0.00038994662555792 0.00010143669439177 -0.00046226153099375 0.20155644370746 0.017691806012954 4 4 5 5 0
49.014238106158 8.4169820143372 114.10856628418 -0.006753 0.014431 2.0970693267949 0.011793441385619 -0.00021210956440504 0.010308836870731 0.0057323317524472 -0.052117273990487 -0.13230680011222 -0.066534730689904 9.8071135112851 0.0094847586112859 -0.00021959858899554 9.8082270013721 0.00026823038579054 -0.00040694932483433 0.00031755364930822 0.00027285685021289 -0.00040478401365274 0.00031637534253374 0.20144478151593 0.0162788205961 4 4 5 5 0
49.014238331201 8.4169820474445 114.03340911865 -0.006606 0.014428 2.0906993267949 0.016402637879518 -0.00086758285617454 0.014667697828175 0.0073930581595921 -0.053288910237903 -0.13994293273121 -0.068092245280914 9.8091154485444 0.0015147841223507 -0.0030560250492214 9.8103493637173 0.00045305075125741 0.00024587195973301 0.0001997588794833 0.00045586098530969 0.00024719284090991 0.00019158453286102 0.20155644370746 0.017691806012954 4 4 5 5 0
49.014238144072 8.4169818844838 114.02490997314 -0.006792 0.014289 2.1097763267949 0.012035807408482 -0.0046907671705773 0.012739917220657 0.0021387897057379 -0.048944485423908 -0.13968549405331 -0.070591423197132 9.8086559074171 0.00076732443767777 -0.0039615298482578 9.8099038402541 0.00020879516532976 -0.0005633396446039 0.0003942854418753 0.00021447642080149 -0.00056061441761648 0.00039505487383347 0.20292116695899 0.017691806012954 4 4 5 5 0
49.014238324259 8.4169819694416 114.03602600098 -0.00669 0.014469 2.0907453267949 0.016482273832872 -0.0026958604780806 0.015642567429407 0.0058521268649887 -0.054539995198301 -0.14372881946849 -0.067927391847066 9.8041709733014 -0.0017500426370974 -0.0022919067781509 9.8054590803131 9.9364265866676e-06 -5.6370293794999e-05 0.00030601937046346 1.4402996098787e-05 -5.4310718145515e-05 0.00030623519935746 0.20106217943711 0.017691806012954 4 4 5 5 0
49.014238078004 8.416981978456 114.10861968994 -0.006765 0.01444 2.0999403267949 0.011306467149338 -0.0012335230642473 0.010386331586094 0.004635519463825 -0.051768294878268 -0.14131138625709 -0.061268215103175 9.80515609586 0.00020671718796784 0.0050489535811377 9.806365008313 9.0831717599778e-05 0.00017217932388162 -0.0003541821751446 8.573955401192e-05 0.00016982577628329 -0.00035655374730123 0.20144478151593 0.0162788205961 4 4 5 5 0
49.01423825869 8.4169825904248 114.02876281738 -0.006706 0.014455 2.0996023267949 0.014641165727544 0.0016551299541688 0.011805579590911 0.0088164165075405 -0.046570098294026 -0.13681990451254 -0.06971841391502 9.8073268893249 0.0049726810625879 -0.0038275067776704 9.8085270660675 0.0003258127080577 0.00020124940379562 0.00054830926188863 0.00033368390412304 0.00020491814681275 0.00054219803658067 0.2288274459063 0.017691806012954 4 4 5 5 0
49.014238074599 8.416981943384 114.10073852539 -0.006771 0.014415 2.1010233267949 0.011117878786284 -0.0021425279374869 0.010673993940526 0.0037767405064891 -0.052041488323164 -0.13451495496775 -0.066636206965998 9.8069623960093 0.0069568923765919 -0.00017646040320199 9.808108861508 0.00010601671066048 -0.00019848981137955 0.0002469811013224 0.00010961605074657 -0.00019683082452283 0.00024674945194111 0.20144478151593 0.0162788205961 4 4 5 5 0
49.014238196606 8.4169824226049 114.06845092773 -0.006731 0.014403 2.0967353267949 0.013384350593435 0.002188493949327 0.010469265328373 0.0086215620842056 -0.047301937648654 -0.13504342368709 -0.064695901090767 9.8101104552697 0.0065044384922387 0.001368842648401 9.8112511690647 2.9772907141244e-05 -0.00017730819888277 -0.00028509889997355 2.5734902126378e-05 -0.00017919524422744 -0.00028427521486375 0.2288274459063 0.017691806012954 4 4 5 5 0
49.014238124138 8.4169821472106 114.11748504639 -0.006723 0.014415 2.0951253267949 0.011645000018432 0.0015847776853291 0.0092872932710875 0.0072016259494379 -0.048550991009841 -0.13904241482692 -0.067855553440818 9.8075114042408 0.0023086598862955 -0.0017043518607846 9.8087312599734 0.00050069469041613 -2.7437021993882e-05 0.00014139801558683 0.00050269960800532 -2.6479702426438e-05 0.00013433610636289 0.2288274459063 0.017691806012954 4 4 5 5 0
49.01423832726 8.4169819181959 114.06108856201 -0.006649 0.014518 2.0882743267949 0.01602232940978 -0.002842749053319 0.015333312939007 0.0054484203112738 -0.05343179593959 -0.13725983712143 -0.066652122760699 9.8039777216642 0.0049835427006091 -0.0010891851391452 9.8051637394736 0.00079507458612071 8.5113764965181e-05 0.00073064089221594 0.00080560212164846 8.9991012682836e-05 0.00071845077815582 0.20106217943711 0.017691806012954 4 4 5 5 0
49.014238174039 8.4169820149633 114.02851867676 -0.006712 0.014247 2.1023523267949 0.01280657365216 -0.0018748228249268 0.011994927746531 0.004862585260776 -0.049689455117604 -0.13514529178964 -0.066365938600355 9.8070451554617 0.005015685087344 -0.00050585790888204 9.8081995845016 0.00022956690290443 -0.00054338775094244 0.00022532129457842 0.0002328237980508 -0.00054187375316766 0.00022564926475813 0.20155644370746 0.017691806012954 4 4 5 5 0
49.014238318885 8.4169819415527 114.04175567627 -0.006721 0.014485 2.0911023267949 0.016428283330084 -0.0035213364191406 0.016003430243722 0.0051169022982411 -0.054111897905797 -0.13980986729347 -0.068251546608652 9.811047607767 0.0025260172534528 -0.0024199436004581 9.8122804487292 -0.00032473721413752 -0.00017216165408659 0.0009201986486212 -0.00031137237363421 -0.00016597489332547 0.00092596238816609 0.20106217943711 0.017691806012954 4 4 5 5 0
