49.014238864552 8.4169723615556 118.56015014648 -0.006596 0.014127 2.1287203267949 0.01209069357504 -0.013524956505449 0.017416327353356 -0.0050772247559432 0.0365676603348 -0.13744514718241 -0.062958112826423 9.8066335303629 0.0012715342586707 0.002224751620001 9.8077983562589 0.00082340519878391 -0.00018670957528035 -0.00032321358682312 0.00081880105646655 -0.00018885581185081 -0.00033358685248453 0.25109759058979 0.021931712199461 4 4 5 5 0
49.014238661906 8.4169731928173 118.44892120361 -0.00644 0.013935 2.1323233267949 0.0013394257204459 0.0095460978050688 -0.00394929585931 0.008793480426797 0.022071425816096 -0.13767322197866 -0.065632613321856 9.8090212778725 -0.00081978992688705 -0.0023953560089432 9.8102062474181 0.00029785990059964 -0.00036277897505238 0.0013693047168546 0.00031697772696813 -0.00035396947251917 0.0013673518725415 0.25644492586129 0.02475883680628 4 4 5 5 0
49.01423887444 8.4169723171634 118.56889343262 -0.006674 0.014127 2.1282483267949 0.01281861704625 -0.014843445275554 0.018728231063178 -0.0058220906462915 0.037308854245707 -0.14081815361053 -0.0675606889878 9.8102375948245 -0.0019304844514056 -0.0020171573452565 9.8114802254862 9.4767510543905e-05 -0.00040609409916149 -0.00065252633316506 8.5591719448905e-05 -0.00041046290696503 -0.00065107640102129 0.24888752479785 0.021931712199461 4 4 5 5 0
49.014238868766 8.4169724940794 118.52514648438 -0.00656 0.014062 2.1294993267949 0.010970083510315 -0.0094671759375794 0.014320075041617 -0.0022143738115323 0.03293770903033 -0.14061331789487 -0.069022238910099 9.8078813077072 -0.0023308058690583 -0.004289115996862 9.8091307726501 0.00060262868779491 -0.0005798046947574 0.0003954003556658 0.00060820245621451 -0.0005771884919788 0.00039070729812616 0.25109759058979 0.021931712199461 4 4 5 5 0
49.014238574917 8.416973208196 118.44634246826 -0.0065 0.013917 2.1328643267949 -0.000926471631661 0.0099553571991592 -0.0060894371181437 0.0079299839246503 0.021710461925393 -0.13879158853339 -0.070361429189081 9.8010273587715 -0.0022964683894054 -0.0066960641872112 9.8022600687265 0.00012224049157854 -3.5640740712062e-05 -5.1478103094457e-05 0.00012151371883754 -3.5980059227465e-05 -5.2927352899791e-05 0.25644492586129 0.02475883680628 4 4 5 5 0
49.014238772167 8.4169727288192 118.48523712158 -0.006574 0.014015 2.1308733267949 0.0068562278425915 -0.002732213653406 0.0072603415407213 0.0013265682051933 0.027924737243648 -0.1370715134938 -0.067464643415442 9.8046022011831 0.00023950593541765 -0.0032880766758754 9.8057920891103 -0.00048276219319073 0.00028213361369966 0.001302787422301 -0.00046453867126352 0.00029067306164387 0.0013075123931416 0.25109759058979 0.021931712199461 4 4 5 5 0
49.014238490415 8.4169732636562 118.42588806152 -0.006502 0.013906 2.1294823267949 -0.0048783769812807 0.011246975749152 -0.010099880934188 0.0069488357303194 0.018433637703151 -0.13581185958204 -0.070017179976507 9.8039828483974 0.0005318778564213 -0.0061763747564637 9.805171549366 0.00027618426788371 -6.3926657579798e-05 0.00020718731474243 0.00027903109562196 -6.2582586386658e-05 0.00020373158658967 0.25703112651973 0.02262741699797 4 4 5 5 0
49.014238484397 8.416973240196 118.4298248291 -0.006552 0.0139 2.1291383267949 -0.0051350804624893 0.010845822981233 -0.010102593860775 0.006476082414502 0.018438925246859 -0.13732176097637 -0.064828057169605 9.8078465163356 -0.0010152986162849 -0.00071093942363003 9.8090219562298 -9.4813396537241e-05 -3.1757163616165e-05 -0.00052054269101456 -0.00010205511957861 -3.5166333417489e-05 -0.0005189626310478 0.25703112651973 0.02262741699797 4 4 5 5 0
49.014238675965 8.4169730601776 118.4439239502 -0.006547 0.013936 2.1329253267949 0.0029637990025358 0.0046318195000959 3.9901566481092e-05 0.0054986079548072 0.02368587663672 -0.14007656393651 -0.067811006372088 9.8112563988709 -0.0031458522953164 -0.003865299637525 9.8124892984367 -0.0007122830879239 -0.00013564605064096 -0.00049450410468669 -0.00071907793339723 -0.00013885222831092 -0.00048364387407231 0.25307113624434 0.02262741699797 4 4 5 5 0
49.01423872101 8.4169728596873 118.46961975098 -0.006521 0.013992 2.1318613267949 0.0045861988562306 0.00075390586393096 0.0034821771572224 0.0030780596029296 0.025981102193386 -0.13729630200052 -0.064879649534244 9.8023896618924 -0.00022011475376665 -0.0008199328373448 9.8035655686652 0.0002499658217143 0.00025857175099443 -0.00094178871443108 0.00023674818978693 0.00025244731802641 -0.00094689621130887 0.25307113624434 0.02262741699797 4 4 5 5 0
49.014238666252 8.416973132244 118.43500518799 -0.006435 0.013944 2.1332263267949 0.0024691630071528 0.0063410333818195 -0.0012914573072833 0.0066810143568062 0.022751759815626 -0.13640931120741 -0.064485153953012 9.8086566133499 0.00034220201073148 -0.00090900633024382 9.8098168385252 0.00067240077331758 0.00019505789166634 0.00031840403954958 0.00067676053522268 0.00019709809082615 0.00030773263749717 0.25307113624434 0.02262741699797 4 4 5 5 0
49.014238785114 8.4169727079853 118.48448181152 -0.006545 0.014032 2.1306353267949 0.0075534289213564 -0.0035669463346096 0.0082945199445745 0.00098866797452416 0.028235023637236 -0.13352153956831 -0.062348176277419 9.8125294871287 0.0039876165562435 0.0017343775550667 9.8136347258573 -0.00018875509965488 0.00048278951336125 -0.00081704847013301 -0.00020024602227157 0.00047746239175336 -0.00081744650975125 0.25109759058979 0.021931712199461 4 4 5 5 0
49.014238657263 8.4169731999725 118.4274597168 -0.006432 0.013922 2.1334813267949 0.0019676577646922 0.0080342063796518 -0.0026206944611861 0.007845413690692 0.021646712564023 -0.13419385754796 -0.067143086639837 9.8076111178417 0.0024993859954283 -0.0038776880529593 9.8087577717903 0.00021629017842004 -0.0001576182479657 0.00035813886265743 0.00022125369372391 -0.00015533563306028 0.00035608374227354 0.25307113624434 0.02262741699797 4 4 5 5 0
49.014238504445 8.4169731565706 118.44258880615 -0.006523 0.013961 2.1282083267949 -0.0051324104759115 0.009541167925786 -0.0094042051060414 0.0053793576673369 0.019174768230602 -0.13939099428162 -0.065663487879476 9.8104392019467 -0.0026998510382619 -0.0015616500324219 9.8116486101478 0.00034714078298592 0.00030890178642031 0.00018209375568306 0.00034959290366763 0.00031007941916025 0.00017524088131251 0.25703112651973 0.02262741699797 4 4 5 5 0
49.014238880717 8.4169723020478 118.56828308105 -0.006666 0.014226 2.1277133267949 0.013586932529884 -0.015862453867217 0.019914424370541 -0.0062958142296579 0.037717420708024 -0.13616019321995 -0.064081136831313 9.8045306424413 0.0028293115790691 0.0014213674380955 9.8056848486302 0.00021592918835495 0.0010714587501406 0.0013053309020147 0.0002343076692483 0.0010801465109904 0.0012948942055099 0.24888752479785 0.021931712199461 4 4 5 5 0
49.014238670424 8.4169732105517 118.43995666504 -0.006484 0.013963 2.1323383267949 0.0015169254484156 0.009744828746885 -0.0039072308405027 0.0090551982232465 0.021436382260547 -0.13900056542769 -0.066625896435487 9.8057371419879 -0.0023465105494894 -0.0033962835442221 9.806947768102 -0.00046254397951931 0.00033263930227684 0.00068714336325133 -0.00045292740146304 0.00033708372209176 0.00069136144663467 0.25644492586129 0.02475883680628 4 4 5 5 0
49.014238757721 8.4169727665866 118.4807510376 -0.006558 0.013959 2.1311683267949 0.0062248225273941 -0.0017328313081822 0.0061940902717063 0.0018393533459028 0.027388652397308 -0.1349110809746 -0.067277303251139 9.8063444296095 0.0022130865917288 -0.0031802194110638 9.8075026161991 -0.00040178745700494 -0.00031530423557518 0.0011058301855411 -0.00038630147239452 -0.00030804428972274 0.0011133389274691 0.25109759058979 0.021931712199461 4 4 5 5 0
49.014238507338 8.4169730888793 118.45149230957 -0.006561 0.01398 2.1274393267949 -0.0049988203057996 0.0081284317621866 -0.0085394496382473 0.0042588749183671 0.019500255426936 -0.1437383267037 -0.068432988261455 9.8079497011046 -0.0069134532734415 -0.0042001634161945 9.809238249378 -6.375346793986e-05 0.00041904362790869 0.00028726483328267 -5.9771591595167e-05 0.00042091210396421 0.00028540209885257 0.25703112651973 0.02262741699797 4 4 5 5 0
49.014238808318 8.4169726758829 118.48973846436 -0.006487 0.014017 2.1305233267949 0.0085774323436494 -0.0048282511200815 0.009832000805405 0.00046189199941214 0.029249168727784 -0.13935559143517 -0.0645616593107 9.8075362768289 -0.0016751570111117 -0.00058224242133794 9.8087383829583 0.00062550682422545 -0.00013452266632427 -0.0016669168299891 0.0006021006944159 -0.00014531706435699 -0.0016746141628371 0.25109759058979 0.021931712199461 4 4 5 5 0
49.014238868137 8.4169724495448 118.53582763672 -0.006604 0.014084 2.1292573267949 0.011226892912311 -0.010826822624648 0.015257706039774 -0.0032347597021992 0.033927264994502 -0.13556616115847 -0.066728969458119 9.8086763419456 0.0027603621591273 -0.0018549242313677 9.8098394171475 9.8982839869664e-05 -0.00026019986248223 0.00031338256366732 0.00010343813378997 -0.00025813564670778 0.00031367633345512 0.25109759058979 0.021931712199461 4 4 5 5 0
49.014238489573 8.4169731958303 118.43701934814 -0.006542 0.013899 2.1287053267949 -0.0053633412325539 0.010365452274893 -0.010039085699526 0.005951973506948 0.018746553838588 -0.14046867151761 -0.065094266923872 9.80749270346 -0.0040688588678361 -0.000905939056926 9.8087137689831 0.00022105589585572 -0.00035801448511035 0.00073009995805875 0.00023121468518026 -0.00035322768397028 0.00072931006724768 0.25703112651973 0.02262741699797 4 4 5 5 0
49.014238665836 8.4169732291317 118.4327545166 -0.006464 0.013919 2.1328543267949 0.0015292616736942 0.0097284642488484 -0.003892143740809 0.0090461677344296 0.021293257963977 -0.14226175711042 -0.063410958199202 9.8106621648024 -0.005578416702496 -0.00014639092815129 9.8118969989565 -0.0001704909510361 -0.00033455018837057 0.0010526204583347 -0.00015577952842879 -0.00032774737335249 0.0010570480839338 0.25307113624434 0.02262741699797 4 4 5 5 0
49.014238872796 8.416972519965 118.51976013184 -0.006535 0.014098 2.1296513267949 0.010551485344648 -0.0082824728200691 0.013337550261987 -0.0014288934572368 0.031869059936891 -0.13789872917467 -0.064595141389779 9.808041935323 0.00038267354317979 -5.5654753414815e-05 9.8092239404087 0.00075252880038739 2.6757505778755e-05 0.00024654184087486 0.00075593197760351 2.8368671740884e-05 0.00023572855083496 0.25109759058979 0.021931712199461 4 4 5 5 0
49.014238636296 8.4169731802706 118.45155334473 -0.006468 0.01396 2.1325023267949 0.00073634698094359 0.0094101525366558 -0.0043881879423697 0.0083568289026374 0.022260440422883 -0.14326817054453 -0.065684681782186 9.8047418406632 -0.0065428429826338 -0.0023347087475062 9.8060059770887 0.00011682663350718 0.00029781137601766 6.639071224372e-06 0.00011690025744355 0.00029783408438258 3.0851029783151e-06 0.25644492586129 0.02475883680628 4 4 5 5 0
49.014238522588 8.4169732699679 118.43293762207 -0.006498 0.013913 2.1321163267949 -0.0030379880852848 0.011067796607999 -0.0084637448564727 0.0077518557331482 0.020129904218259 -0.13424718658345 -0.065557189666901 9.8042488143605 0.0021488692118418 -0.0017335403531543 9.805387240339 0.00022756511048489 0.00010581102271682 0.0010808396963165 0.00024257955933722 0.00011284476163812 0.0010768386029645 0.25644492586129 0.02475883680628 4 4 5 5 0
49.014238827409 8.4169726245652 118.50165557861 -0.006528 0.014034 2.1304533267949 0.0095748021572649 -0.006647972677468 0.011643070181574 -0.00055490165402058 0.030712384275561 -0.13589302795171 -0.064551905766111 9.8111830482781 0.0020804771190191 -0.00030478952445512 9.8123362958908 0.00021422318959441 -0.00014644042034435 0.00040144964995895 0.00021985274171747 -0.00014381975650484 0.00039935195245586 0.25109759058979 0.021931712199461 4 4 5 5 0
49.014238498745 8.4169732706347 118.42834472656 -0.006531 0.013866 2.1303143267949 -0.0044272836813642 0.011530966414668 -0.0098747691076847 0.0074199017375126 0.019090660652452 -0.14483891253969 -0.066661361462131 9.8136243390956 -0.0086113594131417 -0.0026089439431277 9.8149153229358 4.0190557169314e-05 -0.00030864252800284 0.00016209458625987 4.2466807080569e-05 -0.00030753485656971 0.00016353202655588 0.25703112651973 0.02262741699797 4 4 5 5 0
49.014238691126 8.4169729568221 118.45893859863 -0.006534 0.013973 2.1325863267949 0.0035030568587859 0.002832913371697 0.0014562219286452 0.0042632121815162 0.024947823194748 -0.13309347988996 -0.06251351404291 9.803378818021 0.0039442804324575 0.0014895873961884 9.8044804945166 -0.00017132244850517 4.4147814025882e-05 0.00017166758538647 -0.00016891882668699 4.5283215760804e-05 0.00017374185801676 0.25307113624434 0.02262741699797 4 4 5 5 0
49.014238494942 8.4169732634897 118.42659759521 -0.006533 0.013893 2.1298413267949 -0.0047272941552874 0.011415673563022 -0.010063979477181 0.0071681805053366 0.018821672423432 -0.14162409586988 -0.065278410402334 9.8054842805557 -0.0053273124469164 -0.0013388157579679 9.8067227691099 -0.00010505771487766 -0.00018800223220224 0.0012284757657165 -8.7988914741435e-05 -0.00017998036603383 0.0012309979687999 0.25703112651973 0.02262741699797 4 4 5 5 0
49.014238865678 8.4169724158043 118.54476165771 -0.006611 0.014099 2.1290803267949 0.011549297215809 -0.011991936292901 0.016147355775103 -0.004056214432554 0.035138422243374 -0.13921545267401 -0.067385160364437 9.8033961005621 -0.000831352886582 -0.0024812529933971 9.8046157651738 4.9123451141769e-05 -0.00020243933002188 0.0006808879363215 5.8715185780061e-05 -0.00019793468651802 0.00068146467510733 0.25109759058979 0.021931712199461 4 4 5 5 0
49.014238501867 8.4169732751814 118.42977142334 -0.006498 0.013872 2.1307663267949 -0.0038360552463308 0.011267770182838 -0.0092379301670847 0.0075060651560881 0.019532644969922 -0.13695289740163 -0.06322654332245 9.8034773227612 -0.00067248198078757 0.00057650812224187 9.804637999301 0.00028105875430369 -0.00040492099719646 -0.00027264094383295 0.00027728997019626 -0.00040669387362859 -0.00027390241528792 0.25644492586129 0.02475883680628 4 4 5 5 0
49.014238543265 8.4169732290851 118.44087219238 -0.006539 0.013928 2.1322913267949 -0.0024087828187891 0.010367914416069 -0.007560201424639 0.0074926843408387 0.021002024971381 -0.14287814166782 -0.066004417618005 9.8086972595259 -0.0063407376873417 -0.0020693049388715 9.8099579684203 -0.00031162983994536 0.00019715945581565 0.00063671206325183 -0.00030271536610866 0.00020133312430243 0.00063969868901672 0.25644492586129 0.02475883680628 4 4 5 5 0
49.014238509261 8.4169731160484 118.44664001465 -0.006556 0.013964 2.1277333267949 -0.005064481911469 0.0087373631418047 -0.0089189702805717 0.0047374787098647 0.019348843787539 -0.13488597151307 -0.06508056229898 9.8081159945679 0.001986833237584 -0.00085283355601522 9.8092591907394 5.4722718215406e-05 -1.8787675118618e-05 0.00047248732761986 6.130314533793e-05 -1.5692246952598e-05 0.00047179546242127 0.25703112651973 0.02262741699797 4 4 5 5 0
49.014238617429 8.4169731813656 118.45185089111 -0.006501 0.013971 2.1327063267949 7.8958892163703e-05 0.0095278965657485 -0.0050087365130321 0.0081054705362655 0.022248836409323 -0.14212329983131 -0.063994408712818 9.8104227464662 -0.0052467062914146 -0.00045183236787753 9.8116595407113 -0.00025018592576048 0.00037058010367162 0.00044081000489699 -0.00024403343044976 0.00037343912355968 0.00044186281845159 0.25644492586129 0.02475883680628 4 4 5 5 0
49.014238556593 8.4169731979433 118.44886779785 -0.006518 0.013959 2.1324903267949 -0.0016717284755487 0.01001747124735 -0.0067518753985662 0.0075866338286615 0.021433682512362 -0.13299599437708 -0.064474523335817 9.8100690488435 0.0036523981679224 -0.00058283132686136 9.811181739618 0.00011989030938205 0.00056504376629934 -0.00074746467557069 0.00010940978526679 0.00056016878675383 -0.0007527300397294 0.25644492586129 0.02475883680628 4 4 5 5 0
49.014238735004 8.4169728218856 118.47352600098 -0.006557 0.013967 2.1316273267949 0.005295133720382 -0.00040884436892916 0.0047019244680954 0.0024689729009506 0.026709644221785 -0.14498628358917 -0.065986847601633 9.812502365533 -0.0079582171864515 -0.0017271545988484 9.8137918475762 -0.0001785932233587 0.00018691924670416 0.00036407593654179 -0.00017352760054993 0.00018929109893686 0.0003652792750637 0.25307113624434 0.02262741699797 4 4 5 5 0
49.014238530478 8.4169732488573 118.43826293945 -0.006556 0.013843 2.1314193267949 -0.0032256452826189 0.011155667568447 -0.0086657392069218 0.0077304268490846 0.020036158772344 -0.13307120042297 -0.065137829157299 9.8119992648895 0.0033877872657439 -0.0011911380972813 9.8131175767119 -0.00058260547281905 -0.0012257761045804 0.0003562518924521 -0.00057740196523343 -0.0012234719930116 0.00037228801630125 0.25644492586129 0.02475883680628 4 4 5 5 0
49.014238702778 8.4169729065537 118.46466827393 -0.006566 0.013995 2.1323233267949 0.0040305117004594 0.0018875424951836 0.0024072499124733 0.0037431864161313 0.025529838400346 -0.13795504412804 -0.071422598808809 9.8063258971993 -0.00082921926134641 -0.0072822007859849 9.8075534141758 -0.00047717887640928 0.00032534191297766 0.00069347851723359 -0.00046748585532949 0.0003299006723697 0.00069791819488142 0.25307113624434 0.02262741699797 4 4 5 5 0
49.014238659163 8.4169732385864 118.42650604248 -0.006448 0.01397 2.1332093267949 0.0016231142604989 0.0093243588300211 -0.0036005297971728 0.0087529319396458 0.020992822854541 -0.13997852925575 -0.065533840283797 9.8102126888947 -0.0033484036318178 -0.0023963948398617 9.8114296235339 -0.00019952747524695 0.00070029670977476 0.00048448476131047 -0.00019277559118159 0.00070344114375738 0.00048271034493372 0.25307113624434 0.02262741699797 4 4 5 5 0
