49.045155569717 8.437479323341 112.27777862549 0.033658 0.009387 2.4352603267949 13.780907826212 -16.013879421263 21.127016441175 0.08310898650047 -0.0049839871992479 0.32348748928054 0.24098092816613 9.4524571308117 0.40133141702081 -0.078826598675093 9.4523383084942 -0.0026525436719558 0.020144849525967 0.0054252973490377 -0.0026012562332809 0.019949962589658 0.0061169285833636 0.44220018091358 0.038897300677553 4 7 4 4 0
49.04401222089 8.4395124777858 112.87921142578 0.040861 0.007857 2.4497693267949 10.589285841578 -12.644744891254 16.492941207888 0.075495836995278 -0.041807988359667 0.51171688019551 0.71890147977603 9.6614513173076 0.5868213126356 0.32898775941466 9.6783600277824 0.0093405236336977 0.0021052610153607 0.014306765585588 0.0094520155053594 0.001526932318168 0.014309127041997 0.45115961698716 0.050931326312987 4 7 4 4 0
49.045258516791 8.4372957424048 112.05576324463 0.041203 0.009305 2.4397583267949 13.827549989321 -16.245748992304 21.33356798547 0.066864639922549 -0.012750492006004 0.11755575890564 0.54347896559714 9.6272124370436 0.19791846108547 0.14318880185274 9.6404238993777 -0.005804210377389 0.016618835615452 0.003105548783741 -0.0057723699220293 0.016474992238083 0.0038427313674666 0.44220018091358 0.038897300677553 4 8 4 4 0
49.044386561629 8.4388461043515 112.36448669434 0.04483 0.006797 2.4353213267949 12.22927501267 -14.241682549748 18.771704711588 0.061582101755575 -0.060034212072984 0.60068445885657 0.5889415017457 10.004905477114 0.66977909361472 0.13286153917556 10.017004821862 -0.012652131618196 -0.0021102906784722 -0.00011419317909604 -0.012653078413961 -0.0021035367665304 -0.00012572413212293 0.46020212950398 0.046669047558312 4 7 4 4 0
49.043508146959 8.4404148226079 113.24604797363 0.028552 0.008748 2.4407383267949 7.2695067960068 -8.5125801978263 11.193949837626 0.07275836815966 -0.053389961705618 0.98506341637741 0.13082681303205 10.009041304253 1.0669059352485 -0.14802444669322 10.000439886187 0.012422031599471 0.0096270816867099 -0.010821516840379 0.012334814323858 0.0099252980549309 -0.010648271005211 0.45075159456179 0.050328918128646 4 8 4 4 0
49.044072086874 8.4394039655597 112.87718963623 0.041547 0.005407 2.4506963267949 10.783150520022 -12.981494617847 16.875824305445 0.046267638244495 -0.0058070249502923 0.5675727627317 0.18432129520905 9.8485101202949 0.62219679664924 -0.22689515439519 9.844411017743 -0.003731728533599 -0.0031115097454096 -0.0073419866205326 -0.0037731879353102 -0.0028028775966095 -0.0074435212525598 0.46524402199276 0.053758720222862 4 8 4 4 0
49.044877845051 8.4379696818923 112.285987854 0.044443 0.007039 2.4384823267949 13.355896714376 -15.622676665544 20.55334897099 0.088593354606258 -0.0046043148120299 0.051365412779347 0.46895604736573 9.7483109450138 0.11893808221011 0.036500579234177 9.7589747033498 0.0016400334218856 0.0021770371735898 -0.0014280792544855 0.0016309152965367 0.002238266185294 -0.0013418886069175 0.45620280577831 0.045967379738245 4 7 4 4 0
49.044241278551 8.4391035915405 112.65487670898 0.052326 0.010084 2.4411543267949 11.591451154831 -13.650474745469 17.907877746915 0.071537086989864 -0.097098570175808 0.53486482895672 0.49051448356053 9.7042241688518 0.62959660649663 -0.020590114053858 9.7109788081998 -0.005267801690936 0.0053161907690286 -0.0072712987178165 -0.0053358626665481 0.0056903813704379 -0.006931560679624 0.45922107965554 0.045967379738245 4 7 4 4 0
49.044273955067 8.4390457426905 112.59633636475 0.049914 0.010218 2.4379183267949 11.75747491633 -13.771199127658 18.107460575289 0.063997707981589 -0.11118135019677 0.59558083081906 0.36514938827308 9.8418366064754 0.69821693458111 -0.13317279463405 9.8410235470793 -0.012096617656089 -0.0041322582616321 -0.0086913540839239 -0.012188431076232 -0.0036867651842213 -0.0087581025828827 0.45922107965554 0.045967379738245 4 8 4 4 0
49.045078786384 8.4376145988821 112.38860321045 0.04497 0.00776 2.4325433267949 13.677312565788 -15.80062214626 20.897859988341 0.089570521406698 -0.073784345366884 0.1775767702908 0.54155589350283 9.8626116584638 0.26319377477242 0.093014890233995 9.8753261781347 -0.0090352190421767 -0.017754478617583 0.0036286383767826 -0.0090089579447777 -0.017901504155061 0.002905245437575 0.445 0.036069377593743 4 8 4 4 0
49.044051757886 8.4394409636554 112.88298034668 0.042772 0.005559 2.4522493267949 10.694536597299 -12.883800547211 16.744013403912 0.058897461107959 -0.03111341734095 0.54344198267371 0.72580519448559 9.957082020431 0.60401088144002 0.29789071637692 9.9756395166692 -0.0028483088459388 -0.0092990338047681 0.00043961866072637 -0.0028462613073547 -0.0093092335112713 5.8017213524814e-05 0.46524402199276 0.053758720222862 4 8 4 4 0
49.043658082429 8.440150195931 112.95290374756 0.033953 0.005737 2.4420043267949 8.7071342544651 -10.212346789979 13.420098300982 0.084703883851752 -0.057732163711031 1.1257488409573 0.39188783833499 9.8720957162583 1.1846076536587 0.060915968095603 9.8728823110198 0.0080798083913708 -0.0040281779445157 0.00088635120070209 0.0080838437208689 -0.0040557945558552 0.00070471136526769 0.45024993059411 0.055865910893854 4 7 4 4 0
49.044977095179 8.4377930471359 112.48573303223 0.040303 0.007238 2.4344803267949 13.486878227522 -15.676658786352 20.679641848434 0.077343090682877 0.0031084390689443 0.10037608842967 0.20387237341005 9.805829718167 0.17041125863131 -0.1918430283044 9.805166786131 -0.00039669333518974 0.0016716431125206 -0.0065047891355854 -0.00044270549220561 0.0019326501347128 -0.0064286592916677 0.44720017889084 0.033241540277189 4 8 4 4 0
49.044166719098 8.4392360580093 112.76258087158 0.050241 0.006542 2.4415623267949 11.305300340953 -13.283396974879 17.442772749108 0.090583682191337 -0.034540047418863 0.46949010157361 0.40619621057859 9.7307161948916 0.53315245337773 -0.071893164723554 9.7358290529798 0.019880038891413 -0.00049067404004076 -0.0015421422150936 0.019869330808069 -0.0004174318865017 -0.0016911365405311 0.46142496681476 0.048083261120685 4 8 4 4 0
49.044443273043 8.4387461372638 112.27768707275 0.040774 0.008085 2.4354593267949 12.442837917527 -14.477248190938 19.089533940084 0.067917043629065 -0.075277148159828 0.53315582065553 0.4741269327882 9.7185044721884 0.61277409588684 0.08080702141495 9.7252821083821 0.0054433831111771 -0.0020012701800163 0.0056966827897143 0.0054904024622849 -0.0022305354777722 0.0055660176488214 0.45860004361099 0.045254833995939 4 7 4 4 0
49.044939855599 8.437859221007 112.4467086792 0.0409 0.007059 2.4364923267949 13.419468057158 -15.659666880013 20.622835422895 0.077389365735623 -0.014804317147202 0.18768952292953 0.32818147961568 9.8986602099293 0.26319043834315 -0.079097747763326 9.9021940486307 -0.00386381319351 -0.0098403122721029 -0.0049064332450755 -0.0039035420380508 -0.0096305250716805 -0.0052743343939863 0.44720017889084 0.033241540277189 4 8 4 4 0
49.044230805188 8.4391221526972 112.67362976074 0.05282 0.009594 2.4419633267949 11.544705179415 -13.602738206385 17.841210011647 0.076974034363169 -0.095327095869312 0.64844553315485 0.40471232128487 9.6401483319929 0.74215750666571 -0.10954001456677 9.6414118460822 -0.0088031662399025 -0.0023767709699533 -0.0027675521083889 -0.0088309758815281 -0.0022264157737982 -0.0028017123935384 0.45922107965554 0.045967379738245 4 7 4 4 0
49.04474191058 8.4382099133518 111.90715026855 0.037774 0.00416 2.4437443267949 13.062061986269 -15.524333134595 20.288435792119 0.044321946514079 -0.0097336134391727 0.33587205557613 0.14485203970001 10.13221252234 0.38181886850081 -0.2348107334148 10.128938749931 0.005377085919281 -0.0071618941117349 -0.0093254958640277 0.005333328117405 -0.0068075726976851 -0.0096093608939632 0.44940071205996 0.040311288741493 4 5 5 5 0
49.043885525222 8.4397387856921 112.84034729004 0.026599 0.004867 2.4382843267949 10.145611223107 -11.906300009238 15.642621401592 0.042890926143487 -0.01735661649717 0.62886761967538 0.20446031902554 9.8260197594642 0.68016244667559 -0.058126147901569 9.8246271005473 -0.0020750858861896 -0.0066011401098682 -0.0052347038808806 -0.0021035758956475 -0.0064589755246796 -0.0053954291871494 0.44664527311951 0.048795491595023 4 7 4 4 0
49.044062345137 8.4394215726487 112.88307189941 0.041919 0.004812 2.4515323267949 10.737481212013 -12.940404556041 16.815028234188 0.048884894729762 -0.014060907350687 0.60350668482467 0.30852858359243 10.153623235856 0.65785869204212 -0.12098875878106 10.154393068514 -0.0065875833498814 -0.009840770984297 -0.0050806692976755 -0.006615460923094 -0.0096182419226975 -0.0054542509652168 0.46524402199276 0.053758720222862 4 8 4 4 0
49.044490745977 8.4386623201314 112.16996002197 0.040526 0.005443 2.4395103267949 12.551957269567 -14.725643405073 19.349218392891 0.064597739043069 -0.067301679420841 0.63136310172523 0.71256046380641 10.182956385104 0.69321702065765 0.29654446549725 10.199656765041 -0.0048873233311944 -0.011076001335158 0.0089569994830314 -0.0048336971870252 -0.01143272848914 0.0085285101367806 0.45860004361099 0.045254833995939 4 7 4 4 0
49.043904781222 8.4397045021409 112.84387207031 0.02693 0.00554 2.4372713267949 10.261064569292 -12.003857798362 15.79175649524 0.050153847477469 -0.0072095264297314 0.65144259355268 0.11679498776772 9.8036926460403 0.70254078887357 -0.14613056608455 9.7998139134429 0.0019976707084625 0.0055187207003418 -0.003586461359362 0.0019796774589657 0.0056129206480013 -0.0034468604178061 0.44664527311951 0.048795491595023 4 7 4 4 0
49.043501613703 8.4404264459352 113.27015686035 0.027428 0.007558 2.4416763267949 7.189464258752 -8.437558270368 11.084940258051 0.070224967529114 -0.071672199601879 1.0390645087201 0.07701151054445 9.961818679392 1.1160358985609 -0.19160373225178 9.9519358661987 0.0085380186423982 -0.0035270306328455 -0.010520973908747 0.0084556817512945 -0.0032422932922244 -0.010677955197994 0.45075159456179 0.050328918128646 4 8 4 4 0
49.044032419611 8.4394759815246 112.89083099365 0.042911 0.00727 2.4520523267949 10.640114954765 -12.769109580937 16.620965285415 0.076507335198169 -0.035420620490828 0.55861458305263 0.61396883040874 9.8040747213774 0.63283338776277 0.19810809811866 9.8168919596005 0.0092484367305647 -0.0048829241376793 0.010616507362889 0.0093270460677098 -0.0053275452651975 0.010327236819029 0.46524402199276 0.053758720222862 4 7 4 4 0
49.044902854406 8.4379251015975 112.36804962158 0.042926 0.008349 2.4379963267949 13.375901747621 -15.646234338951 20.584290698965 0.079803014909549 -0.0042358825713479 0.087961366510875 0.41582735072342 9.6297704607385 0.16372619167555 -0.0019196634113908 9.637784622656 -0.0075291047553173 0.0086392065705948 -0.0025125548585839 -0.0075455886320295 0.0087399828804799 -0.0020768983172816 0.45620280577831 0.045967379738245 4 7 4 4 0
49.044989191364 8.4377716345072 112.49143218994 0.041036 0.008353 2.4338083267949 13.514063206719 -15.684119955236 20.703027631015 0.07910004312084 0.0064450975750808 0.1632622071977 0.20288029163283 9.7658051206313 0.238321161005 -0.19459840258906 9.7644679288712 0.0063063931062344 0.011536910131625 -0.0068840579364436 0.0062567961019244 0.011807500612148 -0.0064564485391983 0.44720017889084 0.033241540277189 4 8 4 4 0
49.045270915755 8.4372734704198 112.04202270508 0.040398 0.009826 2.4399193267949 13.829370343153 -16.267947157493 21.351676343926 0.059630403464394 -0.034915314471391 0.15432785313691 0.54422904235555 9.6342759141124 0.24309265737167 0.15273261034315 9.6470600674076 -0.0036209759055574 0.010266869796432 0.0014008019471512 -0.0036029246583435 0.010200394685314 0.0018573528875985 0.44220018091358 0.038897300677553 4 8 4 4 0
49.044043049031 8.4394567467103 112.88940429688 0.043237 0.006713 2.4525003267949 10.667694741481 -12.832817432935 16.687607833013 0.069035657474169 -0.037625826353667 0.56806193714489 0.73410819884193 9.7556742467202 0.63679796567871 0.3135135268452 9.7740794877201 0.0030092415709712 -0.0054936033952956 0.0063071562764792 0.0030520717026949 -0.0057593037183388 0.0060417413001057 0.46524402199276 0.053758720222862 4 7 4 4 0
49.045399282613 8.4370383427509 111.91996002197 0.034008 0.00701 2.4389773267949 13.981290218507 -16.549991318058 21.665137884409 -0.021478728597278 -0.0088402523323551 0.32130161679823 0.29721369027192 9.9125211536218 0.39027139206613 -0.038961484628214 9.9144912005415 0.003056314038932 0.00093792557807137 -0.0023266780390167 0.0030402574380944 0.0010162408475657 -0.0023146492441657 0.43740370368802 0.040311288741493 4 7 4 4 0
49.044113800399 8.4393296000005 112.83726501465 0.042581 0.002819 2.4454973267949 11.014021743046 -13.119031985767 17.1293654232 0.051902295495341 0.026872897234505 0.52895738278903 0.16172961803818 9.8680919569819 0.55680607090045 -0.25759945065791 9.8646397643764 0.0014733437752676 -0.00073257490220065 -0.011883237902485 0.0014394668102497 -0.00022681989051393 -0.011903908906478 0.46524402199276 0.053758720222862 4 8 4 4 0
49.043982480009 8.439565576851 112.86681365967 0.037112 0.007298 2.4455283267949 10.528126423298 -12.44734628062 16.302481077393 0.084265463048872 -0.023780692417217 0.55817620163054 0.58287804413086 9.7489424942197 0.62774971210318 0.2313172568001 9.7594992056741 0.018958269302842 0.0033562833174113 0.014969064425065 0.019065609039253 0.0028141304916893 0.014947004230882 0.45115961698716 0.050931326312987 4 7 4 4 0
49.044585133091 8.4384923070927 112.01913452148 0.038286 0.006953 2.4475663267949 12.714031524408 -15.192602577262 19.810599256413 0.045661077392589 -0.064683732037752 0.4098362051773 0.64508427423941 9.7981990955031 0.47729808005458 0.26513017845613 9.8128018235125 -0.0080365785569957 0.0015808039047725 0.008878494314677 -0.0079745132845188 0.0012354956370394 0.0089872827020712 0.45300110375141 0.04172529209005 4 6 4 0 0
49.045309104201 8.4372037659373 112.01507568359 0.035517 0.009341 2.4401723267949 13.853736293606 -16.353521458107 21.432750665749 0.029764771004825 -0.046129487388327 0.23532811293237 0.52713298748112 9.8589781088682 0.3214702370948 0.16584925850158 9.8692175409174 -0.01800202686251 0.010655509692016 0.00077250926283364 -0.017991406214082 0.010620052358998 0.0013120947300663 0.43880291703679 0.040311288741493 4 7 4 4 0
49.045463351334 8.4369215929099 111.83486175537 0.035356 0.006423 2.4378123267949 14.102262393321 -16.692136346823 21.851750341327 -0.047039226440135 -0.0062591411589109 0.23036594610042 0.31011324803387 9.7564010115806 0.29332897898125 -0.03307904323964 9.7596418725248 0.0039606892714998 -0.00090138002195472 -0.0021804686006355 0.0039464900572666 -0.00082420948258053 -0.0022365265421982 0.43740370368802 0.038897300677553 4 6 4 4 0
49.044021824976 8.4394951448949 112.88222503662 0.041772 0.007511 2.4510063267949 10.613216424701 -12.706548943333 16.555700385339 0.07568734577033 -0.040001035436884 0.5562227405102 0.65843977733769 9.8596343429923 0.63129285775147 0.2513280424826 9.87392946615 0.0091433000361152 -0.0012091926471089 0.013283541277027 0.0092436642631257 -0.0017555740546303 0.013153377330504 0.45115961698716 0.050931326312987 4 7 4 4 0
49.043528798446 8.4403781651125 113.1746673584 0.031309 0.010325 2.4392323267949 7.487569022592 -8.728556078351 11.499787791538 0.079188325681082 -0.091855637977831 0.90156348240747 0.24633461406443 9.7560714705148 1.0053945921576 -0.055973899884159 9.7489255991686 0.0060113603460686 -0.0058312048493985 -0.0040321266345328 0.0059665717139341 -0.0057037304799413 -0.0042770001741606 0.44853762383996 0.050931326312987 4 8 4 4 0
49.04491475583 8.4379038581145 112.40833282471 0.042184 0.008616 2.4375573267949 13.389109265488 -15.64979190769 20.595577094788 0.080370335661567 -0.013853582293866 0.032312779408712 0.27869851019185 9.7476530283675 0.11399338866302 -0.13657908225024 9.7501671267097 -0.0072037624371885 0.0044083532710246 -0.0036697826442141 -0.0072327937090197 0.0045603455468138 -0.0034174055409912 0.44720017889084 0.033241540277189 4 7 4 4 0
49.045220059117 8.4373645931397 112.09687805176 0.042941 0.00553 2.4381913267949 13.835818674101 -16.155892922361 21.270489700789 0.095653255195809 -0.065266513063977 0.24747133130028 0.65395103218012 10.56268343292 0.32175373633332 0.20605488118997 10.579169013723 0.011226675117494 -0.02713442143344 0.0069580199659808 0.011268635162769 -0.027404230360225 0.0057144431044718 0.44220018091358 0.038897300677553 4 9 4 4 0
49.04509115442 8.4375929298426 112.37049865723 0.042993 0.006378 2.4328613267949 13.68607672036 -15.836417877355 20.930709779995 0.079214005196178 -0.059849430207832 0.30188218722437 0.67594058019913 10.134046015244 0.37478989873901 0.22980665131769 10.151575153877 -0.017885965984799 -0.01503564590877 0.0037735441380012 -0.017863009267438 -0.015187140078521 0.0032349077143075 0.445 0.036069377593743 4 8 4 4 0
49.044176937488 8.4392178073657 112.75266265869 0.051926 0.005655 2.4416703267949 11.350266282795 -13.325273461421 17.503774972306 0.096635417939462 -0.030344297137068 0.54425454457111 0.46299082752925 9.8403345425387 0.60261488110142 -0.039773759226924 9.8478675027572 0.015426829947228 -0.0050006843123836 0.0018559829742395 0.015435331043709 -0.0050918279573435 0.0015058830254025 0.46142496681476 0.048083261120685 4 8 4 4 0
49.043682371638 8.440106023168 112.91796875 0.034258 0.005498 2.4422223267949 8.9331652703521 -10.497978037271 13.784153371532 0.078126467628552 -0.049691353069486 1.1624128295681 0.45473120042199 9.7243275938213 1.2138123308559 0.12239672732592 9.727996359026 0.0020149496088295 0.0039354449659093 -0.00086643862831182 0.0020112602989412 0.0039624082641643 -0.00073902188319859 0.44664527311951 0.050911688245431 4 7 4 4 0
49.043565056242 8.4403148281401 113.0659942627 0.025282 0.005157 2.4382943267949 7.8262582995162 -9.1219469581733 12.01897899468 0.066240914917071 -0.045205433092162 0.92838462190579 0.38360082221083 9.9070708056624 0.98286460098579 0.12688222231446 9.9083920774588 -0.011081257298707 -0.0058413521228222 0.0078374467502531 -0.011039537179403 -0.006041343872297 0.0077435619811286 0.44853762383996 0.050931326312987 4 8 4 4 0
49.044525684317 8.4385994474327 112.11799621582 0.041553 0.006699 2.4426263267949 12.635179870973 -14.90289169085 19.538141668811 0.071532961810322 -0.054328220094057 0.52506884266629 0.59606847245282 9.746940014625 0.58923963418345 0.19498532273639 9.759605465859 0.00801630686084 0.0026770987448768 0.011083307534217 0.0080903903345613 0.0022191047204368 0.011132504497921 0.45860004361099 0.045254833995939 4 7 4 4 0
49.043750093796 8.4399826505119 112.89441680908 0.038869 0.006732 2.4408123267949 9.4845489649266 -11.116659674309 14.612687074752 0.078632642706511 -0.043338869883964 0.53868428353237 0.4356266945835 9.9057637291591 0.60235534898385 0.049655540019051 9.911617394511 -0.001093364688801 0.0054614761785706 0.0022121206127682 -0.001077829334535 0.0053708457551981 0.0024300081365217 0.44664527311951 0.050911688245431 4 7 4 4 0
49.044815717738 8.4380790177269 111.98963928223 0.040224 0.00564 2.4393763267949 13.271153136693 -15.597818974494 20.479547367388 0.060727482381071 0.017245962180815 0.22091549194477 0.35664691052461 9.786536310225 0.27207497139916 -0.033958506982069 9.7917971008266 0.0046528093175174 0.0080097482083146 -0.0033090435814369 0.0046378163635676 0.0081350176224449 -0.0030130684329293 0.45620280577831 0.045967379738245 4 5 5 4 0
49.045052796497 8.4376599589263 112.43385314941 0.046258 0.008248 2.4319393267949 13.652380322169 -15.746801898698 20.84083252714 0.094716679603742 0.0046179603557667 0.27734567685566 0.46155721158957 9.730271984749 0.34701119574224 0.012019678011327 9.7391082807786 0.0016989808349209 0.018806854250763 0.00080716019666796 0.0017123747192922 0.018748661941384 0.0016696507972736 0.445 0.036069377593743 4 8 4 4 0
49.044644391159 8.4383853876029 111.96926879883 0.039114 0.008343 2.4507123267949 12.804376957405 -15.397383212869 20.025701191511 0.052987985277667 -0.089674480321674 0.24834263972442 0.50094971062794 9.8316080533033 0.33312335009723 0.11719795545986 9.8411872077834 0.0015784198659206 -0.0051201464193879 0.0037150832701774 0.0016086588874887 -0.0052609013324072 0.0034987930559405 0.45300110375141 0.04172529209005 4 6 4 5 0
49.043839648845 8.4398208492687 112.83525848389 0.029722 0.006303 2.4414863267949 9.8890368986167 -11.664982428821 15.292560298372 0.049684021701456 -0.045589154521694 0.71606398309313 0.25087654980319 9.7209963780236 0.77950342492422 -0.040012514403129 9.719309776865 -0.0033997259837224 -0.0039519241636882 -0.0025011611346727 -0.0034166461512531 -0.0038754833659103 -0.0025946029506799 0.44664527311951 0.048795491595023 4 6 4 0 0
49.044155408378 8.4392560639676 112.77470397949 0.047993 0.00647 2.4418073267949 11.249589642926 -13.245284742499 17.377700688747 0.080709673105076 -0.037839701891847 0.57890237788037 0.19004864064665 9.8836833136843 0.64486268934565 -0.2751477250132 9.8775980083225 0.016768213030673 -0.0044752557396066 -0.0052515446443984 0.016731183664685 -0.0042255390321396 -0.0055718860335256 0.46142496681476 0.048083261120685 4 8 4 4 0
49.045180386237 8.4374352824037 112.20639801025 0.037193 0.012173 2.4362673267949 13.823625908694 -16.072468353037 21.199217947763 0.10005556121786 -0.085927680628761 0.28466930951923 0.38665144861729 9.5510107646575 0.39673913879923 0.042625431011691 9.554818484821 0.021855010946235 0.0081325782031189 0.00521348207525 0.021917696307484 0.0079400107028333 0.0052324819784681 0.44220018091358 0.038897300677553 4 7 4 4 0
49.044717126763 8.438254411256 111.91651916504 0.036438 0.007043 2.4458373267949 12.975957211509 -15.507172907706 20.219968506703 0.032176430899901 -0.053333544961274 0.14891143675415 0.04606273879483 9.7938448516529 0.22404654040213 -0.30988574993586 9.787687474716 0.0015437309362475 -0.011779785046286 -0.0097277142165964 0.0014644547333337 -0.011418912183886 -0.01016258188667 0.44940071205996 0.040311288741493 4 5 5 5 0
49.044251789573 8.4390850065362 112.63613891602 0.052084 0.010231 2.4400463267949 11.645376062941 -13.69156530634 17.974120677498 0.069198815914911 -0.1005303990695 0.53717724047042 0.42932825304385 9.7073911906323 0.63525433390228 -0.078345421369305 9.7107386142753 -0.0030904235410926 0.0017323799007195 -0.0099348129666261 -0.0031898453711561 0.0022484122238075 -0.0097976274907842 0.45922107965554 0.045967379738245 4 8 4 4 0
49.043758543826 8.4399673439758 112.89501190186 0.038751 0.007389 2.4409573267949 9.5126604507646 -11.164025906331 14.6670027558 0.072320958442301 -0.03079203885105 0.44159144343818 0.51981898373568 9.9684047880191 0.50962907065346 0.13322080182675 9.9778988175595 0.00012854554576314 0.010065216960878 0.0011791896682569 0.00013969970732639 0.010011907283676 0.0015666434303307 0.44861230477997 0.051623637996561 4 7 4 4 0
49.044501951261 8.4386421183182 112.15196228027 0.040019 0.006205 2.4404783267949 12.580646061948 -14.783974767306 19.412221680803 0.065658580759015 -0.043792381801641 0.6268816405808 0.43253818032551 10.075966254086 0.68861073452387 0.027247792635604 10.081345891477 -0.0028846753083898 0.0018226779829648 0.010267855938702 -0.0028206411988253 0.0014088485683714 0.010350557283032 0.45860004361099 0.045254833995939 4 7 4 4 0
49.04361049182 8.4402350883345 113.00818634033 0.026609 0.004383 2.4405883267949 8.2602080485882 -9.6530532034679 12.704537829644 0.084761287401098 -0.028972631990689 1.0467154027438 0.31054509641812 9.8015776327061 1.0882684189002 0.057309404701415 9.8019055480323 0.013670483129518 0.0020699322700429 0.0046674866149603 0.013690779435321 0.0019488340481082 0.0046643328858515 0.45024993059411 0.055865910893854 4 7 4 4 0
49.04397295189 8.4395825777876 112.85669708252 0.035284 0.007135 2.4440323267949 10.504606416002 -12.389794609118 16.243382151584 0.079726368899821 -0.020378559828653 0.50731091394528 0.47603529495204 9.7327319057802 0.5758658476828 0.14357398385422 9.7395919772111 0.020359186660184 0.001909091546988 0.013488688562396 0.020454381423252 0.0014470483084511 0.013400987637768 0.45115961698716 0.050931326312987 4 7 4 4 0
49.044657257243 8.4383622304298 111.95444488525 0.038762 0.006435 2.4506223267949 12.824352062772 -15.43442373378 20.066969069637 0.04696312076162 -0.081271087094375 0.25342268824855 0.54363654500711 9.9904147481044 0.32459218702842 0.15404379456941 10.001952839019 -0.0039103722645182 -0.012530575368953 0.00044643582181132 -0.0039094138821202 -0.012538640145807 -1.7509424022832e-05 0.45300110375141 0.04172529209005 4 6 4 5 0
49.044560983058 8.4385357961019 112.05698394775 0.040555 0.007267 2.4457183267949 12.68488557034 -15.086106323651 19.710256926553 0.05457213496526 -0.065962808561164 0.46336218524962 0.73765539833478 9.7007416225729 0.53471255046534 0.34076100187449 9.7191823125912 -0.00520736244423 -0.00066698736537271 0.0095171262162332 -0.0051376476597607 -0.001055590101486 0.00952146306361 0.45300110375141 0.04172529209005 4 7 4 0 0
49.045385689782 8.4370634153587 111.92645263672 0.033873 0.006867 2.4393193267949 13.960679197106 -16.519462997873 21.62852443889 -0.010871131470699 -0.0071324495448328 0.28013743983928 0.2811503184936 9.8588714539978 0.34604655046751 -0.055473213330514 9.8606975541877 -0.0035889636379846 0.0032595761566113 -0.0018330586189039 -0.0036004104218132 0.0033201986204764 -0.0016956595743585 0.43880291703679 0.040311288741493 4 7 4 4 0
49.044840789278 8.4380350777457 112.13143920898 0.042078 0.006717 2.4388873267949 13.313547886342 -15.605111813374 20.512534503616 0.077704826185476 0.0036367995627405 0.064060327032333 0.29781459845036 9.7471354395439 0.12777016598993 -0.10638936444302 9.7504945448281 0.01038879480615 0.0037984554298539 -0.0026973696557495 0.010372052623837 0.0039072719323629 -0.0026062519843756 0.45620280577831 0.045967379738245 4 7 4 4 0
49.044778723486 8.4381441088374 111.90343475342 0.039423 0.005573 2.4409423267949 13.175867458971 -15.559353576896 20.388591211199 0.049632859730694 -0.023483764352943 0.26704275355092 0.15030686760814 9.7877665610782 0.32569099827966 -0.23269597958985 9.7844728282951 0.0052205989817097 -0.0082058780855252 -0.0072452930474049 0.0051751387592184 -0.0079165755758399 -0.0075927226581609 0.44940071205996 0.040311288741493 4 5 5 4 0
49.044693642007 8.4382967600085 111.93083190918 0.036327 0.008006 2.4482533267949 12.908671440135 -15.504019722979 20.174428854387 0.029751303988252 -0.029974006910654 0.17269330077008 0.16409939866341 9.591442456725 0.2419497536507 -0.1900826529355 9.5896603311792 -0.010546867928549 0.012995368472957 -0.0092308871765783 -0.010609927145106 0.013326938552207 -0.0086695368491865 0.44940071205996 0.040311288741493 4 6 4 5 0
49.044363461149 8.4388868444555 112.40506744385 0.047265 0.007399 2.4352963267949 12.154921248733 -14.136013001552 18.643057383038 0.07340634666672 -0.061608614287036 0.5225256088957 0.50087315056428 9.7877423170477 0.59446635905238 0.038080855125204 9.7965299279511 0.00047768861029946 0.00062626327419554 -0.00046106587946574 0.00047508958847327 0.00064716879469535 -0.00043203990312843 0.46020212950398 0.046669047558312 4 7 4 4 0
49.044766823283 8.4381653442597 111.90632629395 0.038774 0.006532 2.4417493267949 13.144118276245 -15.551695082688 20.362241645917 0.048451811260476 -0.0039957357200511 0.30272476564578 0.12236984062075 9.6284349191469 0.36155949833166 -0.24912537102066 9.6240879660924 0.0032623598389637 0.0064121865891336 -0.0093610029819174 0.0032076680906147 0.0067683710117607 -0.0091259659016435 0.44940071205996 0.040311288741493 4 5 5 4 0
49.045014775881 8.4377266295024 112.47590637207 0.044387 0.009138 2.4326393267949 13.572727172141 -15.693007113028 20.748036153028 0.092088014467097 -0.037598116670247 0.098272267074492 0.3418626569612 9.47583930263 0.18625352563436 -0.070422839847275 9.480541409819 0.015909271234303 -0.0027964392486234 -0.0051464905000424 0.015859687513244 -0.0025699995456553 -0.0054175294451886 0.44720017889084 0.033241540277189 4 8 4 4 0
49.045438122819 8.4369675046811 111.86605072021 0.034718 0.006206 2.4383643267949 14.052478450294 -16.634562750069 21.775661942011 -0.036874210918839 -0.0094064303551352 0.26804835490558 0.35693216348884 9.8446219922015 0.32780511494358 0.014668592700077 9.8493253313772 -4.9243970450392e-05 0.0019832266830087 -0.0013993092282279 -5.7082867385715e-05 0.0020306602935891 -0.0013289463147572 0.43740370368802 0.038897300677553 4 6 4 4 0
49.04358737557 8.4402756801605 113.02397155762 0.023509 0.004118 2.4395793267949 8.0353820889177 -9.3875954784296 12.356757696246 0.069669294140464 -0.017261893086439 1.1130635087674 0.25169671261332 9.9275692519701 1.1520437986071 0.016437507360947 9.926323684043 -0.0032999446161075 0.0035198341223229 0.0065837981741935 -0.0032735196118238 0.0033630962810126 0.0066775768725762 0.44853762383996 0.050931326312987 4 7 4 4 0
49.045168001223 8.4374573049413 112.24503326416 0.035034 0.011347 2.4358263267949 13.804009459924 -16.043799666016 21.164720814018 0.093474960738783 -0.048276046201383 0.27634481213617 0.34424760786681 9.4743787238666 0.37398896806364 0.018510944843654 9.4773633318322 0.012130089706106 0.018467293473416 0.0053999832607354 0.012191617833207 0.018270907990024 0.0058942267376805 0.44220018091358 0.038897300677553 4 7 4 4 0
49.044219302637 8.4391424691885 112.69716644287 0.053668 0.009794 2.4424323267949 11.499885492686 -13.547324441754 17.769932625597 0.082879601047944 -0.075742579929819 0.50614936535573 0.63829803143971 9.6901851063397 0.59930951539396 0.11668200876596 9.7052728650881 -0.0018914084617598 0.0034286586532156 0.00065837819332381 -0.0018834663780703 0.003388204003044 0.00086240859419555 0.46142496681476 0.048083261120685 4 7 4 4 0
49.043618041261 8.4402217104258 112.9967956543 0.028463 0.004673 2.4409913267949 8.3349340381405 -9.7396223251484 12.81886176255 0.090235910629086 -0.024399384577577 1.0783953485689 0.23438335306005 9.8507844796221 1.1223319058009 -0.036308316646573 9.8485908230879 0.017521015555502 0.0034945080576733 0.0045937620286955 0.017541859895475 0.0033670595833776 0.0046115014892375 0.45024993059411 0.055865910893854 4 7 4 4 0
49.044123883594 8.4393117685555 112.82048797607 0.043913 0.004057 2.4444733267949 11.075494018861 -13.151174818729 17.193505794336 0.059358194084078 0.03656910255574 0.62542623707371 0.34121123093582 9.9821172481442 0.6582454374318 -0.092373220036886 9.9855522630455 0.0086256486100671 0.013037167211066 -0.010830796723371 0.008591448932314 0.013494964214651 -0.010275475848289 0.46142496681476 0.048083261120685 4 8 4 4 0
49.043829931448 8.4398383013846 112.82820129395 0.030309 0.007011 2.4418953267949 9.8326939836863 -11.602738760721 15.20864114888 0.05156481183825 -0.033362099088962 0.67617865943852 0.19566048587497 9.650321221393 0.74046786308342 -0.099394497746914 9.6471595450477 -0.0044335130858078 0.0060575522523541 -0.0013884451953968 -0.0044412867259064 0.0060967909296838 -0.0011747646955547 0.44861230477997 0.051623637996561 4 6 4 5 0
49.043557219936 8.440328446751 113.08331298828 0.026355 0.005825 2.4377593267949 7.7536087129716 -9.0370128655796 11.907239949555 0.060708156713709 -0.056804998694123 0.96826061892995 0.25437728517438 10.099286963895 1.0290584902488 -0.017532109919447 10.096483081926 -0.010174650732034 -0.0034655964311945 0.0055920402920348 -0.010143682812793 -0.003611821545099 0.0055547145770601 0.44853762383996 0.050931326312987 4 8 4 4 0
49.044208890899 8.4391608789254 112.71688079834 0.053942 0.009424 2.4424113267949 11.466266691225 -13.496442012269 17.70935678903 0.089029008906166 -0.044785618157886 0.45334906746111 0.49088904245987 9.5617934280128 0.53740833904546 -0.02485101387585 9.5701639298408 0.00081386070199764 0.011179881374849 0.00065735525123456 0.00082372689423861 0.011128179747141 0.0012565529897461 0.46142496681476 0.048083261120685 4 7 4 4 0
49.043626420605 8.440206858072 112.98390197754 0.030347 0.005509 2.4415943267949 8.4147707878391 -9.8378176267683 12.94534741259 0.094914363997777 -0.026731472638403 1.0510095939113 0.32025581213859 9.7500428229406 1.1014320426685 0.033085075744543 9.7497184933073 0.01595817841251 0.0057542094121847 0.0054279249849599 0.015986847042863 0.0055919699232677 0.0055135558407303 0.45024993059411 0.055865910893854 4 7 4 4 0
49.044397575633 8.4388265630652 112.35012054443 0.042871 0.006818 2.4352823267949 12.264719783824 -14.295368601485 18.835553942785 0.053097880959984 -0.052877406954697 0.57070136384439 0.5157193025422 9.8579683565972 0.63801077323003 0.083688785721558 9.8670545890413 -0.016030333997321 -0.00017485429604284 -0.00038490893312246 -0.016032637181278 -0.00015834253286122 -0.0002841395817364 0.46020212950398 0.046669047558312 4 7 4 4 0
49.04400259312 8.439529691456 112.87746429443 0.039826 0.007894 2.4483703267949 10.569497221316 -12.580044923247 16.430633340602 0.079536448815995 -0.038337837328509 0.54364769308131 0.60421928569677 9.6675043022735 0.61956200412544 0.22503040204303 9.6792147076131 0.010820083588001 0.0011696176024667 0.013818035826553 0.010928325290251 0.00062774904953446 0.013768359681189 0.45115961698716 0.050931326312987 4 7 4 4 0
49.045296794027 8.4372263258058 112.0279006958 0.037421 0.008183 2.4401133267949 13.84367661446 -16.320465907032 21.40101059101 0.041836194166817 -0.053359523262437 0.19848459987753 0.35593281289578 10.083250852891 0.28312847403576 -0.027999289636925 10.087695934081 -0.010734381858085 -0.004001968488366 0.0013325610183263 -0.010723981070302 -0.0040501986585389 0.0012704480542209 0.43880291703679 0.040311288741493 4 8 4 4 0
49.043876430355 8.4397550148427 112.83968353271 0.026873 0.005369 2.4388313267949 10.093970813122 -11.861986007058 15.575408194018 0.040635108431069 -0.021592064150053 0.5998859094711 0.1356489674835 9.7410960016937 0.65406429887587 -0.12939537425589 9.7377652706139 -0.0057647174516851 -0.0035964927978289 -0.0051965027111955 -0.0057941468489075 -0.0034536525831803 -0.0052589717790817 0.44664527311951 0.048795491595023 4 7 4 4 0
49.043776573687 8.4399352138538 112.87160491943 0.036614 0.009704 2.4411093267949 9.5696398750021 -11.250202994498 14.769598014609 0.063661030973931 -0.047193542740846 0.40340264050249 0.37186263599439 9.5067607891309 0.49060767206427 0.017408219398576 9.5099762533384 -0.011328504685827 0.0093738594051653 0.0011259885383648 -0.01131429296088 0.0093254079528874 0.001580828131466 0.44861230477997 0.051623637996561 4 7 4 4 0
49.044284588743 8.4390268968909 112.57138824463 0.048961 0.010168 2.4369323267949 11.810398210519 -13.81105476177 18.172150069283 0.061302464009834 -0.11271350090371 0.53750283319048 0.44402770707795 9.7289073713594 0.63715371779777 -0.038714182954416 9.7329402295692 -0.010767409443669 -0.0018665520137358 -0.0095051457327403 -0.010864794108292 -0.0013933520645667 -0.009474982734322 0.45922107965554 0.045967379738245 4 8 4 4 0
49.043494498306 8.4404391874223 113.29652404785 0.026627 0.00792 2.4427533267949 7.101766149106 -8.3519627458941 10.962911805397 0.070425152528581 -0.068788413031481 0.99397962216492 0.18294453156957 9.6457635854277 1.0728217139714 -0.069333272138179 9.6388651567988 0.0086931441501694 -0.0050819602556085 -0.01095853724353 0.0086020257089164 -0.0047940817821332 -0.011161451103726 0.45075159456179 0.050328918128646 4 8 4 4 0
49.044102846532 8.4393491760731 112.84471130371 0.041959 0.003119 2.4468553267949 10.951633737825 -13.082974931786 17.061657160338 0.050454421095411 0.017324397041275 0.55333427431889 -0.0095570418845159 9.9800262317156 0.5845140392231 -0.43154587715219 9.9692038378952 -0.0063056425692168 -0.0012854320028185 -0.011883670011682 -0.0063427075266672 -0.00078161625336485 -0.011898673861102 0.46524402199276 0.053758720222862 4 8 4 4 0
49.045477223543 8.4368962891936 111.82551574707 0.035245 0.005246 2.4372753267949 14.127325011939 -16.72348953439 21.891850000214 -0.057253020693062 -0.0055616272422342 0.34062453127296 0.39196945792769 9.8600509703872 0.39635967614718 0.043460950372608 9.8657243992557 -0.00077859265526991 -0.0075740539993021 -0.0041108968762277 -0.00080300774682859 -0.0074240954006546 -0.0043726309403874 0.43740370368802 0.038897300677553 4 6 4 4 0
49.044963872382 8.4378165644194 112.47023010254 0.040261 0.00704 2.4352453267949 13.461853021272 -15.669392551505 20.657815557065 0.077754197484814 -0.0028723224744499 0.16337388384414 0.35971764538114 9.8109369795094 0.23388629405169 -0.037443328273338 9.8160880365416 -0.0032440558602871 -0.0024654964294383 -0.0055334039947956 -0.0032844223661057 -0.0022395113642787 -0.0056051162028418 0.44720017889084 0.033241540277189 4 8 4 4 0
49.043650382869 8.4401642235831 112.96523284912 0.033449 0.006368 2.4417683267949 8.63337981232 -10.123780215376 13.304850168181 0.084470079734526 -0.052344599677088 1.0492569797438 0.31046448201405 9.7127474971283 1.1100112799826 -0.010573085014941 9.7109565566588 0.0072362646596759 0.0017861198061509 -0.00072480265465469 0.0072318463383073 0.0018095514940598 -0.00071067166782396 0.45024993059411 0.055865910893854 4 7 4 4 0
49.044865941129 8.4379908414157 112.24678039551 0.044474 0.007305 2.4386583267949 13.346673677981 -15.613318469601 20.540234861757 0.090424702654711 -0.005997220408355 0.056020485112639 0.49150145292774 9.6975015358474 0.12417381266608 0.065721446529491 9.7092190715334 0.010078644232078 0.0053256543857664 -0.00072301789961529 0.010075237269511 0.0053518789204051 -0.00055657643827187 0.45620280577831 0.045967379738245 4 7 4 4 0
49.043867394525 8.4397711556202 112.83875274658 0.027341 0.005916 2.4394153267949 10.047368898945 -11.82252952388 15.515160774437 0.040406981223783 -0.026361203993576 0.51531437788636 0.2315086743015 9.7743885487384 0.57107507104672 -0.040089861407845 9.7740000122113 -0.0076108608442653 0.0033960191110924 -0.0063488410206945 -0.0076465041018011 0.0035708184183918 -0.0062097105807914 0.44664527311951 0.048795491595023 4 7 4 4 0
49.045450733787 8.4369445444097 111.8445892334 0.035008 0.006518 2.4380753267949 14.078109145619 -16.665806113702 21.81605858148 -0.04268920765895 -0.0029610383732751 0.30411821952022 0.30668715516808 9.7433353844144 0.36540859561658 -0.033428741859382 9.7460464512166 0.0024982129978496 0.0033489288249314 -0.0023858372396757 0.0024841876803218 0.003430210912009 -0.002282277095821 0.43740370368802 0.038897300677553 4 6 4 4 0
49.043572194141 8.4403023201445 113.05089569092 0.024239 0.003972 2.4385983267949 7.8860731339089 -9.2062686519645 12.121950432649 0.062194029385387 -0.043523514005294 1.0036422320196 0.32261196212501 9.8256519780003 1.0487888321952 0.079220211521878 9.8259449298604 -0.009312509140856 -0.01083475724348 0.0056465352214321 -0.0092871567817555 -0.010971855929468 0.0054217814314927 0.44853762383996 0.050931326312987 4 8 4 4 0
49.043794590115 8.4399027948223 112.83361816406 0.034727 0.009144 2.4415683267949 9.6431520900216 -11.350566021898 14.893692140859 0.060680500327358 -0.0784088965783 0.57459736786383 0.41308932920372 9.620714469057 0.66782722133981 0.070996844365407 9.6233489242427 -0.014082391853973 -0.0093420645033379 0.0023286533908767 -0.014061800466038 -0.0094192389366974 0.0021375512101046 0.44861230477997 0.051623637996561 4 7 4 0 0
49.043550161748 8.4403407160601 113.1001739502 0.027137 0.006138 2.4373343267949 7.6798611209587 -8.9615443529119 11.801975972825 0.053912431943775 -0.088841397823489 0.98141035809424 0.25958304407647 9.9913218131802 1.0519832569799 -0.022552016786544 9.9875681358351 -0.019690654128982 -0.016677306347313 -0.0018277007006259 -0.01970838160804 -0.016617281749943 -0.0021646735134744 0.44853762383996 0.050931326312987 4 8 4 4 0
49.044455687365 8.4387245093312 112.25063323975 0.041495 0.008842 2.4365413267949 12.483247366925 -14.532660783384 19.157860290555 0.078104255254183 -0.085007676147126 0.56254416174547 0.56366369464844 9.5862943773489 0.64365743924703 0.16806157004161 9.5964569553213 0.0042191471339386 0.0072340704418948 0.010252186698727 0.0043092348109974 0.0068041525693133 0.010507365915063 0.45860004361099 0.045254833995939 4 7 4 4 0
49.04393355158 8.4396533233612 112.84516143799 0.029685 0.004953 2.4389713267949 10.390469137564 -12.152609075954 15.988843540506 0.068170220639059 -0.011370901589897 0.66954766217254 0.38539715006084 9.8337123800211 0.7213613391538 0.099120283574907 9.8371970940182 0.010354951999795 -0.0053097085196656 0.009356801686412 0.010403289564208 -0.0055804213170111 0.0091421281733982 0.45115961698716 0.050931326312987 4 7 4 4 0
49.044608211007 8.4384505316661 112.00797271729 0.037871 0.007945 2.4491583267949 12.751039284768 -15.278865367122 19.900506903499 0.050797936361098 -0.055527785742095 0.35548291352523 0.39330151790046 9.7416044146016 0.42865013597382 0.025617276098002 9.7466388455623 0.0025277791394988 0.0078226049294906 0.0082028531296992 0.0025917895839029 0.0075073293139236 0.0084716865512531 0.45300110375141 0.04172529209005 4 6 4 0 0
49.043522077903 8.4403900906513 113.19891357422 0.03083 0.011014 2.4396133267949 7.4215126211375 -8.6574353244408 11.402794883124 0.079549880919885 -0.072886307085107 0.86373401699137 0.19652366080138 9.5900350049385 0.96537520645761 -0.093953303085795 9.5819278271464 0.0096626524591289 0.0069995336898148 -0.0052525920863803 0.0096093643797747 0.0071548923742054 -0.0051410657295167 0.45075159456179 0.050328918128646 4 8 4 4 0
49.043767961489 8.4399504999311 112.8896484375 0.03786 0.008902 2.4410163267949 9.5389971645086 -11.209535713496 14.718760098735 0.065329652321845 -0.030169406148882 0.40251716560287 0.42815320259823 9.7087167466952 0.48136030095214 0.056220636481628 9.7144749980141 -0.0074492670255587 0.013605810620394 0.00044735953295146 -0.0074408800384131 0.01357884360889 0.0010301748066004 0.44861230477997 0.051623637996561 4 7 4 4 0
49.044134001031 8.4392938778516 112.80781555176 0.044704 0.006576 2.4435293267949 11.133941356008 -13.182516054549 17.255121965973 0.065992999129236 0.02435253973641 0.47117785312666 0.12305711442269 9.4813114522954 0.52132876757275 -0.29532240972749 9.4749897727068 0.0098366501719634 0.021511491612147 -0.0095837799470725 0.0097916492887726 0.02191297124616 -0.0086778377312741 0.46142496681476 0.048083261120685 4 8 4 4 0
49.043914023247 8.4396880614943 112.84426116943 0.027455 0.005624 2.4373253267949 10.310658317889 -12.049305671052 15.858510793051 0.055607909513357 -0.010720217852777 0.60800608107812 0.08449637055316 9.6695465607038 0.66066038787231 -0.17885734385016 9.6648589671549 0.0038565982055557 0.0029981798344016 0.00066626259565596 0.0038612906480312 0.0029781923939579 0.00072764713773542 0.44664527311951 0.048795491595023 4 7 4 4 0
49.044187196631 8.4391994942264 112.74237823486 0.053307 0.00621 2.4419583267949 11.392578804225 -13.378062954591 17.571388550245 0.09865473504631 -0.014946658893723 0.59187443316221 0.56081439821277 9.9193565038078 0.65014417646798 0.039256062684346 9.9315906130021 0.013869831099416 0.0059915530054588 0.0029242636662209 0.013888784403198 0.0058281694810079 0.0031595097004753 0.46142496681476 0.048083261120685 4 8 4 4 0
49.044680724619 8.438320021144 111.93740844727 0.03736 0.006402 2.4493183267949 12.877439618857 -15.48805843229 20.142174382247 0.034721416043067 -0.028016350511795 0.24814042474945 0.41733866177525 9.9492523940737 0.30902287677917 0.040216947729846 9.9562728559351 -0.0094822704216706 0.0043500620068844 -0.006603427935751 -0.009521163342489 0.0045970618985224 -0.006376190089204 0.44940071205996 0.040311288741493 4 6 4 5 0
49.044318006173 8.4389678829124 112.47164916992 0.04713 0.009058 2.4352163267949 11.980705084949 -13.934381487505 18.376585450389 0.073809153778366 -0.095127373868624 0.50722255710778 0.33110927518262 9.9891702551155 0.6002134033178 -0.14116019897928 9.9885951770242 -0.0021739300472386 -0.005036916122024 -0.0041037485274977 -0.0022143219835767 -0.0048370708507744 -0.0043156602626207 0.45922107965554 0.045967379738245 4 7 4 4 0
49.045104775493 8.4375690034391 112.35301208496 0.040211 0.004989 2.4332023267949 13.699510738862 -15.875590128175 20.969164720853 0.071699719377876 -0.018991486185965 0.33833635046728 0.5442136639876 10.132652766915 0.39579157707428 0.12307697829095 10.144576011078 -0.023255318107551 -0.012257170515402 0.0031361509234891 -0.023239533318727 -0.012377910699748 0.0027530039533761 0.445 0.036069377593743 4 8 4 4 0
49.04446705036 8.4387045676253 112.22211456299 0.041665 0.008515 2.4377063267949 12.509295593364 -14.59035910953 19.218601357385 0.080914304527176 -0.092845861908595 0.46879008578751 0.64337825341351 9.7149704273167 0.55009409838013 0.23901256633844 9.7291427831458 0.001290259856925 0.0027958512682049 0.011806562795997 0.0013902880063563 0.0023024014448304 0.011901023731431 0.45860004361099 0.045254833995939 4 7 4 4 0
49.044803799006 8.4380998087018 111.93836212158 0.039665 0.004433 2.4397163267949 13.241743317792 -15.59026807563 20.454769940873 0.051955385774263 0.0074519096589958 0.315177287531 0.30458898417413 9.9755293598803 0.35975673350544 -0.089661666946576 9.9783723793756 0.0017130154499183 -0.00023923336111596 -0.0047082874078078 0.0016923998252577 -5.3148862535671e-05 -0.0047215585389139 0.45620280577831 0.045967379738245 4 5 5 4 0
49.044432025611 8.4387657434499 112.29853820801 0.039895 0.007813 2.4349343267949 12.401132569867 -14.431848718454 19.027948548325 0.059300859726249 -0.063055322462435 0.57838359069279 0.18749131258676 9.9105462853051 0.65607184047433 -0.21048101089053 9.9053803312504 -0.0044757959656711 -1.9078293599378e-05 0.0022620077566435 -0.0044575196262174 -0.0001093519152932 0.0022960165199466 0.46020212950398 0.046669047558312 4 7 4 4 0
49.044374445618 8.4388674824123 112.38653564453 0.045952 0.007296 2.4353393267949 12.189134271602 -14.186051387662 18.703330702287 0.066866417737572 -0.060830842149363 0.52058721394405 0.50854920231619 9.768408421777 0.59296593056157 0.053113857269427 9.7775106001174 -0.011061355390619 -0.002244658890258 0.0004688819160826 -0.011057291251961 -0.0022643091952258 0.00045163914040626 0.46020212950398 0.046669047558312 4 7 4 4 0
49.044145181677 8.4392742000247 112.7865447998 0.046202 0.006772 2.4423633267949 11.193086034662 -13.213487291878 17.316940949721 0.071849464570248 -0.020511456809799 0.57523670258371 0.24720964701303 9.4614205318403 0.63836889581118 -0.18361036005059 9.4589102404276 0.011867656710342 0.0011160915394415 -0.0092952541363348 0.01180575636926 0.0015377628555996 -0.0093209347948901 0.46142496681476 0.048083261120685 4 8 4 4 0
49.044951858445 8.4378379158382 112.45783233643 0.040522 0.007197 2.4358633267949 13.440538776726 -15.66396810296 20.639815955209 0.077675513662467 -0.0078466092432953 0.13436686917005 0.36725842424765 9.8292478171943 0.20692583779339 -0.032993796673347 9.8348539896328 -0.0029733990896762 -0.00313349320692 -0.005333217292911 -0.0030134546039606 -0.0029139034183389 -0.0054339239088711 0.44720017889084 0.033241540277189 4 8 4 4 0
49.044730102551 8.4382311181655 111.90923309326 0.037214 0.004848 2.4447133267949 13.020664948801 -15.510566743831 20.251270481701 0.04147192179918 -0.042440318523818 0.21298669491156 0.11982652792923 10.030724166587 0.2716614690908 -0.24958843735795 10.026957109176 0.0068025319231937 -0.018376037610212 -0.0092797306534627 0.0067438348587406 -0.018021881274662 -0.0099871903403775 0.44940071205996 0.040311288741493 4 5 5 5 0
49.045141899828 8.4375034891456 112.3039855957 0.033725 0.007003 2.4346283267949 13.756794419545 -15.978677237748 21.084634213048 0.075698753295759 0.038705680758016 0.43454029670942 0.21144047004852 9.557759094034 0.49054747183343 -0.12083487844526 9.5568586417691 -0.017216929382424 0.019651733675501 0.0044508142373458 -0.017186094968899 0.019485238992171 0.0052236459511367 0.445 0.036069377593743 4 7 4 4 0
49.044340615773 8.4389274416069 112.4412612915 0.046985 0.008225 2.4352913267949 12.073898772195 -14.029310558702 18.509307587546 0.07826011317407 -0.080562128389331 0.49706092980814 0.46059077686044 9.9402826724106 0.57871264917423 -0.0084589775737389 9.9465876161411 -0.002425228128315 0.00019181111513037 0.001801532669583 -0.002410669194046 0.00010692075245261 0.0018270368044445 0.46020212950398 0.046669047558312 4 7 4 4 0
49.044478347001 8.4386844798218 112.19678497314 0.04109 0.007011 2.4386403267949 12.526541622618 -14.654609550221 19.278664159797 0.072082115345784 -0.091887701696643 0.53197643429289 0.70185572956516 9.8202982243994 0.60564738985584 0.29460663439254 9.8367524613114 -0.0057439414579007 -0.0083414722432873 0.010661373418242 -0.0056659930145152 -0.0087757009352483 0.010347000222686 0.45860004361099 0.045254833995939 4 7 4 4 0
49.045489845265 8.4368732943449 111.8166885376 0.03504 0.005436 2.4368223267949 14.15228179494 -16.752516775928 21.930103734352 -0.066334918541226 0.0059948972332944 0.28740298204262 0.36964842224416 9.7621142993246 0.33859474747838 0.025935211177565 9.7674981778033 -0.0019732712646032 0.0031310508436696 -0.0049433621142179 -0.0019983916681074 0.0033031762076971 -0.0048200777969078 0.43740370368802 0.038897300677553 4 6 4 4 0
49.043641820288 8.4401794759517 112.97383117676 0.03269 0.006232 2.4419493267949 8.5533270732062 -10.024359090308 13.17723319371 0.087855160311128 -0.04754400976994 1.0913979574524 0.42075631668439 9.660006851508 1.1492659671693 0.10859182965533 9.6618998400837 0.0069491058084803 0.0041283974432348 0.0016045162571798 0.0069591829032211 0.0040751466318666 0.0016974507641372 0.45024993059411 0.055865910893854 4 7 4 4 0
49.044853953607 8.4380119619255 112.20262908936 0.043484 0.007039 2.4387293267949 13.333830168334 -15.60819331016 20.5280137702 0.086064499585246 -0.0029724985029399 0.069772093306939 0.30807721543402 9.6893829688836 0.13700912932257 -0.10718436848838 9.6929845250307 0.010693378301262 0.0024225831535406 -0.0010394973884487 0.01068676761154 0.0024642534079844 -0.0010099188612753 0.45620280577831 0.045967379738245 4 7 4 4 0
49.044632630277 8.4384064105418 111.98873138428 0.039161 0.0092 2.4504293267949 12.788183234671 -15.362045396824 19.988173055324 0.055398950430311 -0.07947452555472 0.29354006400465 0.61347070967994 9.6573841657436 0.38055992861794 0.23857629170091 9.6709661019069 0.0066176386521927 0.0034759862557491 0.0049750929312045 0.0066628547686933 0.0032810706027502 0.0050446045033305 0.45300110375141 0.04172529209005 4 6 4 0 0
49.045117175174 8.4375472161922 112.3345489502 0.03747 0.004241 2.4336933267949 13.715143458997 -15.908688815537 21.004441770504 0.070692206631574 0.015718018718567 0.37072304789022 0.43551160552014 10.155401732086 0.41808077728437 0.040120837302637 10.163016115022 -0.025425161205199 -0.0075636151379189 0.0043282263731926 -0.025405907262531 -0.0077263363167706 0.0041445189147479 0.445 0.036069377593743 4 8 4 4 0
49.045321410512 8.4371811910949 112.00525665283 0.034127 0.010621 2.4401453267949 13.865178961149 -16.381668016734 21.46163603218 0.020362659082591 -0.054941990208932 0.17960255935082 0.43816293039075 9.4860297191414 0.27169917273438 0.10716557893511 9.49345953011 -0.011463305754396 0.015620732209228 6.1132687006623e-05 -0.011456757695502 0.015608846827472 0.00070945063976522 0.43880291703679 0.040311288741493 4 7 4 4 0
49.043821145094 8.4398540944803 112.82081604004 0.030476 0.006384 2.4421133267949 9.7785175186562 -11.546346850626 15.130605504457 0.048141658262634 -0.033426372438437 0.761853795607 0.17770651606726 9.9977276808541 0.82199755278622 -0.13478989359695 9.9938275271336 -0.013515993254264 0.0065744206721433 -0.00016633352740627 -0.013515427039892 0.0065759448165114 0.00011413867331711 0.44861230477997 0.051623637996561 4 6 4 5 0
49.04479182035 8.4381207104277 111.90127563477 0.039359 0.004223 2.4402133267949 13.208052456452 -15.574818078712 20.421199601172 0.047907688574878 -0.014040767469251 0.28233074059574 0.2511164471543 10.006964983731 0.33074320270893 -0.14322923542012 10.007698946157 -0.00062591445437991 -0.011402174251429 -0.0059099601999075 -0.0006570758440108 -0.011160760617836 -0.0063526594259037 0.45620280577831 0.045967379738245 4 5 5 4 0
49.044753773912 8.4381887089253 111.90734100342 0.038277 0.005214 2.4427723267949 13.103605065118 -15.539006829254 20.326417181558 0.046466174130248 0.0090004559731711 0.28301272040743 0.12105839566812 9.8581011352211 0.33166420802921 -0.25371278408718 9.8542047831815 0.0044344170228432 0.0041702461386694 -0.0092341658539211 0.0043902132455969 0.0045178322680142 -0.0090865808743802 0.44940071205996 0.040311288741493 4 5 5 5 0
49.043924229479 8.4396699086225 112.84481811523 0.028842 0.005385 2.4379953267949 10.35488196238 -12.099330217604 15.925245364225 0.062669867750317 -0.012472400231159 0.49187419944574 0.39457428622001 9.7495803053458 0.54594988344866 0.11871851042799 9.7541427620581 0.0099079563747679 -0.0026606740635875 0.0063051059898362 0.0099426928083244 -0.0028395305940345 0.0061704674629624 0.44664527311951 0.048795491595023 4 7 4 4 0
49.044926697599 8.4378825985082 112.42933654785 0.041278 0.007884 2.4371593267949 13.400548011297 -15.653622797139 20.60593271996 0.078460491413546 -0.02076285315919 0.10269596833199 0.22901998053395 9.8190769930927 0.18342615758132 -0.18104148471773 9.8190056097327 -0.0083568572699105 -0.0057078203059977 -0.0032859847112214 -0.0083855464922394 -0.0055657928806509 -0.0034492058374385 0.44720017889084 0.033241540277189 4 7 4 4 0
49.044263402509 8.4390645142657 112.6143951416 0.05132 0.010338 2.4388203267949 11.705213136473 -13.732366754818 18.04398738642 0.067418824968835 -0.10821960074648 0.50961364279423 0.29774130734884 9.7831558153183 0.61139683289249 -0.20708042170339 9.7797305675668 -0.0045619453267693 -0.0017512242759373 -0.010412119691934 -0.0046710888893843 -0.0012122998543512 -0.010439056421451 0.45922107965554 0.045967379738245 4 8 4 4 0
49.045002571757 8.437748069717 112.48494720459 0.042789 0.009812 2.4331743267949 13.547157109775 -15.689897508846 20.728989707156 0.08629667335742 -0.010896654682583 0.16508517346456 0.26294734081841 9.4410622174838 0.24974034513213 -0.13315126899685 9.4419886854511 0.014921569710997 0.014467235032281 -0.0061445543872439 0.01487148560762 0.01471211836877 -0.0056658107639368 0.44720017889084 0.033241540277189 4 8 4 4 0
49.043536252362 8.4403649270471 113.1517791748 0.030395 0.00972 2.4386753267949 7.5494339693185 -8.8133929249775 11.604545746662 0.065844468989125 -0.10014114991515 0.87425518386815 0.32812647240774 9.7501926445945 0.97349666212623 0.027794831447454 9.7463409787166 -0.0068810562351357 -0.0082911961129757 -0.0048787129830252 -0.0069323401604966 -0.0081373215681418 -0.005060996185501 0.44853762383996 0.050931326312987 4 8 4 4 0
49.043665827713 8.4401360403331 112.94046020508 0.033854 0.005328 2.4421743267949 8.778865297714 -10.30369204964 13.536161956772 0.082874649702308 -0.058405611589401 1.1458191529621 0.29430542453787 9.8678434102764 1.2008539038271 -0.039356108268248 9.8656479401539 0.0012209298526863 -0.0043448997067927 0.00048861705866089 0.0012226923692553 -0.004358936655549 0.00033448402771393 0.45024993059411 0.055865910893854 4 7 4 4 0
49.045194017409 8.4374110174005 112.16078186035 0.039701 0.012222 2.4369243267949 13.836039350515 -16.100177621263 21.228302761832 0.10431967433639 -0.11368541029848 0.074471896741226 0.36889870726035 9.548443683503 0.19231539764052 0.0010341156207373 9.5539137791718 0.021785478065106 -0.0016938000296537 0.0066283214057739 0.021864557806256 -0.0019483205578141 0.0062773093809887 0.44220018091358 0.038897300677553 4 9 4 4 0
49.043707023809 8.4400608558254 112.9087600708 0.034773 0.006451 2.4414193267949 9.16666196634 -10.768119400905 14.141233651267 0.074825523237759 -0.057159012549538 1.1124536766942 0.22930432095683 9.724627397059 1.1719625233488 -0.10767618728622 9.719764326293 0.00259770686648 0.0060356161545044 -0.0062549693802575 0.0025603714715819 0.0062488935200141 -0.0060568348807141 0.44664527311951 0.050911688245431 4 6 4 4 0
49.044092861591 8.439366849249 112.84970855713 0.042254 0.003357 2.4481853267949 10.89384788393 -13.047458590321 16.997342128341 0.051307715415525 -0.008317264769296 0.59256828953649 0.22965150416979 9.865439069632 0.63422526331982 -0.18381326705263 9.8639146269142 0.00598261371768 -0.016082825410503 -0.011368005111075 0.0059326646519289 -0.015592370442895 -0.012051499280855 0.46524402199276 0.053758720222862 4 8 4 4 0
49.043953211621 8.4396182250769 112.84631347656 0.031789 0.00604 2.4412163267949 10.450163619324 -12.276388889775 16.121754750008 0.06913998213586 -0.0038608607166333 0.59886114227899 0.46327884421662 9.7861085942049 0.6548237855022 0.15805015880401 9.7922719637132 0.010814726408079 0.0059638053117579 0.0097602743922215 0.01087097271299 0.0056575679280357 0.0098812229509623 0.45115961698716 0.050931326312987 4 7 4 4 0
49.044572423041 8.438515138207 112.03582000732 0.039138 0.006954 2.4465753267949 12.696602525012 -15.138609027888 19.758015415647 0.047342095711309 -0.069863459901856 0.41922610999392 0.57064229927476 9.8040877880202 0.48955647781027 0.1789205652724 9.8159045692355 -0.013763050862001 -0.0032542919516301 0.0090859899865005 -0.013698247305133 -0.0036147291488879 0.0090487044414352 0.45300110375141 0.04172529209005 4 7 4 0 0
49.044329857788 8.4389467403352 112.44955444336 0.047429 0.008784 2.4351523267949 12.032479486222 -13.980917669778 18.445608344229 0.078594420104198 -0.093841219930687 0.55075949284547 0.49301885927996 9.7689008156503 0.63768659193694 0.030295845861908 9.7760974104611 0.0022900764638815 -0.0021156726688926 -0.0010177219471618 0.0022792087024403 -0.0020652659064025 -0.001135994492973 0.45922107965554 0.045967379738245 4 7 4 4 0
49.044669014635 8.4383411587773 111.94367218018 0.038305 0.0056 2.4500803267949 12.848590699092 -15.463909142104 20.105149675762 0.041364954871565 -0.048888330687247 0.26864554385428 0.38093796575102 10.083583511048 0.32968547800782 -0.0077709195220853 10.089100437903 -0.004386466364631 -0.0085288364588854 -0.0044307040499502 -0.0044138003052094 -0.0083521973269771 -0.0047281308606481 0.45300110375141 0.04172529209005 4 6 4 5 0
49.043543157284 8.4403528740456 113.12219238281 0.028927 0.007879 2.4378503267949 7.6102770221987 -8.8879907020937 11.700833228364 0.056314080907932 -0.093974732562526 0.89313469021311 0.23183877268046 9.891172529587 0.97987028856444 -0.061229665392243 9.8855966028741 -0.012445031269611 -0.015960760524425 -0.0048586308581761 -0.012491616311277 -0.015809481074112 -0.0052188688300734 0.44853762383996 0.050931326312987 4 8 4 4 0
49.04373244572 8.4400145705996 112.89767456055 0.037946 0.00659 2.4404913267949 9.3899204712049 -10.998806793659 14.461590653192 0.082231249558963 -0.06895516903693 0.78663443520609 0.27710429224529 9.8748133179696 0.85474498830403 -0.092459571697072 9.8726236734443 0.0097010450898961 -0.0054323601377537 -0.0031543595519088 0.0096774626580351 -0.0053110905787401 -0.0034244162290709 0.44664527311951 0.050911688245431 4 7 4 4 0
49.04459667032 8.4384714547255 112.01264953613 0.037287 0.007562 2.4484223267949 12.729100911773 -15.239437153179 19.856198102906 0.044419151729595 -0.055918618321855 0.29845983020986 0.45357819503661 9.8838496215218 0.36808682482558 0.079623784760054 9.8917629819537 -0.0093055878490019 0.0093518054488522 0.0083459783026989 -0.0092440359239298 0.0090293588402934 0.0087544160188499 0.45300110375141 0.04172529209005 4 6 4 0 0
49.044537075918 8.4385789962825 112.09462738037 0.041543 0.007066 2.4435723267949 12.655029841056 -14.965377378908 19.598678191576 0.06576863184536 -0.057570931981589 0.47240741931739 0.71316560819235 9.643278337115 0.53682087530474 0.31256806996927 9.6613122595528 0.0010336477788475 0.0073520526853524 0.010169715771865 0.0011036327643733 0.0069239515136903 0.010459880061535 0.45860004361099 0.045254833995939 4 7 4 4 0
49.044351434484 8.4389080862079 112.43003845215 0.047283 0.007528 2.4353063267949 12.112372429742 -14.079822901731 18.57269804433 0.076634156904383 -0.072622518586037 0.54163400092523 0.52585038660668 9.8159898547954 0.61660525323624 0.061235818543858 9.8255027900247 0.0002943410103718 -0.001959576973002 0.00037435545639491 0.00029687828158315 -0.0019751375177918 0.00027977992808745 0.46020212950398 0.046669047558312 4 7 4 4 0
49.045206422902 8.4373889335601 112.12774658203 0.041651 0.008946 2.4375953267949 13.837757124887 -16.122717544069 21.246517858923 0.10531244239161 -0.12055669372677 0.024377636239596 0.46376520371328 9.9651265475427 0.12979220270326 0.058002343934783 9.9748539877591 0.017977553346749 -0.028954043251704 0.0075311403921081 0.018045646410244 -0.029235600755322 0.0061330767471752 0.44220018091358 0.038897300677553 4 9 4 4 0
49.044420908751 8.4387853691475 112.31130218506 0.040405 0.007786 2.4347483267949 12.354761873274 -14.390712634748 18.966554594545 0.050640478426228 -0.056328734565858 0.57264298469603 0.41019218259182 9.7088899469029 0.64491510527648 0.013700332677413 9.7130521519342 -0.0070853358191446 0.0060408534832332 -0.0014909383191542 -0.0070944740275945 0.0060969259792803 -0.0011911656287344 0.46020212950398 0.046669047558312 4 7 4 4 0
49.043602879693 8.4402482987514 113.02368164062 0.025035 0.00436 2.4405003267949 8.1841438347139 -9.5673512866385 12.590005430798 0.078623292298043 -0.029633571336717 1.0607398528405 0.17921913596386 9.7486209211859 1.1032123694506 -0.061118345684587 9.7453343115339 0.006800427422297 -5.3958033864065e-05 0.0060254509509434 0.0068267437737443 -0.00020251546092859 0.0059924383758662 0.45024993059411 0.055865910893854 4 7 4 4 0
49.04462100308 8.4384274426109 112.00058746338 0.038236 0.008888 2.4499923267949 12.772774009018 -15.323359636557 19.948583545024 0.056152373318536 -0.061359394149685 0.32759882793081 0.49033878236243 9.7121898070376 0.40954859433581 0.12048691358394 9.7207945028908 0.0030652958782133 0.0080082484220748 0.0077230791954273 0.0031330923867373 0.0077086194943112 0.0079966821346208 0.45300110375141 0.04172529209005 4 6 4 0 0
49.044828842298 8.4380561052262 112.06784820557 0.040826 0.006454 2.4392033267949 13.294566374185 -15.601219010723 20.497280591363 0.071182088993121 0.0097652974301953 0.1625591824091 0.27940631964256 9.6631554619385 0.22233273114635 -0.11124413336855 9.6654193883582 0.0062313540086737 0.0055505382452311 -0.0017336486465865 0.0062223820103175 0.0056158709731111 -0.0015484004411572 0.45620280577831 0.045967379738245 4 7 4 4 0
49.044889723157 8.437948513193 112.33450317383 0.043832 0.007538 2.4383433267949 13.364533940721 -15.635255281744 20.56854093405 0.084203125731852 -0.00054596384864556 0.080081022596997 0.53423641982396 9.6279992449244 0.14915207239809 0.10930146198393 9.6414087515837 -0.0048099126209161 0.0067251636232552 -0.0013591956441794 -0.0048173991563124 0.0067786804013082 -0.0010269189277945 0.45620280577831 0.045967379738245 4 7 4 4 0
49.045129546271 8.4375254007597 112.32231903076 0.035496 0.004899 2.4341793267949 13.735039632371 -15.942637300173 21.043140626874 0.072474040541599 0.038009270119319 0.36199197871554 0.49409090185419 9.9544113908608 0.40752491100667 0.12929236936558 9.9640617193861 -0.01953473656159 0.0059101872030527 0.0051990534184502 -0.019509430800597 0.0057173190036254 0.0054905374722583 0.445 0.036069377593743 4 7 4 0 0
49.044307185542 8.4389869818799 112.50048065186 0.047593 0.009387 2.4355493267949 11.927540604013 -13.893553701638 18.310996798054 0.067426734633917 -0.10446940330606 0.53176333662249 0.4698760330558 9.8796850665668 0.62527848297794 -0.0026134112687128 9.8854538928302 -0.0033148346671698 -0.0020744530273439 -0.0056988432594055 -0.003369812559502 -0.0017992744246642 -0.0057578476465349 0.45922107965554 0.045967379738245 4 7 4 4 0
49.043741653753 8.4399978856249 112.89583587646 0.039104 0.006398 2.4404733267949 9.4461597843831 -11.060162760602 14.544763995943 0.083535406226592 -0.060876131872205 0.70874864176865 0.32917805343288 9.8551438235901 0.77313229606004 -0.051656593974146 9.8557031482311 0.0086196205366271 -0.002314601842733 -0.00109173945557 0.0086114283219816 -0.0022715163528369 -0.0012365215830671 0.44664527311951 0.050911688245431 4 7 4 4 0
49.045516453583 8.4368249023588 111.80374145508 0.036141 0.005937 2.4356163267949 14.218591378477 -16.800979308977 22.009905918991 -0.073088092068337 0.015411091837789 0.28692221908997 0.082198270353316 9.7698903183357 0.34316623234544 -0.26652649568508 9.7647956798692 0.0083762961264119 0.0028441789234264 -0.0057267748442357 0.0083440449455338 0.0030469068211732 -0.0056713416496391 0.43740370368802 0.038897300677553 4 6 4 4 0
49.043514746057 8.4404031069746 113.21984863281 0.029648 0.010203 2.4400643267949 7.3449861311768 -8.5813156567076 11.295217386566 0.076927026064605 -0.056714357017809 0.90612019840557 0.093243288128438 9.6392124995628 0.99809023013563 -0.18758809849385 9.6287577703408 0.0090048543524898 0.011079072611576 -0.0082353274425833 0.0089297183063258 0.011313781218001 -0.0079918773972258 0.45075159456179 0.050328918128646 4 8 4 4 0
49.045040501465 8.437681487478 112.44931793213 0.046251 0.006221 2.4317803267949 13.627225611357 -15.724198022304 20.807290021818 0.091637327976429 -0.0044134240914246 0.33822577316639 0.41029338836019 10.222551432708 0.40279213859008 -0.057331635154617 10.22843460582 0.0097213179226215 -0.0020174266496714 -0.002179415323739 0.0097063512872743 -0.0019168434931469 -0.0023240612469729 0.445 0.036069377593743 4 8 4 4 0
49.045373294483 8.4370861365459 111.93661499023 0.034308 0.006315 2.4395533267949 13.945399156027 -16.488104358448 21.594715014975 0.0020338415562752 -0.015516605768652 0.30071244101677 0.35530425132025 10.010985495733 0.36442038204224 0.011310283428222 10.015205171566 0.00045883308473371 -0.00079469600066462 -0.0010305586780167 0.00045222497550904 -0.00075880030096379 -0.0010599900115251 0.43880291703679 0.040311288741493 4 7 4 4 0
49.045283218098 8.4372510245469 112.03594970703 0.038534 0.008309 2.4400193267949 13.831925823702 -16.289890567268 21.370076283775 0.050738409661768 -0.064165755708055 0.17335643760084 0.25928482979742 9.7330631766804 0.26149281723761 -0.12415481334956 9.7343379777229 -0.01418458777748 -0.013712142332897 0.0017820906559339 -0.014171929069726 -0.013772559795029 0.0013834868677404 0.43880291703679 0.040311288741493 4 8 4 4 0
49.04408292959 8.4393845168043 112.86514282227 0.041414 0.005149 2.4495533267949 10.839044970093 -13.015408339812 16.937631905598 0.050092651681928 -0.0094629480057304 0.45109034750467 0.089816215478757 9.8532113447244 0.50553380873324 -0.32111524178291 9.8458842023629 -0.0054916074654236 -0.0074502212888762 -0.0091327681773615 -0.0055436717595268 -0.0070630081507712 -0.0094026445304322 0.46524402199276 0.053758720222862 4 8 4 4 0
49.043724145903 8.4400296031345 112.90352630615 0.0369 0.007072 2.4407313267949 9.3275575572396 -10.93204072987 14.37032104022 0.082080319330415 -0.065040352145862 1.0052085514348 0.14275863017836 9.8100006619015 1.0740939555808 -0.21355704406688 9.8013940889562 0.01052571648407 0.00092125697255963 -0.0049962575956562 0.010490571294956 0.0011020215714763 -0.0050345329116335 0.44664527311951 0.050911688245431 4 6 4 4 0
49.044705374875 8.4382755867791 111.92423248291 0.036034 0.008253 2.4469563267949 12.940325254651 -15.509749391183 20.199102332351 0.027782628530459 -0.040392210299093 0.16026142159069 0.044038263108467 9.7306085475738 0.23784284721109 -0.3083998222596 9.7243646204368 -0.0034436019013761 0.0041796327111695 -0.012038876320145 -0.0035389481711375 0.0046122117659683 -0.011851564421313 0.44940071205996 0.040311288741493 4 5 5 5 0
49.045502503942 8.4368502735906 111.81003570557 0.03518 0.00537 2.4362843267949 14.182362371342 -16.776871317215 21.968109617899 -0.070599513933966 0.01597886813872 0.27694423200533 0.10364670209485 9.9250407928336 0.32842706662632 -0.24492069244653 9.9210573917432 0.0015584542417419 0.0028627538058368 -0.005451627551908 0.0015308633853036 0.003052511959937 -0.0053559590990816 0.43740370368802 0.038897300677553 4 6 4 4 0
49.04535970509 8.4371111067412 111.95481109619 0.034422 0.006527 2.4397633267949 13.925683664957 -16.451391463686 21.553949487038 0.014366189448398 -0.047533892388494 0.24128077369165 0.39370429663407 10.044480569122 0.31321408373029 0.050711921569568 10.050152417729 0.0061191762281852 -0.011279043603176 -3.6280828544277e-05 0.006116080551384 -0.011271174821824 -0.0004612464187262 0.43880291703679 0.040311288741493 4 7 4 4 0
49.043699000247 8.4400755743258 112.90953826904 0.034459 0.005928 2.4418533267949 9.0921507438976 -10.683277762033 14.028319692364 0.076677693446582 -0.053816960365089 1.1024669716978 0.23366184158575 9.8053112938412 1.1593051706259 -0.10218181190329 9.801079166791 0.0042225341974543 0.0027103717993928 -0.0041665998402898 0.0041986711379875 0.0028512080961749 -0.0040947036795072 0.44664527311951 0.050911688245431 4 6 4 4 0
49.043803157739 8.4398871460698 112.82025146484 0.033235 0.006738 2.4418123267949 9.6802602325829 -11.409354283417 14.962547353994 0.05474733854771 -0.086817130479188 0.65427171948548 0.35854297143104 9.9161413380892 0.73395414517615 0.021078472793087 9.917105024535 -0.013876680741877 -0.023120102717543 0.0025470253416761 -0.013862352817198 -0.023193265688172 0.0018802246268147 0.44861230477997 0.051623637996561 4 7 4 0 0
49.043786036888 8.4399182939462 112.85298156738 0.036138 0.009969 2.4413533267949 9.6097410432406 -11.298244027214 14.832164391503 0.065873404402404 -0.063333042353447 0.50363363163751 0.34563862745311 9.6864192962694 0.59835686405949 -0.0073109998050756 9.6872383523541 -0.0050146539311933 0.0035314880342439 0.0027247830190531 -0.0049862277005713 0.0034302918447254 0.0029016056362729 0.44861230477997 0.051623637996561 4 7 4 0 0
49.043943836395 8.4396349857212 112.84590911865 0.030574 0.005509 2.4401983267949 10.42269274393 -12.216705075648 16.058509662676 0.06896830169896 -0.0069375365368129 0.65026155859445 0.33890787583877 9.7310697345269 0.70208012491424 0.044677367265151 9.7334074664521 0.0059807975823684 0.0033672404718014 0.011344343910976 0.0060423476705822 0.003022024384213 0.011414387634315 0.45115961698716 0.050931326312987 4 7 4 4 0
49.043674488515 8.4401203463689 112.93042755127 0.033978 0.005306 2.4422473267949 8.8589731943324 -10.404074944025 13.664534479806 0.081746780035603 -0.053301272547638 1.0881858849619 0.25220728296462 9.7856602890564 1.1407520506285 -0.080136579095078 9.7826028683841 0.00065670671702616 -0.0011184179230841 -0.00038293361819162 0.00065447219223222 -0.0011047226088567 -0.00042408723952305 0.44664527311951 0.050911688245431 4 7 4 4 0
49.044197501724 8.439181124153 112.73268127441 0.053982 0.007751 2.4422833267949 11.430329690258 -13.435948358131 17.639955595082 0.095549778696335 -0.019711675192018 0.6012524414521 0.61142352675492 9.7111413395882 0.6691354251356 0.090769105163439 9.7255732040702 0.007648532384115 0.013589389486551 0.0029338318981461 0.0076743624385913 0.01341253193597 0.0036093819917313 0.46142496681476 0.048083261120685 4 8 4 4 0
49.044513208374 8.4386218494279 112.13321685791 0.040739 0.00671 2.4414213267949 12.60843612511 -14.837417505606 19.470919292706 0.070609584687493 -0.047635844811397 0.54644038971575 0.48826376138816 9.7542639773958 0.61106697037373 0.093252052127942 9.7622919416105 0.0051270924979998 0.001999375349918 0.010455408090981 0.0051973502903934 0.0015746659613955 0.010491207646986 0.45860004361099 0.045254833995939 4 7 4 4 0
49.045027018554 8.4377051466773 112.45859527588 0.045019 0.00645 2.4321323267949 13.595099340307 -15.702742395921 20.770038524955 0.091602893186372 -0.04256295718528 0.25167771467954 0.26255676291577 9.9293557608143 0.32751084275458 -0.18054794890546 9.9290916402263 0.0075917411275358 -0.021664131334733 -0.0037963586829486 0.0075547804018206 -0.021473363391479 -0.0048269321105671 0.44720017889084 0.033241540277189 4 8 4 4 0
49.045347330611 8.4371337291228 111.97353363037 0.034051 0.007946 2.4397983267949 13.905422942443 -16.426787753726 21.522079059646 0.016192347202837 -0.063651174173516 0.20062286383153 0.23170413311665 9.9368920404659 0.28674781913915 -0.10374803464766 9.9369733740072 0.0062368232167209 -0.012972542165028 -0.000542891976266 0.0062279526907896 -0.012946887602066 -0.0010312742623469 0.43880291703679 0.040311288741493 4 7 4 4 0
49.043895584325 8.4397208687531 112.84251403809 0.027011 0.005299 2.4376123267949 10.205860285368 -11.956384477135 15.719817731303 0.045717611634996 -0.0083292237122754 0.69538958222247 0.22973435669 9.8059686524162 0.74476877419199 -0.033063274954859 9.8050385503721 0.0038415736131848 0.0043998447256606 -0.0053049855781017 0.0038155210081753 0.004540301487838 -0.0052032542249108 0.44664527311951 0.048795491595023 4 7 4 4 0
49.0450651541 8.4376383863632 112.41548156738 0.045631 0.010015 2.4320633267949 13.666049421713 -15.771261780352 20.868280123507 0.092295284426154 -0.027573566988047 0.000283912826188 0.44415421633682 9.1724466907534 0.082610595051491 0.020176276810106 9.1833820508399 -0.0096308392258205 0.017303860643359 0.00024673808889585 -0.0096222720891576 0.017272371775455 0.0011440221698138 0.445 0.036069377593743 4 8 4 4 0
49.043991995799 8.4395484886309 112.87210845947 0.038778 0.007742 2.4469653267949 10.549130548543 -12.509900546897 16.363828833105 0.084077459569317 -0.027966195434056 0.57993307102946 0.68659615173641 9.8303414750487 0.6536567671397 0.31492138852657 9.8447700533019 0.017827947395323 0.0048659794990533 0.014538045402289 0.017937685193131 0.0043140611142969 0.014580323794234 0.45115961698716 0.050931326312987 4 7 4 4 0
49.043858390667 8.4397872562466 112.83874511719 0.028116 0.005988 2.4400603267949 10.001528149386 -11.781872548806 15.454493636645 0.041471655029317 -0.037123303768525 0.67290135610651 0.26171535794488 9.8020945016389 0.73101703147793 -0.017856090173359 9.8014431488435 -0.0069059223567794 0.0009589378475814 -0.0060234975331465 -0.0069410650633398 0.0011300033794055 -0.0059532554717353 0.44664527311951 0.048795491595023 4 6 4 0 0
49.04533494161 8.4371563216029 111.99024963379 0.033289 0.009017 2.4399753267949 13.882832439468 -16.406621625111 21.492092358831 0.015185865210171 -0.070991364973039 0.23161058120537 0.18734446840037 9.8277572119911 0.32540122066035 -0.14308074032124 9.8259910483516 -0.0045692833529609 -0.0096625008128387 1.8411898891314e-05 -0.0045719870361546 -0.0096577893816215 -0.00025659962388095 0.43880291703679 0.040311288741493 4 7 4 4 0
49.043691169086 8.4400901617009 112.90674591064 0.033818 0.005624 2.4420003267949 9.0169424481519 -10.596751382431 13.913678783796 0.077031386722825 -0.049052262436637 1.1243364087202 0.19998841183561 9.856152956625 1.1786682177749 -0.1359960748741 9.8509745402832 -0.0045745850061673 0.001996478884774 -0.0022454189455121 -0.0045864813288396 0.0020716470540437 -0.00214812064553 0.44664527311951 0.050911688245431 4 6 4 4 0
49.043580118031 8.4402884473783 113.03382873535 0.024022 0.003663 2.4392083267949 7.9650713185654 -9.2999200727489 12.244439239363 0.067684880333867 -0.030479151830751 1.0803642403799 0.31634149066494 9.9179885276464 1.1169924401359 0.076655705128574 9.9187013145215 -0.0025310487146705 -0.00036790993736675 0.007795817473628 -0.0025025417655468 -0.0005558862620649 0.0077944750663511 0.44853762383996 0.050931326312987 4 7 4 4 0
49.045424276588 8.4369926567828 111.88509368896 0.034858 0.006055 2.4385643267949 14.028404207004 -16.599455457284 21.73332126492 -0.028103774464248 -0.020181278641181 0.27953544377684 0.28673992964861 9.9529827383116 0.34359695046511 -0.058564342291883 9.9549479030057 0.0039864195078981 -0.0071227685947052 -0.0010787870870652 0.0039777535145743 -0.0070812807615505 -0.0013516431004507 0.43740370368802 0.038897300677553 4 7 4 4 0
49.043715923384 8.4400445390324 112.90798950195 0.03587 0.007064 2.4411763267949 9.2542260108889 -10.857693275525 14.266183773201 0.078854702349547 -0.059081452913095 1.0462423706065 0.2288686341625 9.7556242840893 1.1114626744815 -0.11604646429795 9.75046660966 0.0095136262873504 0.0069779800374981 -0.0040845423371175 0.0094882676008376 0.0071173966660777 -0.0038981968645954 0.44664527311951 0.050911688245431 4 6 4 4 0
49.04541176998 8.4370155288219 111.90760040283 0.034428 0.006854 2.4386783267949 14.004618661238 -16.573161492517 21.6978882941 -0.025747578335313 -0.019963303424379 0.26436377413806 0.16644067952262 9.6924207850195 0.3328724053381 -0.1653860508939 9.6903468134517 0.0042186314845667 -0.0041155409126202 -0.0019645116848779 0.0042035665745138 -0.0040462171277513 -0.0021348007548776 0.43740370368802 0.038897300677553 4 7 4 4 0
49.044408654394 8.4388069606086 112.32994842529 0.040924 0.006988 2.4348923267949 12.304437381939 -14.343869075242 18.898242173726 0.046810421270008 -0.052328433078238 0.55771071473578 0.26908741207752 9.8191881518229 0.62690926556501 -0.14437588598269 9.817908228274 -0.020505152588208 -0.0012603910228697 -0.0023732209308976 -0.020521834773445 -0.0011599655053204 -0.0022727210802413 0.46020212950398 0.046669047558312 4 7 4 4 0
49.043594734443 8.4402627134582 113.02338409424 0.024241 0.004489 2.4399103267949 8.1060643020586 -9.4723947214295 12.467119773617 0.073898029289646 -0.023491405427448 1.0788394549094 0.26388095539071 9.6197523005096 1.1207726884 0.033107962253575 9.6185415287329 0.004475688213865 0.0021437073642816 0.0050705996606574 0.0044978794834396 0.0020215993934907 0.0050998222003035 0.45024993059411 0.055865910893854 4 7 4 4 0
49.043634090457 8.4401932314313 112.97646331787 0.031922 0.00589 2.4418943267949 8.4844524299398 -9.929825690209 13.060574809859 0.093647824942873 -0.036707314247183 1.0566137026947 0.37704989653763 9.7191720167277 1.1114298192012 0.075615182942684 9.7201120084386 0.016315042017792 0.0043256270694605 0.0040784941403013 0.016338473913341 0.0041974160658018 0.0041185552077196 0.45024993059411 0.055865910893854 4 7 4 4 0
49.044548512429 8.4385584605778 112.07284545898 0.041363 0.007499 2.4446503267949 12.674531053284 -15.023895235821 19.655972527753 0.064233302300974 -0.05779011846151 0.46705175354579 0.63594140586535 9.6669679301118 0.53549272845634 0.23489424572137 9.6815416932879 -0.0013633047465826 0.0079011103762127 0.010034842970153 -0.0012902997285013 0.0074786071415573 0.010363470638071 0.45860004361099 0.045254833995939 4 7 4 4 0
49.043812469617 8.4398698403206 112.81493377686 0.031917 0.00554 2.4420773267949 9.7305031702307 -11.481165359533 15.04982618943 0.050966349411858 -0.060240847347271 0.79512148899599 0.39266205879861 10.08072889313 0.85719484389709 0.06439615671589 10.083155691953 -0.010811740109512 -0.010582864615922 0.00084969230631001 -0.010807759073791 -0.010605357142913 0.00057003685831029 0.44861230477997 0.051623637996561 4 7 4 0 0
49.044296390312 8.4390060491404 112.54181671143 0.047891 0.00965 2.4360973267949 11.872246760766 -13.853830534219 18.244858301579 0.064142127110574 -0.10873938491419 0.57093795678032 0.21315423109342 9.8855483470746 0.66782938457336 -0.26547253189523 9.8784403621127 -0.0090461913812867 -0.0035580308436496 -0.0083774569837636 -0.0091293011821154 -0.0031487041371257 -0.0084481427626785 0.45922107965554 0.045967379738245 4 8 4 4 0
49.043963526093 8.4395995919593 112.85105895996 0.033384 0.007287 2.4426913267949 10.478914913401 -12.338279993277 16.187519436868 0.071711053291202 -0.0053041258409315 0.50480152437385 0.57225015091724 9.7745818966014 0.56947692817422 0.25372944344689 9.7846290975731 0.014561347236961 0.012149912503169 0.012538942200289 0.014647341479347 0.011734425309906 0.012834267580551 0.45115961698716 0.050931326312987 4 7 4 4 0
49.045232467122 8.4373424219417 112.08279418945 0.042876 0.006129 2.4388893267949 13.836099834378 -16.189514407433 21.296257911719 0.087047688496163 -0.00024124218907986 0.18767862210162 0.65338722847497 10.176109172154 0.24898359554289 0.21682940564526 10.193601471521 0.00079524994087277 0.0020392726876165 0.0071729039844481 0.00083895945143908 0.0017301248442027 0.007248942833768 0.44220018091358 0.038897300677553 4 9 4 4 0
49.04524487776 8.4373202131168 112.07139587402 0.041833 0.007423 2.4394703267949 13.831911130224 -16.218122776167 21.315330310747 0.078228851443213 0.0083190211722162 0.090626027282424 0.50971958495689 9.8306190725201 0.1590143248589 0.091699404891805 9.8427822134944 -0.011374566979924 0.0083007832390423 0.0064704825793825 -0.011326142117929 0.0080184075483756 0.0069079698547324 0.44220018091358 0.038897300677553 4 8 4 4 0
49.043848545988 8.4398048802923 112.83867645264 0.02898 0.005838 2.4408053267949 9.9423673064561 -11.722346382407 15.370816689884 0.045416452929399 -0.043910837088885 0.73742429099873 0.27378127104611 9.9228057589028 0.79799802250255 -0.018234388900688 9.9219096003971 -0.0077922057623888 -0.0048414187729793 -0.0051381727817645 -0.0078239714842437 -0.0046884700670896 -0.0052300144223132 0.44664527311951 0.048795491595023 4 6 4 0 0
