49.014224556537 8.4170385657562 113.3696975708 -0.007857 0.014427 2.1550243267949 -0.01678067016214 -0.018341765702696 -0.0038814143407009 -0.024554963647838 -0.0097076898677975 -0.14614855325767 -0.069506722810989 9.8071999437572 -0.0044069390117261 0.0073796965399821 9.8085313903248 -0.00030464356071477 -0.00045290957125267 -6.200058811598e-05 -0.00030544300066671 -0.0004534009149943 -5.4014951892961e-05 1.6058072736166 0.094752308678997 4 9 4 0 0
49.0142251696 8.4170375351925 113.34169769287 -0.00787 0.014323 2.1570963267949 -0.02286128900824 -0.017427747144905 -0.0094029604633297 -0.027165229194534 -0.009648230650959 -0.14775617243134 -0.073827025263803 9.8072552060955 -0.0072838627212269 0.003143692218061 9.8086429036651 -0.00039378252757971 -2.2196503813784e-05 0.00085108414713441 -0.00038158570009104 -1.5472197546605e-05 0.00085678570201402 1.6064202438963 0.094752308678997 4 9 4 0 0
49.014224541454 8.4170386034533 113.3706817627 -0.007799 0.014486 2.1549373267949 -0.016458398954903 -0.018407336195318 -0.0035791327080948 -0.024431518266143 -0.0096549260960318 -0.14180374536847 -0.076925293672575 9.8046780271582 8.1654638857355e-07 -0.0002235629052758 9.8060051417586 0.00041380491150421 0.00040507696325458 0.00014520671863452 0.00041579092823049 0.00040618751339853 0.00013602939308966 1.6058072736166 0.094752308678997 4 9 4 0 0
49.014224675682 8.4170383772278 113.36496734619 -0.007831 0.014432 2.1553713267949 -0.017642079187384 -0.01833173058766 -0.0045981197246459 -0.025023051404065 -0.009632731039985 -0.14227568629676 -0.070916901674922 9.8058617163628 -0.00084627445914085 0.0058663567472122 9.8071483287266 -2.5777549239258e-05 0.00015750441130195 0.0006262475130637 -1.6787593226054e-05 0.00016234806853597 0.00062530728765783 1.6058072736166 0.094752308678997 4 9 4 0 0
49.01422523102 8.4170374091539 113.33653259277 -0.00786 0.014335 2.1573663267949 -0.023820385026258 -0.017288347249939 -0.010271033743605 -0.027582679352711 -0.0095262579288049 -0.14369977700526 -0.068608919670231 9.8045185184165 -0.0034509706713762 0.0084497320496523 9.805807305653 -1.8285638611781e-05 0.000518829197915 0.00059485782541692 -9.8343974216772e-06 0.000523526517716 0.00059096566396139 1.6064202438963 0.094752308678997 4 9 4 0 0
49.014224827024 8.4170381252522 113.3583984375 -0.007873 0.014401 2.1557913267949 -0.01918067617548 -0.018125148878027 -0.0059820068733502 -0.025702825401717 -0.0096188060879874 -0.14291162499095 -0.070394727331624 9.8083552574929 -0.0015757303539731 0.0065940429631035 9.8096465049904 -0.00041571297943094 -0.00015097991334143 -0.0010603967978213 -0.00043091938902247 -0.00015929653482218 -0.001053081691504 1.6058072736166 0.094752308678997 4 9 4 0 0
49.014225371478 8.4170371167141 113.32222747803 -0.007877 0.014272 2.1581923267949 -0.02635575084366 -0.01655348687756 -0.01276711352902 -0.028383894095103 -0.0095626098675083 -0.14674994329176 -0.072086692423831 9.8084975580124 -0.0068463708556136 0.0049691761434857 9.8098564994251 -0.00040380147710129 0.00012669855836169 0.0011535122522224 -0.00038732714862217 0.00013577337772368 0.001158118514175 1.6064202438963 0.094752308678997 4 9 4 0 0
49.014225378685 8.4170370818474 113.32042694092 -0.007885 0.014237 2.1582543267949 -0.026686685433358 -0.016455436948194 -0.013093461544412 -0.028487237687701 -0.0096132810327611 -0.14259183517544 -0.071701405654495 9.8042251061992 -0.00253293627023 0.0053927089675461 9.8055224744133 -0.0003901975934723 -0.00088208749842673 0.0002943101380387 -0.00038584834173987 -0.00087972855628831 0.00030676831526803 1.6070336026356 0.094752308678997 4 9 4 0 0
49.014224990659 8.4170378377544 113.35054779053 -0.007845 0.014345 2.1564673267949 -0.020981077111502 -0.017817269039002 -0.0076362159692971 -0.026445212125228 -0.0096472959530843 -0.14092743657474 -0.069557123533752 9.8068400431362 -0.00013647053428784 0.0073865140340881 9.8080963990769 2.0553340025973e-05 -0.00021038110383209 -0.00011744442413867 1.8902033061924e-05 -0.00021131585112434 -0.00011605506131697 1.6064202438963 0.094752308678997 4 9 4 0 0
49.014224910407 8.4170379783189 113.35441589355 -0.007864 0.014417 2.1561053267949 -0.020067950680854 -0.017982010257046 -0.0067934184244153 -0.02607537810642 -0.0096110286427919 -0.14804031468839 -0.073160075191065 9.8060059141975 -0.0070230229841675 0.0038648994792775 9.8073931244626 -0.00015687551885139 0.00063543801411947 -0.00041807913301755 -0.00016282918368354 0.00063214155162678 -0.00042074432523059 1.6058072736166 0.094752308678997 4 9 4 0 0
49.014225031952 8.4170377803927 113.34903717041 -0.007821 0.014385 2.1565943267949 -0.021354926732508 -0.017820870895491 -0.0079437194910729 -0.02665547018268 -0.0096321514943675 -0.14833600685014 -0.071545959043733 9.8079572630647 -0.0074616115272271 0.005378069107989 9.8093355450679 0.00036550434986039 0.00037847647876569 0.00050325604909902 0.0003726732370339 0.00038238242433177 0.00049498233930177 1.6064202438963 0.094752308678997 4 9 4 0 0
49.01422479057 8.4170381762313 113.35968017578 -0.00787 0.01442 2.1558003267949 -0.018854423790353 -0.018134734252723 -0.0057067854076558 -0.02553019353891 -0.0096482711974329 -0.14411602319559 -0.071897291115898 9.8049603912725 -0.0028799260182412 0.0049989101282074 9.8062814236267 -0.00048613078450949 0.00026374131215457 0.00067791651077145 -0.00047633226072412 0.00026906222459505 0.00068278201692284 1.6058072736166 0.094752308678997 4 9 4 0 0
49.014225062264 8.4170377199179 113.34730529785 -0.0078 0.014317 2.1567483267949 -0.021613933489417 -0.01770087009872 -0.0082226507028475 -0.026699657776593 -0.0095742868639301 -0.14680031418754 -0.073789522872697 9.8088716160459 -0.0060709885128989 0.0030815913477125 9.8102449894588 0.00063497382689416 -0.00054694497482092 0.0012717745072258 0.00065320221417658 -0.00053698734575648 0.0012668189752659 1.6064202438963 0.094752308678997 4 9 4 0 0
49.014224508684 8.4170386510977 113.37173461914 -0.007844 0.014442 2.1548653267949 -0.016305448111848 -0.01848377603814 -0.0034123875551014 -0.024410526603133 -0.0097483847059773 -0.14506507502937 -0.071997999902532 9.8085552638259 -0.0032193956330438 0.0047661522381155 9.8098900598034 -0.000328353326626 -0.00035975593639163 0.0011936910807724 -0.0003110489045284 -0.0003503814458426 0.001201121712957 1.6058072736166 0.094752308678997 4 9 4 0 0
49.014225148878 8.4170375809244 113.34345245361 -0.007842 0.014284 2.1570303267949 -0.022615757087916 -0.017502878769345 -0.0091583349845792 -0.027091484898192 -0.0095389960016881 -0.1446050073712 -0.070451260062473 9.8101158085927 -0.0040792660583571 0.0063536142640172 9.8114316811051 -0.00024969187814743 -0.0007268165529542 0.00057428698770959 -0.00024139428603638 -0.00072230853158083 0.00058349084366683 1.6064202438963 0.094752308678997 4 9 4 0 0
49.014224845586 8.417038088585 113.35739898682 -0.007879 0.014339 2.1558913267949 -0.019459817654809 -0.018079149799301 -0.0062382926795512 -0.025819066610997 -0.0096541896451294 -0.14184604840936 -0.071940071311389 9.806463380841 -0.00080912743467893 0.005096050975422 9.8077516734898 -0.00041254746603 -0.0007567160043938 -0.0004381129724134 -0.00041868394784649 -0.00076015811843324 -0.00042618442084574 1.6058072736166 0.094752308678997 4 9 4 0 0
49.014224761275 8.4170382278649 113.3610534668 -0.007841 0.014433 2.1557773267949 -0.018571476121978 -0.018157693659627 -0.0054595631708829 -0.025392819993064 -0.0096210097321737 -0.14350896535258 -0.073093880591143 9.8081478187753 -0.0021851031500499 0.0036819978337033 9.8094689027872 -0.00026056181632034 0.0004153276786742 0.0011256931780164 -0.00024434813973758 0.0004241326968623 0.001126057071364 1.6058072736166 0.094752308678997 4 9 4 0 0
49.014224640136 8.4170384324952 113.366355896 -0.007812 0.014428 2.1552173267949 -0.017445985201212 -0.018467880583677 -0.0043625768762034 -0.025027847945585 -0.0096340647384095 -0.14515095608874 -0.073088410504134 9.8061067804607 -0.0037122024552047 0.0037096355251344 9.8074521240302 0.00034694821604767 8.3784776550688e-05 0.00018183240767012 0.00034951388359294 8.518228904345e-05 0.00017616484526285 1.6058072736166 0.094752308678997 4 9 4 0 0
49.014225122922 8.4170376212325 113.34455871582 -0.007809 0.014293 2.1569603267949 -0.022208770703022 -0.017494002481238 -0.0088270426620933 -0.026858024088709 -0.0096210020003347 -0.14486129585703 -0.070783708468018 9.8106465359149 -0.0042736154684949 0.006004219625862 9.8119685170228 0.00029515636362009 -0.00066866316061565 0.0012736282931774 0.00031343645235755 -0.00065869412867931 0.0012744766624853 1.6064202438963 0.094752308678997 4 9 4 0 0
49.014224695101 8.4170383402988 113.36401367188 -0.007849 0.014409 2.1555123267949 -0.018084470105919 -0.018260049484331 -0.0050026747591899 -0.025208168006054 -0.0096639099465619 -0.14976475532368 -0.071355219196925 9.8102026677167 -0.0084025799890735 0.0054627876042915 9.8116001573854 -0.00033702140327185 -2.0361795758425e-05 0.00046599261471357 -0.00033028024480695 -1.675204269117e-05 0.00047093706941731 1.6058072736166 0.094752308678997 4 9 4 0 0
49.01422519081 8.4170374882967 113.33979034424 -0.007849 0.01431 2.1571563267949 -0.023075065778001 -0.01732261416552 -0.0096372335837524 -0.027196610765281 -0.0094983607386852 -0.14099511423096 -0.074120504643931 9.8098866825015 -0.00064744328067997 0.0029018883570131 9.8111793654722 2.8774131017906e-05 4.0229186949532e-05 0.00070882540476236 3.8878023463917e-05 4.5797253993156e-05 0.00070799254525737 1.6064202438963 0.094752308678997 4 9 4 0 0
49.014225297113 8.4170372854564 113.33076477051 -0.007849 0.014322 2.1576253267949 -0.024703700632984 -0.016995731983358 -0.011160461448894 -0.027831140202993 -0.0094752540991673 -0.14841066167452 -0.07058621700382 9.8130848899001 -0.0080537574418429 0.006475191671912 9.8144553396142 5.0470281199986e-05 0.00031971593334744 -0.00023838477880506 4.7009095812341e-05 0.00031782570379791 -0.00024159816079391 1.6064202438963 0.094752308678997 4 9 4 0 0
49.014224710103 8.4170383064482 113.36309814453 -0.007873 0.014464 2.1556143267949 -0.018393412133171 -0.018337736710916 -0.0052145757628224 -0.025444036515026 -0.0095521726759627 -0.14226608155864 -0.066680117799538 9.806701610454 -0.00081196679178316 0.010189370086159 9.8079546934616 -0.00061314361586347 0.00069115185621305 0.00042738632763657 -0.00060701964367014 0.00069447850640029 0.00043076917360794 1.6058072736166 0.094752308678997 4 9 4 0 0
49.014225332888 8.4170371972235 113.32646179199 -0.0079 0.014284 2.1579633267949 -0.025618445536784 -0.016772260688175 -0.012037386680143 -0.02815519751885 -0.0094995607741625 -0.14550172913072 -0.070360538260332 9.8082763928499 -0.0052988796522036 0.006724797313742 9.8096041754684 -0.00074160264927585 -0.00020252792762734 0.00054900154073745 -0.00073365431589964 -0.00019818541789516 0.00056110699480592 1.6064202438963 0.094752308678997 4 9 4 0 0
49.014224973447 8.4170378751263 113.35161590576 -0.007818 0.014382 2.1564413267949 -0.020630365580557 -0.017845445595412 -0.0073300050369747 -0.026274389672542 -0.0096197785804703 -0.1443867177185 -0.07430670131001 9.8064445842709 -0.0035439414284099 0.0026358664009452 9.8077880091625 0.00049082809378777 0.00033642406600016 0.00040239880508213 0.00049652001577082 0.00033953793291226 0.00039268681489407 1.6064202438963 0.094752308678997 4 9 4 0 0
49.014225345532 8.4170371601061 113.32456207275 -0.007821 0.014247 2.1580203267949 -0.026032981622354 -0.016703709612455 -0.012418064260757 -0.028328825053498 -0.0095842959458505 -0.14833414660721 -0.068908972607345 9.808958811498 -0.0084817638752417 0.0080365223330064 9.8103154239311 0.00041289041564679 -0.00020853594506748 8.7885142404157e-05 0.0004141105611186 -0.00020782648924116 8.3629683622579e-05 1.6064202438963 0.094752308678997 4 9 4 0 0
49.014224610732 8.4170384875769 113.36779785156 -0.007837 0.014401 2.1551963267949 -0.017211941852851 -0.018448716721322 -0.0041795154934229 -0.024882488186439 -0.0096549768018764 -0.14227279115615 -0.070664730783988 9.8099360070767 -0.0006754437849354 0.0061902588508313 9.8112202783795 -6.5098690067251e-05 -0.00060087178095317 0.00077885760940799 -5.3797240909279e-05 -0.00059474323566875 0.00078441907864679 1.6058072736166 0.094752308678997 4 9 4 0 0
49.014225318034 8.4170372233373 113.32777404785 -0.007871 0.014276 2.1578533267949 -0.025351432208306 -0.016776829186543 -0.011815255161728 -0.028009952448691 -0.0095756002712176 -0.14305947053314 -0.073734668400315 9.8075462159093 -0.0028417883216376 0.0033348613384475 9.8088658173267 -0.00023662123251727 -0.00037849315400963 0.00038270623841599 -0.0002310804302222 -0.00037546530400383 0.00038901098712463 1.6064202438963 0.094752308678997 4 9 4 0 0
49.01422527052 8.4170373322463 113.33303833008 -0.0079 0.014303 2.1575173267949 -0.024333219291608 -0.017079079852707 -0.010808610078518 -0.027694310769794 -0.0096280210857292 -0.14053192776307 -0.068426259954269 9.8050981396267 -0.00035239562682306 0.0087590451596219 9.8063397597845 -0.00049278320023161 0.00010376398440234 -0.00023831549872888 -0.00049616709160331 0.0001018766635918 -0.00023207787660397 1.6064202438963 0.094752308678997 4 9 4 0 0
49.014225217599 8.4170374413469 113.33786773682 -0.007893 0.014293 2.1572563267949 -0.023468518120505 -0.017292364920301 -0.0099781674740355 -0.027390394901629 -0.0095190362749812 -0.14977656497714 -0.06855834785795 9.808698527631 -0.0094387108123174 0.0084448596333329 9.8100733662389 -0.00076058687413914 -0.00027334009270397 0.00013585067652968 -0.00075855471598402 -0.00027223798207919 0.00014882675774991 1.6064202438963 0.094752308678997 4 9 4 0 0
49.014225251276 8.4170373806873 113.33534240723 -0.007869 0.014307 2.1574293267949 -0.024101806189071 -0.017087750578008 -0.010613922471831 -0.027572332914232 -0.0094570827891352 -0.14708278109345 -0.075376820407015 9.807336879225 -0.0068100853798878 0.0016972120009959 9.8087266928058 -0.00020429217424761 5.9645078201889e-05 -6.4236371693163e-05 -0.00020513573744537 5.9166152653255e-05 -6.1810264278209e-05 1.6064202438963 0.094752308678997 4 9 4 0 0
49.01422487702 8.4170380394423 113.35610961914 -0.007869 0.014386 2.1561003267949 -0.01970287159715 -0.018037639350691 -0.0064603584328843 -0.025919562450647 -0.0096527419168417 -0.14072265461631 -0.069653652543495 9.8042150729611 0.00029106237298435 0.0073481415998344 9.8054694781068 -0.0002835093646421 3.8753551255868e-05 0.00077305227048516 -0.00027234827486491 4.4855037653649e-05 0.00077670360676273 1.6058072736166 0.094752308678997 4 9 4 0 0
49.014225309614 8.4170372528543 113.32921600342 -0.007844 0.014299 2.1577563267949 -0.025111717701429 -0.017003070776725 -0.011493117029631 -0.028064416425014 -0.0094833560191431 -0.14371359423556 -0.068514754926449 9.8074828795538 -0.0032725385538266 0.0084521144837214 9.8087708617645 5.8121048212301e-05 -0.00038984383480396 0.00027133273204007 6.2056410987015e-05 -0.00038770973753731 0.00027351914751029 1.6064202438963 0.094752308678997 4 9 4 0 0
49.014224938862 8.4170379270227 113.35299682617 -0.007849 0.014352 2.1563703267949 -0.02041775958435 -0.017973598775697 -0.0070855157716802 -0.026262741592044 -0.0096946010273336 -0.14381771096418 -0.070505029580616 9.807557193623 -0.002901625324326 0.0065992420893455 9.8088623731444 0.00020276588446788 -0.00030564098461068 0.0015636387743011 0.0002252677956326 -0.00029334239627271 0.0015628926026024 1.6058072736166 0.094752308678997 4 9 4 0 0
49.014225102528 8.4170376620737 113.34574127197 -0.007846 0.014285 2.1568083267949 -0.021959418779608 -0.017553844142678 -0.0085886890384409 -0.026769172887732 -0.0096797608054964 -0.14513608578843 -0.072796178942664 9.8072799192403 -0.0046359193658357 0.0041254929009684 9.8086220138059 -6.7219638144885e-05 -0.00073655093671285 9.7804673835654e-05 -6.5728415049868e-05 -0.00073579569552257 0.00010457491451746 1.6064202438963 0.094752308678997 4 9 4 0 0
