49.01134949823 8.4160570260645 118.21789550781 0.037913 0.020491 1.5127853267949 1.8329877099802 0.14896199306639 1.8385354874422 0.042661870054377 -0.026556444635741 -0.28919469875923 0.40746706495107 9.7254764090541 -0.082155375953233 0.019044030039556 9.738188515861 -0.035150984137554 -0.014075595251487 -0.0014332601518969 -0.035184118420488 -0.014010617789317 -0.0012391008961967 0.35506900737744 0.063702433234532 4 9 4 4 0
49.011403119805 8.4160624641636 118.20867156982 0.034326 0.019283 1.4877843267949 1.5131110985437 0.17587780395604 1.522469437217 0.050220814579538 -0.010012642095612 -0.17927050358049 0.4475746113166 9.7612851473502 0.010548229426826 0.11291399626635 9.7725545886593 0.0012048874209488 -0.0025681783774958 -0.0046766518964033 0.0011119355276723 -0.0024065829936203 -0.0047845169629359 0.36213809520679 0.055226805085936 4 7 5 4 0
49.011153796571 8.4160287823832 118.46936035156 0.028968 0.0224 1.4696363267949 4.6786733290664 0.54302726085076 4.709377695255 0.082234077864453 -0.01485017427049 -0.69316529573059 0.16674106601713 9.6593749778785 -0.48130105271755 -0.11542040277067 9.6731103357308 -0.0028932950418247 0.0068256349879945 -0.053603873178615 -0.0040607257018047 0.0083883741462951 -0.053298091166899 0.17788198334851 0.047381430961929 4 5 5 5 0
49.01136087244 8.4160570554353 118.22762298584 0.031776 0.016744 1.5088733267949 1.7986605599002 0.18743477864787 1.806781649299 0.076632444633505 -0.046228749190595 -0.23801914148786 0.061985023755805 9.8385784784551 -0.06562938119701 -0.23920703600895 9.8385456410002 0.021054737390492 -0.014163596894327 -0.0077173833100694 0.020908241929119 -0.013922440085459 -0.0085068189062791 0.31609650425147 0.04951767361256 4 8 4 5 0
49.011384912015 8.4160594993743 118.23376464844 0.030975 0.02881 1.4964953267949 1.5354301356166 0.18105365853606 1.5446197910774 0.066954849557861 -0.0023847524824766 -0.35890661709459 0.11581615143905 9.8631986531327 -0.082230704706073 -0.17990398298397 9.8685364683499 0.017840587839791 0.013479045098037 -0.0046451285100384 0.017713580846282 0.013613451973323 -0.0047534847887785 0.3019420474197 0.042449970553582 4 8 4 5 0
49.0113891016 8.4160602392402 118.22682189941 0.03854 0.021827 1.4951613267949 1.5021951465024 0.18187845163638 1.51162059545 0.068310443360681 -0.04589264980588 -0.18412166948489 0.72586706222589 9.9452718686609 0.050314804292652 0.35211640157486 9.9675529849267 0.018485437453604 -0.031046799539087 -0.0041876781108444 0.018358794322079 -0.030865310295344 -0.0057969705135873 0.33025596133908 0.048836461788299 4 8 4 5 0
49.011357469182 8.4160571555458 118.22304534912 0.029684 0.01927 1.5106863267949 1.8123753681259 0.16502563270038 1.8189955981333 0.056512621399127 -0.031711077935404 -0.30825135997199 0.25737605222712 9.6704351316356 -0.11913118987764 -0.037520236118425 9.6779782994468 -0.013758601787888 -0.0055426298831028 -0.0058018015997588 -0.013872477342804 -0.0053637573480003 -0.0056955421619713 0.31609650425147 0.04951767361256 4 8 4 5 0
49.011232605816 8.4160428877311 118.45105743408 0.036182 0.019746 1.4753083267949 4.0213333054521 0.48920688522972 4.0498133535913 0.09753268192195 0.021933858359518 -0.61331187725975 0.46017707155317 9.5003687835059 -0.43280008927225 0.1256424957859 9.520735672203 0.017580461330253 0.014507915506777 0.02442268452999 0.0180470511015 0.013641675836822 0.024565126379887 0.24149741199441 0.058 4 7 4 4 0
49.011374964081 8.4160583563224 118.22863006592 0.038643 0.021054 1.5010513267949 1.5323029119741 0.14051811444635 1.5383451198678 0.034389750519815 0.013155327683675 -0.34523176970787 0.45185462944799 9.8672303977698 -0.14384268077993 0.065492883981532 9.8822900559499 -0.0081797312170104 0.011185519976814 -0.011560175577773 -0.0084050390998901 0.01162896026731 -0.010943324353197 0.3019420474197 0.042449970553582 4 6 5 0 0
49.011410188694 8.4160637003367 118.18413543701 0.033998 0.015293 1.4850393267949 1.555223474893 0.20238453403016 1.5668329837322 0.068705841335232 -0.041072430261258 -0.2126909192373 0.22798852643716 10.295437828762 -0.054816697710425 -0.11152287346831 10.299442137463 0.018507385322004 -0.00089486888278846 -0.0031031073387619 0.01845709252219 -0.00079314606698449 -0.003400877027145 0.36213809520679 0.055226805085936 4 10 4 4 0
49.011383525483 8.4160592745329 118.23346710205 0.028849 0.02741 1.4969183267949 1.5372060322733 0.16338802933489 1.5450684284474 0.049693513642975 -0.0024732205635129 -0.2116786297859 0.063895603884003 9.7921001697588 0.044635626471834 -0.21868967825979 9.7921693403458 -2.1674840068581e-05 0.021608001117461 -0.0029867861234709 -8.1488066701739e-05 0.02168648915948 -0.0023750141629496 0.3019420474197 0.042449970553582 4 8 4 0 0
49.011321480925 8.4160558319973 118.2911605835 0.038557 0.020151 1.5131673267949 2.9805480360206 0.27353142680615 2.9913560687998 0.10136364103891 -0.037808468741076 -1.0375352614186 0.4793384662731 10.304589318847 -0.8262237267886 0.090957742430302 10.334456121014 0.016068585018646 -0.0061386526109642 0.00078278822069442 0.016076911791349 -0.0061628789281212 0.00022318303665788 0.33165192597059 0.063655321851358 4 10 4 4 0
49.011359251534 8.4160569726599 118.23041534424 0.02945 0.018155 1.5098213267949 1.8064423015371 0.16957491966804 1.813390458448 0.060077250970297 -0.04392343748967 -0.2755751495227 0.17481105129398 9.7110278529028 -0.093547567832019 -0.11286536398677 9.7154271021322 -0.0023545475776069 -0.011046523894123 -0.0076992955451144 -0.00250356861278 -0.010814176392429 -0.0079724721791438 0.31609650425147 0.04951767361256 4 8 4 5 0
49.011415438282 8.4160649105504 118.18033599854 0.034633 0.020294 1.4830433267949 1.4239579566074 0.16613404669114 1.4330282228067 0.041056195963753 -0.0084193612523719 -0.592113675412 0.37684882731782 9.5565125651676 -0.39739809557404 0.039812817155341 9.5739504393271 -0.010983166899889 -0.00092267331538335 -0.0046341976974164 -0.011075535623426 -0.00075917109539409 -0.0044364332178674 0.39837796123782 0.062369864518051 4 8 4 4 0
49.01132671516 8.4160564771346 118.28713989258 0.036354 0.023041 1.5128213267949 2.8053673002182 0.2401507125815 2.8145538146829 0.077753297363743 -0.0028661464799084 -1.2987662963022 0.28093186333168 9.4381792731281 -1.087405511511 -0.066829233796362 9.4690588346998 -0.0078284245119807 0.011413727834396 -0.003837126263425 -0.0079048773304232 0.011545542216117 -0.0032388526767824 0.33165192597059 0.063655321851358 4 10 4 4 0
49.011149651091 8.416028102086 118.46994781494 0.029704 0.02176 1.4749443267949 4.7267967081639 0.53362474208769 4.7559573681878 0.094326047292473 0.0032012443966192 -0.59371226829217 -0.057981562099429 9.6981773521581 -0.40101737233635 -0.34409380151935 9.7024971339118 0.0045062197891697 0.030546983227192 -0.057861833924406 0.0033731339274088 0.032239995874182 -0.05700899263505 0.17788198334851 0.047381430961929 4 5 5 5 0
49.011353430824 8.4160570909128 118.21418762207 0.032755 0.019816 1.5120843267949 1.8278220063804 0.16582458156028 1.8343891662241 0.058738758481092 -0.022548785942628 -0.2528830388028 0.26373903076312 9.8860239612489 -0.057931314326478 -0.070813926425711 9.8923330685699 -0.01881041408996 0.0011804102621821 -0.0040523590224893 -0.018886186237165 0.0013145084601648 -0.0036461854456886 0.35506900737744 0.063702433234532 4 9 4 4 0
49.01135547641 8.4160570992442 118.22016906738 0.031381 0.019875 1.5113383267949 1.8217460254761 0.16496348516889 1.8283079426084 0.057105629434741 -0.023326297988186 -0.3388415512159 0.2935213118617 9.7232579251849 -0.14531439683663 -0.020755857939614 9.7324837563879 -0.015991551530715 -0.0013765465626262 -0.0059162930812748 -0.016107020368287 -0.0011856762926919 -0.0056381163970163 0.35506900737744 0.063702433234532 4 8 4 5 0
49.011367312968 8.4160577370119 118.21827697754 0.041268 0.018394 1.5056623267949 1.6837459189261 0.17778598621224 1.6917213967146 0.068428303827701 -0.0086021011811704 -0.55467351578262 0.49033228399875 9.6800678423664 -0.37842192819046 0.0944840684961 9.7005204008803 0.0073876591589664 0.0035233807428405 -0.0061418732009513 0.0072771254521864 0.0037713754742828 -0.0061248577677077 0.31609650425147 0.04951767361256 4 6 5 5 0
49.011343901815 8.4160570523804 118.24083709717 0.045399 0.022586 1.5131203267949 1.8966889123344 0.21692732564208 1.906027603405 0.10742863858332 -0.036276377529477 -0.75578459425452 0.7383572613612 9.9015327392129 -0.52445126747269 0.30364781587747 9.939921637634 0.028116459698448 -0.013300049806483 -0.00095510145648401 0.02807413311404 -0.013242162490769 -0.0021982792025277 0.35506900737744 0.063702433234532 4 9 4 4 0
49.011351565293 8.4160570237955 118.21549224854 0.034578 0.019456 1.5124393267949 1.830064691217 0.15617223920851 1.836052074948 0.049413569919723 -0.032649277861291 -0.25374251500031 0.18884623022932 9.8438607833319 -0.057157523219444 -0.16856480662118 9.8475648566035 -0.030462186940354 -0.0097137138606872 -0.0016291367114872 -0.030495847277433 -0.0096480190961778 -0.0013746696408192 0.35506900737744 0.063702433234532 4 9 4 4 0
49.011166455606 8.4160309261917 118.46493530273 0.029386 0.0227 1.4545433267949 4.5709575196332 0.61742142587582 4.6115056302379 0.096349072862174 -0.031194138142909 -0.38982708948266 -0.054400752224931 9.6660135172928 -0.17695491157224 -0.32854283737229 9.666898848109 0.019260770286573 0.010411194783315 -0.050206593836486 0.018156310988921 0.011833331376775 -0.050294295033911 0.17788198334851 0.047381430961929 4 5 5 5 0
49.011376365383 8.4160584728341 118.23191833496 0.036845 0.021686 1.5002723267949 1.5202165817208 0.13662084088069 1.526050062285 0.029843576664248 0.006401067015837 -0.32523964164223 0.34583768218006 9.6685307797627 -0.11887089503725 -0.019794000618278 9.6794599870185 -0.016451689316073 0.0058848924957293 -0.007850078775633 -0.016609578683361 0.0061791284019872 -0.0072640905193373 0.3019420474197 0.042449970553582 4 8 4 0 0
49.011243274397 8.4160440905162 118.45868682861 0.037455 0.022765 1.4834623267949 3.9211791310476 0.42975225866457 3.9438607368861 0.079699747414923 -0.015035607723911 -0.51683904344288 0.55192377334676 9.8449267721297 -0.30092473165877 0.18306971638262 9.8676514977093 0.00013164180987262 0.016654075983568 0.027292908500126 0.00074243525517415 0.015621039907551 0.027889203768854 0.24149741199441 0.058 4 7 4 4 0
49.011187073126 8.4160351222697 118.45112609863 0.029546 0.023862 1.4405863267949 4.4017385448435 0.6809171387238 4.4529069223439 0.10299584925906 -0.034576859895639 -0.49773871436899 -0.06103143062589 9.2649715178938 -0.28051276366051 -0.33150807222332 9.2684380033153 0.0064554532931735 0.0071991534509273 0.002554644371383 0.0065242821555614 0.007124590678729 0.0026048590161317 0.20460694025375 0.051662365412358 4 7 4 4 0
49.01141849803 8.4160655700486 118.13878631592 0.034384 0.020402 1.4822093267949 1.236789049204 0.17440686478722 1.2473562042024 0.064566297229878 -0.018053823225643 -0.89256882305112 0.31157987014991 9.8252017849568 -0.6900087138572 -0.022167210034661 9.8464227862586 0.0082214637818939 -0.002309995042828 -0.0039473694044141 0.0081371600246296 -0.0021739132146825 -0.0041925807172864 0.39837796123782 0.062369864518051 4 8 4 4 0
49.011271484255 8.4160476056141 118.4287109375 0.037298 0.018634 1.5050033267949 3.6284879541793 0.30431784106998 3.640728920761 0.06047719839229 -0.047519686537713 -0.56030742269239 0.47218353700782 9.8870313059175 -0.36493862186876 0.10246524722266 9.9069178997761 -0.001810417888069 -0.018871900457273 0.023180438383819 -0.0013656837142702 -0.019724710120803 0.022489178853025 0.27024803422042 0.060108235708595 4 7 4 4 0
49.0113060678 8.4160528690163 118.33592987061 0.036424 0.020897 1.5126803267949 3.271149193917 0.26095041076295 3.280771951148 0.071150256960991 -0.053445503065293 -0.77308899491352 0.20951973779884 9.6942103930132 -0.56439513240842 -0.14438454817902 9.709792163944 -0.0016110229303089 -0.011361348350639 -0.0025432560091763 -0.0016747116600464 -0.011261244777188 -0.0029217462653955 0.30548322376196 0.062936475910238 4 8 4 4 0
49.011373418427 8.416058204643 118.22484588623 0.039487 0.019642 1.5023623267949 1.5541427011402 0.15007059881688 1.5607416606861 0.044316104088702 -0.0092179255724467 -0.44392583355324 0.43826090477531 10.022548175169 -0.2511643998727 0.039868688757106 10.038710940868 -0.0039286826168568 0.007209830869055 -0.0097120209327331 -0.0041101391591641 0.0075890217763993 -0.0093424644837325 0.3019420474197 0.042449970553582 4 6 5 0 0
49.011386409799 8.4160597539017 118.23473358154 0.033955 0.028603 1.4957453267949 1.5158201679509 0.18661772306642 1.5255215243691 0.072976243062393 6.0358746742555e-05 -0.46426215343043 0.27900004536157 9.648843211537 -0.18672309844886 -0.033733515792705 9.6622824243129 0.027224228749704 -0.0025201136019445 -0.0060435612609343 0.027036267872725 -0.0023218620642054 -0.0069175812874039 0.3019420474197 0.042449970553582 4 8 4 5 0
49.01127509434 8.4160479848244 118.42445373535 0.036287 0.018339 1.5076623267949 3.5975514037248 0.29182115406987 3.6088845611177 0.059301249594969 -0.025991505073807 -0.48134069903098 0.42509082442447 9.9919546532792 -0.29647434166275 0.058308488188564 10.008049552078 -0.0074539225606416 -0.0018163516446643 0.024198019635284 -0.0070071609239932 -0.0027023205339685 0.02424336164457 0.27024803422042 0.060108235708595 4 7 4 4 0
49.011416580861 8.4160653031437 118.16938781738 0.033555 0.020489 1.4826033267949 1.3773257784235 0.1668591445263 1.3866594221603 0.045237516210487 -0.023579354335376 -0.69829455503529 0.23043215571996 9.7376585471723 -0.49972710390722 -0.10159937900931 9.7521204204916 -0.0096558761226323 0.0022045981866207 -0.0046939383377694 -0.0097478713282673 0.0023633726604755 -0.0044192270819203 0.39837796123782 0.062369864518051 4 8 4 4 0
49.011210619525 8.4160401066381 118.43283081055 0.034592 0.019935 1.4564373267949 4.2148723831077 0.58040529439963 4.2537764018453 0.087837642076659 -0.052284468108024 -0.50650811208716 0.68396339811787 9.2096226452336 -0.31244105276897 0.36127505807282 9.2366385673753 -0.007738686820514 -0.017561379811204 0.032944723237696 -0.0070577105399805 -0.018703469676492 0.032451089927441 0.20460694025375 0.051662365412358 4 7 4 4 0
49.011341937752 8.4160568083781 118.25459289551 0.042411 0.023885 1.5133353267949 1.9589357635551 0.24263435588772 1.9696422071793 0.1296250956972 -0.038742919636132 -1.0940155603641 0.32575492618705 9.6955604522653 -0.85409138912302 -0.060773050013931 9.7255324842282 0.046130225207014 -0.014938823974465 0.0015851764672535 0.046141475620737 -0.014987141232682 -0.00015122249137702 0.35506900737744 0.063702433234532 4 9 4 4 0
49.011400308745 8.4160619602329 118.21058654785 0.033143 0.019969 1.4890483267949 1.5174598214237 0.1734834157637 1.5265468935434 0.049415810912692 -0.027251090331815 -0.17775151836787 0.17417563566509 9.963186502467 0.024596169277854 -0.15742248897556 9.9650495558456 -0.0023112962682875 -0.0061221843576147 -0.0046643417811645 -0.0024097467494961 -0.0059633224351971 -0.0048158907281655 0.36213809520679 0.055226805085936 4 7 5 4 0
49.01119893541 8.4160376784843 118.43537139893 0.032109 0.023178 1.4459643267949 4.3207318269553 0.63374515974577 4.3661375115 0.085064030628541 -0.021229270365916 -0.55138245546515 0.28770895384245 10.302131656787 -0.31598271360132 -0.043866249645397 10.316024560936 -0.0014162972912196 0.0069755131562474 0.023283883694237 -0.00087920634618287 0.0062231279305788 0.023519863425839 0.20460694025375 0.051662365412358 4 7 4 4 0
49.011382005997 8.4160590630279 118.23262786865 0.029025 0.024926 1.4971163267949 1.5272543899515 0.13881218143731 1.5333209204182 0.026582341898557 -0.0033443706314424 -0.17934754277121 0.13019909324441 9.8573145965146 0.056693824081717 -0.16556640676581 9.8583889308677 -0.016985548681309 0.017065481083077 -0.0070178045264437 -0.017134358640916 0.017270414456622 -0.0060989471578184 0.3019420474197 0.042449970553582 4 8 4 0 0
49.011214315241 8.4160407808253 118.42505645752 0.034169 0.016805 1.4600443267949 4.1846967363424 0.56180613588582 4.221352106073 0.087166967989061 -0.089844179197279 -0.49335981046022 0.40025132735899 9.6911509906452 -0.31546998226242 0.065184588116872 9.7066844292612 -0.0073993047725082 -0.026312853261861 0.03688250994429 -0.0067408135692546 -0.02757117039054 0.036075311041257 0.24149741199441 0.058 4 7 4 4 0
49.011368853514 8.4160578501509 118.22046661377 0.041687 0.018546 1.5044943267949 1.6464165898439 0.16174314953858 1.6534771375146 0.053380604851412 -0.019363635774065 -0.57899021289495 0.50288615680253 9.6731923116844 -0.39995710816654 0.10125634667936 9.6947740780483 0.0038903262003982 0.00066319343566992 -0.010976657446549 0.0036870914895653 0.0011188014871453 -0.011009742570719 0.31609650425147 0.04951767361256 4 6 5 5 0
49.011302639913 8.4160523081198 118.34722900391 0.036221 0.022046 1.5131443267949 3.3286445360215 0.24665743893555 3.3373122760743 0.055278270527629 -0.035168436678052 -0.74489994500759 0.37832396187261 9.6573979160416 -0.52694964059369 0.025999293887424 9.6791475783137 -0.0047835335356155 -0.009401268746051 -0.0033506031671198 -0.004865196027114 -0.0092732890227102 -0.0035808498137639 0.30548322376196 0.062936475910238 4 8 4 4 0
49.011183203864 8.4160342744872 118.4524230957 0.028999 0.023111 1.4400843267949 4.4363678684464 0.65470459748767 4.4837947230388 0.075168122457317 -0.0033363386247342 -0.51284892290856 0.038124360713729 9.7466337936429 -0.2935598915186 -0.25221490995366 9.7526136087704 -0.013026378820256 0.010227531805744 -0.016675977362814 -0.013387317808625 0.010725861268018 -0.016069376967339 0.20460694025375 0.051662365412358 4 5 5 4 0
49.011380627812 8.4160589091497 118.23194885254 0.030789 0.023051 1.4978753267949 1.5213955146167 0.13398476025721 1.5271017682848 0.023556629083786 -0.012190054206328 -0.15706188153477 0.31939876976255 9.9023921167791 0.065179351551836 0.0047088641550385 9.9085725800815 -0.017129419502001 0.010712734235772 -0.0091414185724463 -0.017323149524692 0.01099656305603 -0.0084170470079721 0.3019420474197 0.042449970553582 4 8 4 0 0
49.011218236969 8.4160412384326 118.4232635498 0.03273 0.014725 1.4636193267949 4.1580691076581 0.54061404120582 4.1922125717192 0.08519935776376 -0.073230311869394 -0.38429814751145 0.45149150121341 10.04409100452 -0.22523236813101 0.11732744439699 10.058439211924 -0.0091568625729385 -0.018349088319908 0.031051930652535 -0.0086701307582052 -0.019373974440879 0.030563820019007 0.24149741199441 0.058 4 7 4 4 0
49.011404473198 8.416062676105 118.20690155029 0.033287 0.019436 1.4869293267949 1.5210553938266 0.16050123833901 1.5291359142474 0.033198788429027 -0.018535824066121 -0.13130694996304 0.44869807715679 9.6868264808472 0.056662046000393 0.12080784719931 9.6972168974926 -0.0093480996561701 0.00069763898012479 -0.0078539854262286 -0.0094980370052732 0.00096257300478961 -0.0076435307166458 0.36213809520679 0.055226805085936 4 10 4 4 0
49.01134768749 8.4160568910575 118.22505187988 0.041691 0.022049 1.5129853267949 1.8418609758308 0.16136621638527 1.8481083697327 0.05463877204994 -0.019220001434649 -0.42929387392806 0.54904756135004 9.7401358104335 -0.21138641759833 0.12655847258615 9.7620056837017 -0.028643022190595 -0.0053716711369334 0.00078759119127683 -0.028623519284172 -0.0054006008063309 0.0011935835120597 0.35506900737744 0.063702433234532 4 9 4 4 0
49.011318398024 8.4160553268439 118.30043792725 0.037175 0.02112 1.5131543267949 3.0619874157009 0.28690283299192 3.0734425064007 0.10965637119458 -0.055460790765836 -0.90020161599094 0.40166292530557 9.4731134884676 -0.69701958209761 0.059708743074505 9.4988311827398 0.018940297591658 -0.0053010435160259 0.0026845429999771 0.018989156382006 -0.0053943883599206 0.0020795972261217 0.33165192597059 0.063655321851358 4 8 4 4 0
49.011281957648 8.4160489080323 118.40605926514 0.033525 0.020903 1.5106873267949 3.5446218258297 0.26314700160012 3.5540629193641 0.047512070360958 -0.022988358185026 -0.56221344877631 0.33731479689541 9.673669952658 -0.36430591917219 0.006075784706009 9.6891389529621 -0.012754905899758 0.0078994185980933 0.011021485535675 -0.012525419154136 0.0075135355492701 0.011545249952433 0.30548322376196 0.062936475910238 4 7 4 4 0
49.011390587391 8.4160604437564 118.22515869141 0.037721 0.021301 1.4937563267949 1.5101822806827 0.14760620677899 1.5170341631272 0.031863464360922 -0.018135051183706 -0.16978471371125 0.56276653892928 10.038907009305 0.047580326319225 0.17950309237561 10.054493173305 -0.0070609312233649 -0.0062059540933679 -0.010514525687739 -0.0072890197147172 -0.0057988813901025 -0.010599691136816 0.33025596133908 0.048836461788299 4 6 5 5 0
49.011145023676 8.4160273514055 118.46784973145 0.028538 0.017719 1.4813543267949 4.7639711938355 0.47870569575709 4.7875241310264 0.067293113274754 -0.024420277141495 -0.39175689249589 -0.23829728525731 10.260982277513 -0.21633358689501 -0.53498856497723 10.255280692841 -0.00603430529942 0.0090998402874529 -0.058510483235722 -0.007030208420099 0.010782223235382 -0.058125680165554 0.17788198334851 0.047381430961929 4 5 5 5 0
49.011365798489 8.4160575866284 118.21811676025 0.040759 0.017998 1.5061773267949 1.7231090232313 0.1894968225318 1.7317330822038 0.078177193085193 -0.0011116903636813 -0.5750437462497 0.38614719520339 9.7597069312406 -0.40233657843713 -0.0023861680201444 9.77598355678 0.017124832904546 0.0056077698880593 -0.0034143237161557 0.017067574767297 0.0057339444060878 -0.0034874744038144 0.31609650425147 0.04951767361256 4 6 5 5 0
49.011229182376 8.4160425594395 118.44174194336 0.034357 0.018399 1.4727273267949 4.0638345473847 0.50615328691933 4.0940568684501 0.098584642653109 0.032671937440026 -0.5042886799112 0.44831672464958 9.8853923337701 -0.33797895959781 0.11092836479246 9.902108342916 0.0043678000977625 0.028993006163891 0.029167786563394 0.0048743517787927 0.027981098355412 0.030068174081019 0.24149741199441 0.058 4 7 4 4 0
49.011315530091 8.4160547860444 118.30879974365 0.034608 0.021618 1.5129583267949 3.1193275657004 0.27081647246413 3.1297742775634 0.089733161145084 -0.027774382468654 -0.79102683426783 0.033163444529606 9.6135372297343 -0.58386040046801 -0.29681877490923 9.623870041381 0.0043303763050603 0.00092704361418729 0.0024346700115926 0.0043826783947886 0.00084310643929837 0.0023698041551461 0.33165192597059 0.063655321851358 4 8 4 4 0
49.011190904894 8.4160359767965 118.44384002686 0.032649 0.023059 1.4416923267949 4.3737529989197 0.68998436407858 4.4262490633511 0.11878162561051 -0.087221876083833 -0.49102415846074 0.39215524056318 9.4256309073016 -0.26973772104412 0.096258226157486 9.4426080191813 0.022979641990682 -0.0065049887974563 0.0098770771712608 0.023200888359865 -0.0068142869048145 0.0091119285283466 0.20460694025375 0.051662365412358 4 7 4 4 0
49.01128900588 8.4160498947097 118.38714599609 0.035392 0.019978 1.5128933267949 3.4761605974746 0.28059613405408 3.4866193038669 0.076672761493068 -0.020591927401934 -0.44836532944787 0.27833136862788 9.8507713378762 -0.24969163206175 -0.063480211986455 9.8615917295891 0.011805246803932 -0.0032486049421948 0.012082884017757 0.012043558786621 -0.0036665861683941 0.011724541328001 0.30548322376196 0.062936475910238 4 7 4 4 0
49.011178875959 8.4160333835226 118.45090484619 0.030647 0.021712 1.4417653267949 4.4704353483302 0.64200684107346 4.5157440920906 0.070575142968155 -0.021359756592454 -0.49548242125331 0.22085103012384 10.233382649011 -0.27321211942282 -0.097305296727024 10.243685992347 -0.0066375057293538 -0.0010918210975905 -0.035066530447078 -0.007398979150703 -8.8966055377835e-07 -0.034936104276571 0.20460694025375 0.051662365412358 4 5 5 4 0
49.011411564553 8.4160639729316 118.18684387207 0.036225 0.016941 1.4842343267949 1.5403430600271 0.19999219210282 1.5518382798292 0.066709922630963 0.021701933656301 -0.36336740259459 0.47146527511395 10.38866535341 -0.19635086683012 0.10681573799691 10.403492685363 0.020399668145831 0.015236881800172 -0.007723248520006 0.020280966926871 0.015500467935395 -0.007495600774594 0.36213809520679 0.055226805085936 4 8 4 4 0
49.011333969711 8.4160565793415 118.27782440186 0.039449 0.024824 1.5131153267949 2.454466988718 0.22962133423843 2.4636035598944 0.088226037354257 -0.0239943136604 -1.4224673404987 0.50897897952028 9.5698471072411 -1.191545906817 0.13288107297463 9.6139847516911 0.0036266703989631 0.013055474340115 -0.0041514605685677 0.0035367932479659 0.013210406791626 -0.0037096337633884 0.33165192597059 0.063655321851358 4 10 4 4 0
49.011162408941 8.4160301800338 118.46675109863 0.02729 0.021432 1.4596023267949 4.5975979365908 0.5845431541615 4.6338938570662 0.083551283225433 -0.027124088381625 -0.50314874012883 -0.10353467069657 9.7326732105676 -0.29249994461755 -0.36611192647429 9.735058705481 0.0069568360982036 -0.0050230058993593 -0.047306936430854 0.0059287939280691 -0.0037442588100352 -0.04756207606069 0.17788198334851 0.047381430961929 4 5 5 5 0
49.011278552613 8.4160484811116 118.4153137207 0.034573 0.019859 1.5096453267949 3.5726290416571 0.27486769368023 3.5828203059756 0.051840086964305 -0.014176941006875 -0.46897636740963 0.48136343136765 9.8446791536982 -0.28009046556293 0.13101125645769 9.8627889984418 -0.018086737553867 0.01240195361886 0.020421146455964 -0.017684702323139 0.011667169969686 0.021190133508726 0.27024803422042 0.060108235708595 4 7 4 4 0
49.011370512184 8.4160579606026 118.22213745117 0.040716 0.018455 1.5036723267949 1.6081502854624 0.15570334489656 1.6149495703159 0.048217967907368 -0.026839815076658 -0.48614095299651 0.37574527120487 9.7302217143191 -0.30602046477247 -0.024676362495376 9.744781222712 -0.0070109726686187 -0.0010819004272617 -0.0074095120077482 -0.0071474988831371 -0.00077585337599511 -0.0073165028004417 0.31609650425147 0.04951767361256 4 6 5 0 0
49.011329419452 8.4160565799824 118.28314208984 0.036843 0.022449 1.5133863267949 2.6793615067171 0.26442070050819 2.6901460879876 0.10953103650482 -0.026092190588169 -1.3762351356459 0.079845087164509 9.7780533222588 -1.155757686504 -0.27988143243826 9.8029613642238 0.0013327998038703 -0.0014490249253327 0.0045886565991841 0.0014341071939803 -0.0016172161492588 0.0045005159079068 0.33165192597059 0.063655321851358 4 10 4 4 0
49.011377743973 8.4160586119863 118.23254394531 0.034944 0.021631 1.4996733267949 1.5146377358924 0.13505399583969 1.5203951314909 0.027632669177384 -0.007832579216587 -0.25920350340182 0.3722367775203 9.6849215816416 -0.049496306453691 0.023692798560957 9.695363084956 -0.017911125042176 -0.0003121794075493 -0.0062243286963745 -0.018041387040447 -8.7106316181189e-05 -0.0058377515519198 0.3019420474197 0.042449970553582 4 8 4 0 0
49.011394782928 8.4160610707874 118.22358703613 0.035393 0.023065 1.4917253267949 1.5096643198274 0.16841047688919 1.5182269115861 0.049427752289224 -0.01163847857589 -0.22401871806274 0.26333990241468 9.768262499378 0.00104536662517 -0.078881179950149 9.7740770541764 0.0067894999563331 0.00036788121576192 -0.0091689569366845 0.0065768037578013 0.00068895244891137 -0.0093055968027566 0.33025596133908 0.048836461788299 4 6 5 5 0
49.011412906532 8.4160642242601 118.19318389893 0.036474 0.01966 1.4836733267949 1.5132675903307 0.18643556962352 1.5237323983689 0.054497441695673 0.05503553093013 -0.5344678894401 0.45049302821917 9.8343865093827 -0.3551193278641 0.093595181416165 9.852543617282 0.0034825927924598 0.024599071579034 -0.0059360390227452 0.0033927503028959 0.024798115353351 -0.0050834011628852 0.36213809520679 0.055226805085936 4 8 4 4 0
49.011408688947 8.4160633994887 118.18914031982 0.031809 0.015385 1.4853273267949 1.5476894349526 0.182799197984 1.5576297776775 0.05051585448037 -0.073488316598727 -0.023027593803702 0.20414604196482 9.8238559820135 0.13866036013553 -0.10702894379841 9.8244342510919 0.0026071692018617 -0.019341184738438 -0.0051207172836687 0.0025130370365793 -0.019169302096148 -0.0057665291228712 0.36213809520679 0.055226805085936 4 10 4 4 0
49.011401782151 8.4160622270349 118.20941162109 0.034175 0.019553 1.4883153267949 1.5146949722671 0.18088189505954 1.5244292143219 0.056022849895257 -0.012912450787141 -0.27081915787338 0.30734834587288 9.9052101355191 -0.074937801385062 -0.027263460746038 9.9133605929914 0.0073050185792925 -0.0038370543196812 -0.0062030482168607 0.007178669583755 -0.0036252693520893 -0.0064704815027719 0.36213809520679 0.055226805085936 4 7 5 4 0
49.011371973219 8.4160580898569 118.22249603271 0.039889 0.018806 1.5033303267949 1.5788607017934 0.15326604254657 1.5855892393826 0.046880306421274 -0.025974300807218 -0.46087725388983 0.35651957979043 9.8426976735815 -0.27735693652556 -0.040702985322582 9.8559566241034 -0.0077549196109873 0.0029036933253961 -0.004204007905958 -0.0078295491571361 0.0030715891871142 -0.0039392618942259 0.31609650425147 0.04951767361256 4 6 5 0 0
49.011397467645 8.4160615032492 118.21780395508 0.034877 0.021694 1.4900273267949 1.5138490902746 0.15675454755099 1.5215424619834 0.034772289141229 -0.037597597355289 -0.16515279710377 0.4714909305315 9.6504847837824 0.049064003376923 0.12943102009152 9.6624414001292 -0.0093795517409187 -0.0086132423104277 -0.0074563455707766 -0.0095495070841547 -0.0083436326371976 -0.0075494458938908 0.33025596133908 0.048836461788299 4 6 5 5 0
49.011414267149 8.4160645687878 118.18991088867 0.035749 0.020735 1.4835393267949 1.4679593016223 0.17400511660588 1.4775325959353 0.045574894993062 0.024103766580876 -0.62792323037347 0.41905523299163 9.38670100444 -0.43807936826303 0.080770132589981 9.4065449702395 -0.0047898596524032 0.009281289847486 -0.0024949608804521 -0.0048308823518284 0.0093652670802088 -0.0020536370774422 0.39837796123782 0.062369864518051 4 8 4 4 0
49.011225681816 8.4160421290251 118.43223571777 0.033951 0.015418 1.4695293267949 4.0958166573101 0.52695158715571 4.1282868387599 0.10302645467885 0.0022161027352884 -0.46361668327721 0.40636681354489 10.110741910676 -0.31379781806404 0.067735509421573 10.124512605491 0.0087376508102715 0.012281631239437 0.028886138645758 0.0091706983384771 0.011307545948933 0.029150913081011 0.24149741199441 0.058 4 7 4 4 0
49.011299376069 8.416051710313 118.35894012451 0.036919 0.022974 1.5136593267949 3.3721759112692 0.25977876086203 3.3815042470232 0.066959844817127 -0.015579078919083 -0.7520675453947 0.55374964291652 9.6150414275144 -0.52814964838095 0.19635871762402 9.643905776504 -0.0043886521004686 -0.0053306431950869 -0.0001737507776153 -0.0043973240367972 -0.0053197676064648 -0.00027063114315587 0.30548322376196 0.062936475910238 4 8 4 4 0
49.011331759191 8.4160566173818 118.2809753418 0.039042 0.023265 1.5135683267949 2.5691389544271 0.25972336673321 2.5797932357809 0.11221465912729 -0.014477967717241 -1.359856083568 0.55393891259971 9.8714405783389 -1.1346191182332 0.17976087600267 9.9139727600746 0.02106482693316 0.0088602497609412 0.00036006802057605 0.021073817599937 0.0088435985652763 0.00021956935093622 0.33165192597059 0.063655321851358 4 10 4 4 0
49.011387760859 8.4160600066736 118.23167419434 0.036728 0.025379 1.4956513267949 1.5020216363384 0.19733230692874 1.5125917436733 0.084140935793237 -0.037526721196686 -0.38297973558497 0.24507644362445 9.356548559304 -0.12996748988396 -0.083868805875312 9.366377302431 0.027611463180489 -0.02888044644636 -0.00037814738292978 0.027559893001153 -0.028853105420528 -0.0021636912956616 0.33025596133908 0.048836461788299 4 8 4 5 0
49.011170877101 8.4160317791 118.45863342285 0.031212 0.023248 1.4496073267949 4.5352281453486 0.64684065831052 4.5799389132191 0.10568123920483 -0.07390421986588 -0.57825211098414 0.088847727296845 9.411345452804 -0.36014625672679 -0.19483303959403 9.4208123296054 0.020251370256802 6.7184271753061e-05 -0.044741438039969 0.019210654049217 0.0014136787405768 -0.045184506910906 0.17788198334851 0.047381430961929 4 5 5 5 0
49.011236395698 8.4160433392294 118.45468139648 0.037516 0.01983 1.4777863267949 3.9817225473417 0.46322144407524 4.007664980966 0.086094740777931 -0.0059292187266583 -0.47689767354392 0.55177142123894 9.5604969894161 -0.28892790849374 0.19916736325453 9.581891761013 0.011893562376274 0.0047253348328731 0.022320081614253 0.012331431701705 0.003900929488481 0.022237020418755 0.24149741199441 0.058 4 7 4 4 0
49.011253934753 8.4160453369435 118.45582580566 0.033832 0.023446 1.4912603267949 3.8084698168781 0.36946446018222 3.8258779976805 0.059572068344857 -0.032177666849269 -0.62986713839899 0.12275973309932 10.001713885257 -0.39114257687737 -0.22235729111413 10.012346761531 -0.01260406454223 -0.0064588862042274 0.028111081242886 -0.01193715268555 -0.0074227776221189 0.028166997474773 0.27024803422042 0.060108235708595 4 7 4 4 0
49.011364135183 8.4160574272198 118.21911621094 0.038862 0.017324 1.5065753267949 1.7679978977547 0.19687913392926 1.7769340205114 0.084139109560351 -0.011897074056784 -0.53958507186712 0.41419906088194 10.029166831648 -0.36984763531474 0.040536415998737 10.045461715537 0.029195222363749 0.0071075829714252 -0.011199444148531 0.029006855244591 0.0075197684812478 -0.011406105817133 0.31609650425147 0.04951767361256 4 6 5 5 0
49.011338256106 8.4160569364417 118.2633972168 0.035473 0.026051 1.5129273267949 2.1865870410151 0.19628975574517 2.1942758746019 0.069612305867115 -0.019310278283508 -1.528082451949 0.067182489913842 9.8866323504544 -1.2720949218367 -0.29269347974022 9.9190283390734 -0.016369092917891 0.003383007064241 -0.00096662696694491 -0.016385242174385 0.0034163267252587 -0.00041517165452562 0.33165192597059 0.063655321851358 4 9 4 4 0
49.011396125811 8.4160612962991 118.22145843506 0.036109 0.022592 1.4907713267949 1.5098912651514 0.16926077887223 1.5185648938889 0.048796573146355 -0.023092340444293 -0.19336113107699 0.42296709509739 9.6234753028664 0.026771402672697 0.077985345775491 9.6344053312677 0.0051809658826185 -0.0048003450538013 -0.0088570391425693 0.0049732499724718 -0.0044801310443326 -0.0091417098851655 0.33025596133908 0.048836461788299 4 6 5 5 0
49.011174883491 8.4160325782677 118.45192718506 0.031376 0.021712 1.4453963267949 4.4995321167937 0.64023690494025 4.5440742381462 0.08348460290562 -0.068965562669521 -0.52612935310224 0.38971251933414 10.183196950418 -0.29824794896805 0.072436703604046 10.199762927884 0.005670356676343 -0.012944866486694 -0.041694929079217 0.0047270126019071 -0.011642056893574 -0.042201740791897 0.20460694025375 0.051662365412358 4 5 5 4 0
49.011264464452 8.4160467381982 118.44491577148 0.03775 0.022857 1.5000783267949 3.7023804489704 0.33168525796101 3.7166670611309 0.064407429275798 -0.06269278862592 -0.647000394951 0.49981886518442 9.6290256085427 -0.41845017548601 0.13909177660419 9.65359516618 0.0051864103133618 -0.014339302331964 0.023212457373633 0.0057220903774675 -0.015196140047989 0.022524252389687 0.27024803422042 0.060108235708595 4 7 4 4 0
49.011419450545 8.4160653382604 118.11432647705 0.034935 0.020004 1.4816673267949 1.1532791269472 0.16268644007262 1.1631679653608 0.059663089255264 -0.019161298552144 -0.92385751119932 0.3596117412191 9.7871848402404 -0.72615604591749 0.019699148669929 9.8104166156364 0.0048056027986999 -0.0025161781922008 -0.0035725619393496 0.0047306770052291 -0.0023907681625339 -0.0037545488425673 0.39837796123782 0.062369864518051 4 8 4 4 0
49.011398956931 8.4160617275436 118.21318054199 0.033299 0.020548 1.4894753267949 1.5172067915658 0.15739634119464 1.5249678401361 0.03410340327979 -0.041478065822538 -0.18848524784453 0.21375951271597 9.8623912701258 0.019911345199922 -0.12184764855189 9.8658311974712 -0.012746332234125 -0.010405835718362 -0.0051020725835241 -0.012859248187261 -0.010225507114946 -0.0051827047870899 0.33025596133908 0.048836461788299 4 7 5 5 0
49.011407320387 8.416063154429 118.19678497314 0.031634 0.017519 1.4859233267949 1.5309437552626 0.1748938539584 1.5402477847062 0.044897696654776 -0.057880584191384 -0.040152892455129 0.30728135119028 9.561758122435 0.13491242837742 0.0022348614391945 9.5658745533778 -0.0043782957248359 -0.013763769085819 -0.0043193609337642 -0.0044641476996747 -0.0136188713738 -0.004671317209195 0.36213809520679 0.055226805085936 4 10 4 4 0
49.011206856919 8.4160393656148 118.43721008301 0.035619 0.021799 1.4532613267949 4.2395415753786 0.62607954543839 4.2839549951217 0.1160135562316 -0.016493805635925 -0.57631063608693 0.62810959213792 9.5982030546429 -0.35836926368481 0.29598476268454 9.6250734544458 0.017795825252711 -0.013829660368342 0.035763557477978 0.018589708820119 -0.015059005423719 0.034840452904579 0.20460694025375 0.051662365412358 4 7 4 4 0
49.011393304278 8.4160608301375 118.22457122803 0.034645 0.023026 1.4927563267949 1.5112627246507 0.15729686627146 1.5189155157214 0.039458373519956 -0.0092887290994114 -0.23354787806946 0.21273275925688 9.8021280092871 -0.010834267421924 -0.132446881182 9.8063713351119 -0.0097355196232858 0.0053357847918595 -0.005487961164124 -0.009853108757105 0.0055262016598394 -0.0050760781646859 0.33025596133908 0.048836461788299 4 6 5 5 0
49.011268093972 8.4160471257289 118.43891143799 0.037108 0.020657 1.5027433267949 3.6621424847852 0.31343031857707 3.6750701108378 0.058721480788007 -0.053660565677322 -0.61445462467279 0.39770920862164 9.9168468463622 -0.39866891691354 0.026714530128012 9.935813078179 -0.0053511387702227 -0.018331673002124 0.024210581487351 -0.0048390406612513 -0.019223666398571 0.023614186164235 0.27024803422042 0.060108235708595 4 7 4 4 0
49.011157921937 8.416029445865 118.46803283691 0.027384 0.021847 1.4648603267949 4.6370042894701 0.55300681016025 4.669309003981 0.072485572754768 -0.019357296008427 -0.54698664849514 0.13727733647177 9.7724285241885 -0.33267907468771 -0.13921139253131 9.7820483278923 -0.014592424288922 -0.0026045598133846 -0.047499591390656 -0.015631002333666 -0.0012579251027157 -0.047221746135261 0.17788198334851 0.047381430961929 4 5 5 5 0
49.011362580515 8.416057265276 118.22132110596 0.036086 0.016403 1.5077193267949 1.7932215267729 0.20324531984676 1.8024120658665 0.090969129183813 -0.034877428763349 -0.28922559769182 0.3144369703541 9.9693457326101 -0.1241095510276 -0.025166373237815 9.9779665217167 0.036577480789109 -0.0029030485804058 -0.011139622467582 0.036387400519971 -0.0025176405041779 -0.011818367540495 0.31609650425147 0.04951767361256 4 6 5 5 0
49.011261112491 8.4160463677803 118.45236968994 0.037467 0.024657 1.4979823267949 3.7387066537105 0.36369312052479 3.7554080191692 0.084806226991706 -0.023341338886072 -0.58181174715412 0.69015642971106 9.3810051867819 -0.35195976472345 0.34725743294565 9.4116040377049 0.015585826721393 0.0045229107372337 0.027685588313719 0.016260276089375 0.0035119820659924 0.027440673515269 0.27024803422042 0.060108235708595 4 7 4 4 0
49.011250530011 8.4160449293359 118.45811462402 0.034905 0.024497 1.4884883267949 3.8496968557483 0.37016055525896 3.8671778404554 0.047355298414988 -0.033774587629026 -0.66308473439207 0.4857938096201 9.606893428649 -0.42746484317548 0.14295329466936 9.6315603336651 -0.013702502793299 0.0010350349988645 0.022510254044388 -0.013147551919844 0.00023172808949645 0.022871050689115 0.27024803422042 0.060108235708595 4 7 4 4 0
49.011292367798 8.4160504983214 118.37897491455 0.036627 0.021351 1.5135453267949 3.4577243292756 0.27588964803131 3.4678747853547 0.076261884546468 -0.0099565075751934 -0.44648286065725 0.48892402436278 9.8857845129833 -0.2423146800109 0.13145059581734 9.9042010864148 0.0080959602115538 0.012570033259094 0.0068060926060084 0.0082432285614743 0.012318128605177 0.007098608002151 0.30548322376196 0.062936475910238 4 8 4 4 0
49.011285684463 8.4160493925171 118.39515686035 0.034134 0.020314 1.5117283267949 3.5051654065165 0.27114404396478 3.5150887979189 0.061861629233109 -0.025814665702309 -0.56353946387993 0.22594743671749 9.8606538997269 -0.3603800524509 -0.10649392335824 9.8722596176174 0.0070481268038454 -0.0051919757365137 0.0099194894629503 0.0072468048819443 -0.0055235039576152 0.0095941002959599 0.30548322376196 0.062936475910238 4 7 4 4 0
49.011336251508 8.4160566660994 118.27309417725 0.037334 0.025615 1.5129563267949 2.3166320892373 0.19944543659537 2.3242794283252 0.065432477894349 -0.034708496873967 -1.559351446082 0.54456459285732 9.8209517767064 -1.3103160098163 0.16798859063406 9.8709238075086 -0.017125013578863 0.0059882281354271 -0.0021034887132878 -0.017166427570353 0.0060652271585211 -0.001427354046157 0.33165192597059 0.063655321851358 4 9 4 4 0
49.011239798049 8.4160436564021 118.45769500732 0.037319 0.021001 1.4805483267949 3.9541779980696 0.44321295590841 3.9781702490811 0.078735032888158 -0.018665686065289 -0.47561499516548 0.43088594420567 9.7452146038657 -0.27694033197147 0.067374089252884 9.7621830189485 0.00081433600058401 0.012761027451379 0.026435940357713 0.0013629416658621 0.011767005666283 0.026872021633618 0.24149741199441 0.058 4 7 4 4 0
49.011379251211 8.4160587584986 118.23217010498 0.032547 0.021947 1.4986853267949 1.5158366572548 0.13354530801058 1.5215070973283 0.024696377105752 -0.01732290852245 -0.19597546571125 0.30992770295795 9.7731183697565 0.016680924472305 -0.020221615268888 9.7799970867317 -0.021412971372452 0.0032703230713872 -0.0082117104307567 -0.021584031451389 0.0035452742808836 -0.0076315862993968 0.3019420474197 0.042449970553582 4 8 4 0 0
49.01141783659 8.4160656823296 118.16177368164 0.033536 0.020805 1.4825593267949 1.309064461757 0.17620627218334 1.3194989684441 0.06019903203565 -0.022569208650628 -0.84708151128841 0.24533514016336 9.8309041415862 -0.64379238778799 -0.085309280807651 9.8490144354378 -0.0016804595110602 0.0028299344054188 -0.00072828619783294 -0.0016928389324225 0.0028532129851762 -0.00059853408897955 0.39837796123782 0.062369864518051 4 8 4 4 0
49.011324155828 8.4160562349639 118.28871917725 0.037426 0.021643 1.5131803267949 2.8989841664677 0.25693338898185 2.9089726567824 0.089456068275805 0.0055002692176835 -1.0915600544436 0.52358208871369 10.0139528217 -0.88153675676061 0.14196177647523 10.047341860291 -0.011458143885181 0.012271178770136 0.00044483731528369 -0.011435791756944 0.01224580778896 0.0011605061095625 0.33165192597059 0.063655321851358 4 10 4 4 0
49.011345842525 8.4160567464873 118.23207855225 0.044784 0.022492 1.5128613267949 1.8596427869893 0.17900651510972 1.8668792138078 0.071188161370504 -0.021528588985965 -0.50480126339818 0.61810205855931 9.8991751810735 -0.28071792845698 0.17261302224737 9.9259592924388 -0.0021362574972647 -0.0021912327025299 -0.001216598142324 -0.0021652449902794 -0.0021332880242078 -0.0012690176326107 0.35506900737744 0.063702433234532 4 9 4 4 0
49.011312497464 8.416054060622 118.31817626953 0.034081 0.021633 1.5127583267949 3.1744296460313 0.2554314533574 3.1839063189136 0.070638171531422 -0.022163925707403 -0.81661867933936 0.36843341845585 9.8318258760865 -0.60933634909669 0.02409154404727 9.8537975314852 -0.016614320411006 0.0098331724604937 0.0014539982333836 -0.016572024474962 0.0097777977025645 0.0021475606647089 0.30548322376196 0.062936475910238 4 8 4 4 0
49.011247087065 8.4160445334213 118.45993041992 0.036538 0.024586 1.4863303267949 3.8885815280186 0.39833499590044 3.9084377184214 0.063286376605744 -0.013278212173807 -0.54294225625321 0.65901414962334 9.6657607536394 -0.31389424303268 0.30287798664001 9.6936002561689 -0.0049305235932082 0.017374973654464 0.02387492685502 -0.0043523464416944 0.016483865220249 0.024608386310776 0.24149741199441 0.058 4 7 4 4 0
49.011195136118 8.4160368969672 118.43573760986 0.032424 0.022449 1.4435353267949 4.3489803331839 0.65302211951153 4.3967903082666 0.091762927928499 -0.076904078811617 -0.50291074225849 0.65206049530373 10.192755413921 -0.27129593236388 0.32180066384981 10.217425960773 0.0010366403814229 -0.0036254260110343 0.016380595005166 0.0014041049911017 -0.004155170196091 0.016221141487176 0.20460694025375 0.051662365412358 4 7 4 4 0
49.011257661939 8.4160458144213 118.45693206787 0.03561 0.024081 1.4952783267949 3.7701049738953 0.38494843194956 3.788565981336 0.092100414809191 -0.0053114839030475 -0.53631720223277 0.34622411669497 9.8868087113672 -0.30078954209282 0.001786512328948 9.9029775454626 0.013029340493141 0.0060771238351376 0.033465374796212 0.013825805932599 0.0049091617702885 0.033339226376029 0.27024803422042 0.060108235708595 4 7 4 4 0
49.01140596934 8.4160629191567 118.20267486572 0.032038 0.019104 1.4863243267949 1.5258364439788 0.16824090295421 1.5345798644285 0.039371629319553 -0.040167936868502 -0.16060512713859 0.14491723602676 9.5835407715576 0.025107143097191 -0.16705782957292 9.5845808995004 -0.0088393626168856 -0.0049613141769481 -0.0052157187713072 -0.0089419111609049 -0.004788151722769 -0.0051985895173318 0.36213809520679 0.055226805085936 4 10 4 0 0
49.011202722946 8.4160384992421 118.43714904785 0.033112 0.023666 1.4493273267949 4.2829624831281 0.64289373301287 4.3294989683383 0.11115578435522 0.00052573151400226 -0.64603419130074 0.17714706945635 9.8330638868076 -0.41515840778848 -0.14236433017084 9.8461287336827 0.010329088865389 0.004628642432473 0.03257068087695 0.011095481039314 0.0035669423175886 0.032448047809406 0.20460694025375 0.051662365412358 4 7 4 4 0
49.01122183105 8.4160416998152 118.42402648926 0.033038 0.014046 1.4660623267949 4.1286037932428 0.5313389494869 4.1616686596367 0.090537435781007 -0.03516801771657 -0.40383735790312 0.23613292017539 10.261455748384 -0.2548672874761 -0.10295412497803 10.268459977576 0.00015562690183138 -0.0073005653932968 0.025815968649877 0.0005289926418974 -0.0081502182542073 0.025557523769049 0.24149741199441 0.058 4 7 4 4 0
49.011296101746 8.4160511473346 118.3676071167 0.0373 0.023656 1.5138633267949 3.4224204379018 0.26905881709449 3.4321946063358 0.073456728963203 0.0033563163621302 -0.73593863482109 0.39161669030315 9.7961178926024 -0.51347231300317 0.031304846622469 9.8182531950111 0.0088483915331949 0.016463988339362 0.0021484188583648 0.0089046721564995 0.016376038506079 0.0025473170209602 0.30548322376196 0.062936475910238 4 8 4 4 0
49.01139194651 8.4160606238778 118.22523498535 0.03567 0.022462 1.4932163267949 1.5139601777987 0.14669460100367 1.5207636023583 0.029445646031342 -0.0071492519288043 -0.20961041731876 0.30831384416938 9.8064027533386 0.0062525423169355 -0.051220232797725 9.8134614472349 -0.016868707359341 0.0078608543085483 -0.0063795515703813 -0.01699756362452 0.0080915709039939 -0.0057217307199244 0.33025596133908 0.048836461788299 4 6 5 5 0
49.01133989827 8.4160567745937 118.26507568359 0.037053 0.02559 1.5131893267949 2.0631639450183 0.22447176605436 2.0726804032524 0.10499412038514 -0.019096498175321 -1.3518901645207 -0.036621351217575 9.7010183031211 -1.1009940729619 -0.38871685957501 9.7250927164964 0.013858235902174 -0.0040502116394316 0.0024981590237989 0.013914023045727 -0.0041390427372861 0.0019920777254836 0.35506900737744 0.063702433234532 4 9 4 4 0
49.011309177062 8.4160534293686 118.32555389404 0.035456 0.020351 1.5126863267949 3.2270363461375 0.26247241001595 3.2368316668297 0.074702259271685 -0.04318217388699 -0.6576735023105 0.37763064675626 10.010305611932 -0.45163133223843 0.019299516972298 10.028821649578 -0.006193216939453 -0.0042040461484722 0.00017569106524046 -0.0061923668637943 -0.0042069616519638 0.00014900475984626 0.30548322376196 0.062936475910238 4 8 4 4 0
