49.014238614902 8.416978872417 116.8014755249 -0.006718 0.014577 1.8853873267949 0.017985780957638 -0.013440661410059 0.021264114900088 -0.0072095480162538 0.014062610151121 -0.13537369505942 -0.064921949348901 9.8057035090008 0.0075333633051956 0.0011587876141038 9.8068497695074 0.00031471951753454 0.00014984452859897 9.7613205500068e-05 0.00031609488048196 0.00015048744787745 9.1987146740271e-05 0.18309560344257 0.018439088914586 4 4 5 5 0
49.014238922721 8.4169784643131 116.79778289795 -0.006845 0.014597 1.8805043267949 0.022281357538845 -0.018135311155722 0.026752101599538 -0.010472256725436 0.011298503589796 -0.1380993929426 -0.065036377347664 9.8061620885703 0.0050545933813978 0.0022888281249264 9.8073487054213 0.00043700603091958 0.00016766587751274 0.0004488516079449 0.00044350268782747 0.00017074950265222 0.00044126747426527 0.1838477631085 0.017691806012954 4 4 5 5 0
49.014238604235 8.4169788725037 116.80583190918 -0.00677 0.014553 1.8858943267949 0.017922299384328 -0.013419811119667 0.021200681685794 -0.0071993369108754 0.014520832569874 -0.13896211387433 -0.068056238827938 9.8111282680463 0.00384139561585 -0.0018522233246655 9.8123477381726 -0.00032962294324309 4.0029344145265e-05 -8.592385003131e-05 -0.0003308556593409 3.9416197485174e-05 -8.139204911977e-05 0.18309560344257 0.018439088914586 4 4 5 5 0
49.014238623915 8.416978877547 116.79434967041 -0.00672 0.014516 1.8844613267949 0.017514827159625 -0.012501824001021 0.0205178867723 -0.0064870199304306 0.012404862821439 -0.14194687735235 -0.067588255932342 9.8059321567482 0.00041545489205155 -0.001659662097849 9.8071921948605 0.00012974715194283 4.918723439283e-05 0.00032184168198734 0.00013442019071761 5.1350329777789e-05 0.00031958140872812 0.18346934348822 0.019104973174543 4 4 5 5 0
49.014238926782 8.4169784406353 116.79328918457 -0.006874 0.014591 1.8812603267949 0.021837192547824 -0.018560615952392 0.026461728492457 -0.011006234489085 0.011303591264253 -0.13927833696044 -0.061432352258839 9.8090640697727 0.0037744988842413 0.0060430048456893 9.8102427365832 -2.2862930384313e-05 0.00035519034211343 4.4501140089614e-05 -2.2234748505882e-05 0.00035549262130071 4.239039004307e-05 0.1838477631085 0.017691806012954 4 4 5 5 0
49.014238730178 8.4169786611997 116.82605743408 -0.006808 0.014588 1.8845063267949 0.019121472404926 -0.015498774098655 0.022970151246382 -0.008843919382111 0.015791837855554 -0.13982930710958 -0.066757284283979 9.8042744601308 0.002994050313574 -0.00012610128066719 9.8054980421812 -5.6008784538499e-05 0.00012964630390408 -0.00010590484724921 -5.7571682570305e-05 0.00012893285684543 -0.00010593500351591 0.18346934348822 0.019104973174543 4 4 5 5 0
49.014238799689 8.4169785862371 116.7780456543 -0.006733 0.014353 1.8863723267949 0.016272218100604 -0.01328484463165 0.019588766139887 -0.0075862703684944 0.0085539085943517 -0.13842452214366 -0.070707369666381 9.8072731640286 0.002245514430519 -0.0044018288630394 9.8085035162092 0.00044152768517648 0.00037230602454536 -0.00026100208765985 0.00043771691851894 0.00037056109368957 -0.00026981003223587 0.1838477631085 0.0162788205961 4 4 5 5 0
49.014238668754 8.4169785044564 116.82794189453 -0.006796 0.014163 1.8945863267949 0.009948729683911 -0.011926279401599 0.013222909550847 -0.008147147854391 0.014814679526988 -0.13942034219101 -0.063689392999822 9.8135194779978 -0.00023280529132931 0.0030477622739112 9.8147159785116 9.7429834570759e-05 -0.00016853264089497 -0.00015276606738496 9.5277204232637e-05 -0.00016955417828043 -0.00015299945860279 0.18292348127017 0.0162788205961 4 4 5 5 0
49.014238792843 8.4169785909424 116.77962493896 -0.006742 0.01431 1.8869253267949 0.015697201789075 -0.012808069496325 0.018898609588647 -0.0073000724817832 0.0087016874456112 -0.13664961211969 -0.063586617075621 9.8097821092363 0.0040249789229559 0.0026954710157983 9.8109389160136 0.00022658661218326 -0.00039717028969877 0.00043786062979932 0.00023286164330067 -0.00039420317357893 0.0004372514481171 0.1838477631085 0.0162788205961 4 4 5 5 0
49.014238838146 8.4169785309929 116.81539916992 -0.006831 0.014598 1.8850043267949 0.02152213007202 -0.017447270226852 0.025860462955745 -0.0099421203326413 0.014410122323621 -0.14270668085697 -0.066797963833056 9.8135635230188 0.00055056301661237 0.00040127076072793 9.8148284180008 0.00031948984501282 2.8469966217888e-05 -0.0001009077181642 0.00031798406134267 2.7765455474305e-05 -0.00010574640759556 0.18346934348822 0.017691806012954 4 4 5 5 0
49.01423879216 8.4169785882019 116.82398223877 -0.006791 0.014599 1.8848003267949 0.020796527400864 -0.016783808115524 0.024962916512706 -0.0095417319100898 0.01577887245839 -0.13662694901159 -0.062962967517069 9.8072834189095 0.0065954834973816 0.0038627842183234 9.8084341926842 0.00042054720019091 -5.6636312718493e-05 0.00025049866305699 0.00042415438705623 -5.4943248010519e-05 0.00024472360473692 0.18346934348822 0.017691806012954 4 4 5 5 0
49.014238849207 8.4169785142614 116.81095123291 -0.006878 0.014621 1.8851623267949 0.021820510580523 -0.017814104308853 0.026258387311082 -0.010196778228534 0.013867157461636 -0.13691859870446 -0.063700724788079 9.8050643657322 0.0064159741531733 0.0036264404685455 9.8062245917382 -0.00018767103621888 0.00011158985556258 0.00029944543646053 -0.00018328611640511 0.00011365383848006 0.00030139263784306 0.18346934348822 0.017691806012954 4 4 5 5 0
49.014238687437 8.4169785039826 116.8247756958 -0.006796 0.014215 1.8939253267949 0.011097968708695 -0.012222093103905 0.014398013920335 -0.0080778782786664 0.01399483447688 -0.13689577472525 -0.064720819153622 9.8067495220562 0.0025321122935243 0.001955217755736 9.8079180200836 0.00010739450263697 0.00026730144990294 -0.00010159880603876 0.00010592863795608 0.00026660719795393 -0.00010494812296372 0.18292348127017 0.0162788205961 4 4 5 5 0
49.014238692586 8.4169787129035 116.82082366943 -0.006758 0.01452 1.8844063267949 0.018336024480052 -0.014752377075317 0.02199299411922 -0.0083755839762712 0.015339137201677 -0.14296481899128 -0.064380687210954 9.8125019988347 -0.00024968652066568 0.0022504070211586 9.8137542914872 0.00067872356544647 -0.00057981019267149 2.2633724109895e-05 0.00067904369296986 -0.0005796935960385 1.6722603245517e-05 0.18346934348822 0.019104973174543 4 4 5 5 0
49.014238865058 8.4169785238307 116.80438232422 -0.006862 0.014661 1.8843373267949 0.021968187651192 -0.017677796018858 0.026353421392415 -0.010030198473177 0.0130107775872 -0.13713367816569 -0.068066400162235 9.8069148065917 0.0063612777316641 -0.00063912530345054 9.8081076517547 0.000142596372862 0.00063372356446012 -0.00015314953962816 0.00014025026387178 0.00063264347564099 -0.0001595814274642 0.18346934348822 0.017691806012954 4 4 5 5 0
49.014238608673 8.4169785059738 116.83776855469 -0.006789 0.014083 1.8966053267949 0.0070029652236965 -0.01099383502152 0.010150408137343 -0.0081779155441953 0.015763128874386 -0.1364769167295 -0.060691311260468 9.8101360996304 0.0020568667221598 0.0060263383812993 9.8112712791692 0.00023508369726464 -0.0005231804900003 0.00011381084187406 0.0002366697269627 -0.00052239141588843 0.00011401614380493 0.18292348127017 0.0162788205961 4 4 5 5 0
49.01423878095 8.4169785985635 116.78224182129 -0.00677 0.014285 1.8879073267949 0.014621982899288 -0.011970333507417 0.017623401986148 -0.0068196843437185 0.0090872137774123 -0.13391219889977 -0.062747043797728 9.8047806812525 0.0063279585578866 0.0035711723952372 9.8058932897752 -8.9368826556239e-05 -0.00021789901864881 0.00055205631313788 -8.1453547560262e-05 -0.00021414517702932 0.00055475955877189 0.1838477631085 0.0162788205961 4 4 5 5 0
49.014238596728 8.4169788899071 116.81098937988 -0.00674 0.014541 1.8863573267949 0.017892967681895 -0.013189086620811 0.021103689703894 -0.0069816287644636 0.014880407797747 -0.13851808411431 -0.065638392844751 9.8030288557222 0.0043068330175619 0.00047262208936706 9.8042263517385 0.00014627517807513 -0.00046216746775353 0.0003045770926201 0.00015075166276978 -0.00046010478206443 0.00030553984815076 0.18309560344257 0.018439088914586 4 4 5 5 0
49.014238926806 8.416978488873 116.7938079834 -0.006855 0.014627 1.8812043267949 0.022621471649553 -0.017870834743912 0.027003953143949 -0.010093800644912 0.011074355949888 -0.13718473508867 -0.063612102577771 9.8063987981988 0.0060931199170487 0.0036912653431818 9.8075620860828 0.00012932931594586 0.00041042443564059 0.00013865156688994 0.00013128526733737 0.00041136501692665 0.00013394147241288 0.18346934348822 0.017691806012954 4 4 5 5 0
49.014238628497 8.4169785060563 116.83391571045 -0.006771 0.014141 1.8959643267949 0.0076862405860593 -0.01107630036072 0.010819411305078 -0.0080440186074039 0.015415174619306 -0.13988967117051 -0.067908539656085 9.8073088126659 -0.0010981611840377 -0.0012200546377374 9.8085411593257 0.0005302486132835 -6.4927333317633e-05 0.00023613466990309 0.00053351351601007 -6.3328264371707e-05 0.00022902279000482 0.18292348127017 0.0162788205961 4 4 5 5 0
49.014238754963 8.4169786302249 116.82727813721 -0.006797 0.01456 1.8845753267949 0.019944409774255 -0.016135578767809 0.023950606720859 -0.0091926507445558 0.016177161409415 -0.13575164953365 -0.067598446211146 9.8114970615402 0.0073248168858515 -0.00070961510772243 9.8126666125884 0.00043556544587361 -0.00047924678009193 -0.00062938636480677 0.0004263753078621 -0.00048351228487134 -0.00063237694977051 0.18346934348822 0.019104973174543 4 4 5 5 0
49.014238782088 8.4169785690592 116.78594207764 -0.006779 0.014251 1.8889293267949 0.014010488207643 -0.011620403257585 0.016940277972043 -0.0066599939120765 0.0094095186335157 -0.13895923289717 -0.064865602101408 9.8079434396579 0.0010409276940012 0.0016041932001143 9.8091421552779 8.9778304148532e-05 -0.00045565136510785 0.00011431617942987 9.1398078873772e-05 -0.00045492225140085 0.00011609300390506 0.1838477631085 0.0162788205961 4 4 5 5 0
49.014238662777 8.4169787503829 116.81527709961 -0.006757 0.014576 1.8845273267949 0.017841530052377 -0.014197883855606 0.021352274094353 -0.0079987837452413 0.014496038128336 -0.14170961779435 -0.064941621669386 9.8087460019352 0.00082363283876793 0.0014260623502593 9.8099846567966 0.00028581122908262 0.00066230856542321 0.00050510000654513 0.00029309397169107 0.00066570467223101 0.00049638537238746 0.18346934348822 0.019104973174543 4 4 5 5 0
49.014238623223 8.4169788905597 116.79346466064 -0.006748 0.01451 1.8845623267949 0.017924983396797 -0.012828867790215 0.021010794300387 -0.0066657340017772 0.012692506437928 -0.1396865933134 -0.065566228771241 9.8093440339589 0.0029543597308896 0.00035769761422128 9.8105572123076 -0.00050721156401628 -0.00035080946674125 -0.00055566144527147 -0.00051520698749138 -0.00035452506060845 -0.00054586379959125 0.18346934348822 0.019104973174543 4 4 5 5 0
49.014238786194 8.4169786000147 116.78145599365 -0.00679 0.014318 1.8874013267949 0.015190962462442 -0.012210277290196 0.01823515631036 -0.0068800209801238 0.0090096287605008 -0.14044541571752 -0.066362759208745 9.8081006985276 8.279270599621e-05 -5.7377158694567e-05 9.8093309467685 -0.0005242170010964 -4.0818622412952e-05 0.00013879378274954 -0.00052218026954103 -3.9876531094622e-05 0.00014657101752671 0.1838477631085 0.0162788205961 4 4 5 5 0
49.014238914523 8.4169784942635 116.79377746582 -0.006901 0.014575 1.8820803267949 0.022667022405938 -0.017997406402914 0.027097868844907 -0.010168998668125 0.011242253734299 -0.13954772543601 -0.06323563240946 9.8101513920357 0.0038258088315121 0.0042676192402173 9.8113459727521 -0.00040602928767088 -0.00054271304182262 -0.0015891789209598 -0.00042915515307519 -0.00055361979342548 -0.0015793298904904 0.18346934348822 0.017691806012954 4 4 5 5 0
49.014238727845 8.416978503268 116.81510162354 -0.006838 0.014227 1.8923993267949 0.01213091195823 -0.012264902484481 0.015380926091787 -0.0078117124770106 0.012708682508201 -0.13386137773833 -0.068004969658484 9.8055504832007 0.0057840199680872 -0.0014431861106923 9.8066982528483 -0.00076756107800265 -8.6968468808713e-05 0.00028181474028623 -0.00076344892728355 -8.5041255670655e-05 0.00029326468558853 0.1838477631085 0.0162788205961 4 4 5 5 0
49.014238633466 8.4169788271792 116.80205535889 -0.006765 0.014487 1.8845373267949 0.017650591469929 -0.013072312867327 0.020823476143458 -0.0069865540004594 0.012993482967195 -0.13512856948807 -0.065929248593887 9.8094056040611 0.0070615411284743 0.00026170020947883 9.8105555150403 -9.8163006484511e-05 -0.00012863835145253 -0.00090556194081068 -0.00011124469595766 -0.00013475639626336 -0.00090313499753292 0.18346934348822 0.019104973174543 4 4 5 5 0
49.014238938125 8.416978429228 116.79904937744 -0.006872 0.014617 1.8803693267949 0.022249637187277 -0.018447483280683 0.026813066269951 -0.010789485441772 0.011579338174456 -0.13799465132712 -0.068597072461673 9.8057868781792 0.0050669726938623 -0.0010640712090449 9.8069965469649 0.00038225531736725 0.00050500533422844 -0.00025793763919415 0.00037837686573385 0.00050325154374103 -0.00026696337538693 0.1838477631085 0.017691806012954 4 4 5 5 0
49.014238873089 8.4169785044608 116.78233337402 -0.006813 0.014469 1.8834363267949 0.01985339198421 -0.016501009811267 0.023962270262128 -0.009604616316159 0.0097456126222845 -0.13531433607491 -0.066752500830693 9.8111141338217 0.0067992033162444 0.00028720974544417 9.8122720806301 0.00028588111248634 -2.738953069341e-05 -0.00057914889379478 0.00027747543435499 -3.1334364662046e-05 -0.00058305088240453 0.1838477631085 0.017691806012954 4 4 5 5 0
49.014238642346 8.4169787915732 116.80812072754 -0.006788 0.014477 1.8845373267949 0.01770278496331 -0.013754037766787 0.021083512739677 -0.0076189021089128 0.013848648443526 -0.13479070201638 -0.064968934625046 9.8095698765661 0.0074443281116809 0.001319265434869 9.8107081105463 -0.00040249752830862 -0.00036870674176155 -0.00035874317495341 -0.00040764090328105 -0.00037114358547806 -0.00035035345867753 0.18346934348822 0.019104973174543 4 4 5 5 0
49.014238819626 8.4169785530715 116.77898406982 -0.006805 0.014359 1.8855243267949 0.017694478504181 -0.0145848926462 0.021337343177032 -0.008398399576569 0.0087607092704769 -0.13970208003968 -0.065114294880542 9.8072351116476 0.0014890081753648 0.0013841133212561 9.8084459669568 -0.00041249375913291 -0.00039408120789182 -0.00025359780238538 -0.00041604988265112 -0.00039575274411229 -0.00024497428749584 0.1838477631085 0.017691806012954 4 4 5 5 0
49.014238820461 8.4169785532111 116.81726837158 -0.006835 0.014604 1.8849463267949 0.021339321734049 -0.017172069159309 0.025600801809586 -0.0097388628039583 0.014753606901291 -0.13343532312586 -0.063692267936048 9.8057258534155 0.0096478637506141 0.0033696934089055 9.806835289414 0.00010536319384302 0.00024554313705203 -0.00015858884800246 0.00010301538402118 0.00024446853394132 -0.00016178018755589 0.18346934348822 0.017691806012954 4 4 5 5 0
49.014238815589 8.4169785722964 116.77522277832 -0.006758 0.014342 1.8855053267949 0.016949320349318 -0.01392662464331 0.020427392966019 -0.0079970092930785 0.0084830679010881 -0.13458440350581 -0.063920879514294 9.8026964258169 0.0061942121595885 0.0023668395345839 9.8038266125627 2.5356003432595e-05 -0.00014074728015637 -0.00068751166722969 1.5502712269718e-05 -0.00014540036977575 -0.00068685487354258 0.1838477631085 0.0162788205961 4 4 5 5 0
49.014238625858 8.4169788892962 116.79423522949 -0.006699 0.014555 1.8848283267949 0.018042083484178 -0.01301501080416 0.021181518127688 -0.0068009960773148 0.013025014211194 -0.13672421979617 -0.063647374651414 9.8061166766435 0.0060527805657699 0.0022375481158531 9.8072742268957 0.00026338382781356 2.2070500367062e-05 -0.0002145306225357 0.00026023145954391 2.0615203549632e-05 -0.00021848519703345 0.18346934348822 0.019104973174543 4 4 5 5 0
49.014238843408 8.4169785464786 116.7779083252 -0.006794 0.014348 1.8849443267949 0.018534397033876 -0.014983087307031 0.022254322575746 -0.0085299543933332 0.0087767752071294 -0.13607649421391 -0.063438405992742 9.8096282142824 0.0054007373321035 0.0032175196220723 9.8107753301945 -6.6089717076552e-06 -0.0010714521446019 -0.00019303140658138 -9.3229583620267e-06 -0.0010727427350093 -0.00018563575676027 0.1838477631085 0.017691806012954 4 4 5 5 0
49.014238886656 8.4169784892147 116.78910827637 -0.006843 0.014502 1.8825673267949 0.020571114232608 -0.017170897687688 0.024842858131873 -0.010041931334288 0.010592551189435 -0.14012471669786 -0.065501012946269 9.8062760294373 0.0024697842699869 0.0016673493355021 9.8074952991814 -5.2009834908905e-05 -0.00031724566565016 -0.00068670725232132 -6.1964146251203e-05 -0.00032194003396616 -0.00068369954168755 0.1838477631085 0.017691806012954 4 4 5 5 0
49.014238780019 8.4169785433631 116.79228210449 -0.006768 0.014301 1.8895973267949 0.013729398988053 -0.012062394366078 0.016815682962329 -0.007157915777198 0.0099469158319628 -0.14396363306701 -0.061774903504838 9.8102859668427 -0.0038523187758144 0.0047707176846862 9.8115348364974 0.0004135702018563 0.0003757027711691 -0.00078502029258804 0.00040225120133693 0.00037037270385276 -0.00079339808560303 0.1838477631085 0.0162788205961 4 4 5 5 0
49.014238776954 8.4169785967062 116.7830581665 -0.006761 0.014299 1.8883013267949 0.014170958665134 -0.011565030739574 0.017071498549123 -0.0065673532105881 0.0091198935188986 -0.13745057176328 -0.068298099745139 9.8064799734893 0.002667283291156 -0.001979978461094 9.807680285461 5.2921235834785e-05 0.00025988824003723 0.00076437610539417 6.3792165336692e-05 0.00026505896652893 0.00076174977653381 0.1838477631085 0.0162788205961 4 4 5 5 0
49.014238927685 8.4169784255035 116.79956817627 -0.006914 0.014552 1.8810583267949 0.022199196523123 -0.018658804956718 0.026832143739788 -0.010999636086039 0.011655725169748 -0.13942013526549 -0.065448563705197 9.8090216997426 0.0035738572126067 0.002057402292004 9.8102300635722 -0.00056249481611555 -0.00019915959070929 -0.0010475626337135 -0.00057767682831628 -0.00020637051996219 -0.001037860315147 0.1838477631085 0.017691806012954 4 4 5 5 0
49.014238643831 8.4169785083363 116.8303527832 -0.00678 0.014171 1.8953663267949 0.0084914332472856 -0.011254747006229 0.011634539707703 -0.0079632468465614 0.015009126282622 -0.13287984051521 -0.065103774970816 9.8095553331503 0.006015017211292 0.0015983674939177 9.8106693780858 0.00036481747601805 0.00037173599301596 -0.00027781999462268 0.00036079838156695 0.00036985041856853 -0.00028548686545234 0.18292348127017 0.0162788205961 4 4 5 5 0
49.014238904608 8.4169784552795 116.79332733154 -0.006865 0.014556 1.8819913267949 0.021249492944657 -0.01806971068512 0.025757541109751 -0.01070536120626 0.011060830339375 -0.1403035336998 -0.066266697184036 9.814032662839 0.0027682349239025 0.0011363714902537 9.8152587919473 -6.8176239282401e-05 -1.7768489499748e-05 -0.00066046235907259 -7.7791998882101e-05 -2.2288580824901e-05 -0.00065927539235268 0.1838477631085 0.017691806012954 4 4 5 5 0
49.014238775224 8.4169786076782 116.82736206055 -0.006828 0.01461 1.8846983267949 0.020453422535423 -0.016492774529643 0.024546032631738 -0.0093726275031861 0.016164141635559 -0.14076621549559 -0.063669769210429 9.8066590853148 0.0022400274241471 0.003210415661364 9.8078753041801 -0.00011176217442559 0.00044414056776344 0.00016590064082431 -0.00010940962435341 0.00044524704734249 0.0001644948681843 0.18346934348822 0.019104973174543 4 4 5 5 0
49.014238861726 8.4169785343359 116.77809143066 -0.00681 0.01446 1.8842953267949 0.019229510031432 -0.015678082077873 0.023123522026255 -0.0089930819166468 0.0089713090889532 -0.14132348032018 -0.067257683686854 9.8102202925123 0.00055873067413689 -0.00033694736078839 9.8114687115957 8.7690492305551e-05 0.00016884668028784 -0.00033883938258504 8.2769737451815e-05 0.00016652709126311 -0.00034123095605 0.1838477631085 0.017691806012954 4 4 5 5 0
49.014238806862 8.4169785702358 116.82123565674 -0.006801 0.014594 1.8848893267949 0.021047704343595 -0.016980557611326 0.025263309899233 -0.0096493644108039 0.015375482119339 -0.13934914478064 -0.071323216227635 9.8074155678199 0.0036978269663995 -0.0043624021080156 9.8086631556318 0.00048172646026367 0.00017958638362397 0.00072248092094499 0.00049221479231945 0.00018449108011433 0.00071412556696156 0.18346934348822 0.017691806012954 4 4 5 5 0
49.014238899916 8.4169784936028 116.79557037354 -0.006888 0.014615 1.8833553267949 0.022386305209564 -0.0178991083947 0.0268105286817 -0.010135201266955 0.011914882006358 -0.13814724808402 -0.067088017163268 9.8080008370178 0.0051954935934688 0.00044446582444132 9.8092016543837 -9.5207952880076e-06 -4.7584754397913e-05 -0.00015718781330193 -1.1824795353074e-05 -4.8638592803476e-05 -0.00015669264353734 0.18346934348822 0.017691806012954 4 4 5 5 0
49.014238748272 8.4169785232225 116.80461120605 -0.006812 0.014252 1.8912183267949 0.012963637533621 -0.012219457349305 0.016146748613864 -0.0075275360545178 0.01127173184965 -0.13669812579616 -0.065280437279734 9.8057838419838 0.0033232960557214 0.0011357935498096 9.8069534995124 -0.00050845993012648 -0.00029054769610672 -0.00091371226465113 -0.00052140607584261 -0.00029678766532132 -0.00090440481628804 0.1838477631085 0.0162788205961 4 4 5 5 0
49.014238664182 8.4169785057398 116.82709503174 -0.006807 0.014194 1.8946343267949 0.0092435247882712 -0.01172248827564 0.012492662593042 -0.0081728621003978 0.014841033708693 -0.13820731362828 -0.062272524002158 9.8055954479502 0.00085464658262629 0.0044212636991812 9.806766151738 -7.8948222526244e-05 0.00030533730612254 -0.00080301796503013 -9.0374085933239e-05 0.00029985906403296 -0.00080388707804594 0.18292348127017 0.0162788205961 4 4 5 5 0
