49.014245418273 8.4169912770749 111.90812683105 -0.005578 0.014346 2.0619433267949 0.0185601960794 -0.0022918359926154 0.017449037179959 0.0067275147593778 -0.02730607467548 -0.14507695001977 -0.056887895823194 9.8073805171961 -0.0042634834244808 -0.0023498813321394 9.8086171864447 -0.00037157564620097 -0.00017673908791483 0.0013324006138094 -0.00035236903859113 -0.00016933904110548 0.001338586346081 0.40151961346863 0.04101219330882 4 5 4 4 0
49.014244765116 8.4169920133407 111.89461517334 -0.005877 0.014045 2.0503393267949 -0.005512952008217 -0.0064015557074576 -0.0019383420440804 -0.0082228587822117 -0.021786411335958 -0.14030221050475 -0.057419839811912 9.8111844295529 -0.0022416620719661 -2.9219624998131e-05 9.8123555252053 -0.00049644171145409 -0.00055630879563536 0.0006795351361582 -0.0004867961840366 -0.00055230969041857 0.00068967608824474 0.40151961346863 0.04101219330882 4 5 4 4 0
49.014245423967 8.416991412848 111.9154586792 -0.00553 0.01433 2.0632473267949 0.019746587287765 0.00097300194095067 0.01693964188798 0.010194245288555 -0.027474412766103 -0.14331623206661 -0.055883329667126 9.8108011720693 -0.0026339647185361 -0.0016174464571992 9.8120066317061 0.00010431185439509 -0.00020215219796081 -0.00010557161448357 0.0001028230577569 -0.00020273592092809 -0.00010593288710508 0.40151961346863 0.04101219330882 4 5 4 4 0
49.014245422501 8.4169914053193 111.91163635254 -0.005518 0.014336 2.0631463267949 0.019424746452422 0.00041824525187786 0.016920597844326 0.0095491867736661 -0.027496266926101 -0.14343278481112 -0.059764183578602 9.8077510614697 -0.0028600710119666 -0.0055582521541384 9.8089801017856 0.00016718257156527 7.2727543023889e-05 -0.00022212661586713 0.00016397698463318 7.1496151074989e-05 -0.00022488401815978 0.40151961346863 0.04101219330882 4 5 4 4 0
49.014244858142 8.4169918208459 111.94785308838 -0.005698 0.014279 2.0562643267949 0.0062316200983661 -0.004971390623117 0.0078313866573349 -0.0014890093924526 -0.023167955817327 -0.13391620535202 -0.056220934065187 9.8060634123295 0.0057214277247601 -0.00024750902196776 9.8071373562303 0.00022385362685712 0.00065964192258065 0.00090586872540566 0.0002366894431659 0.00066480085804337 0.00089879063882577 0.40151961346863 0.04101219330882 4 5 4 4 0
49.01424520575 8.416991045121 111.93264770508 -0.005658 0.014279 2.0572143267949 0.012060876396376 -0.0080239972848262 0.014412598059995 -0.001457776515322 -0.024507899022952 -0.13878807835595 -0.052512908512448 9.8043473734785 0.0011466583117924 0.0032365543883354 9.805470162697 0.00045698935640234 8.396391771357e-05 0.00058844819215621 0.00046533597317166 8.7356239927628e-05 0.00058136527676377 0.40151961346863 0.04101219330882 4 5 4 4 0
49.014245424044 8.4169914200165 111.91325378418 -0.005532 0.014334 2.0633483267949 0.019609814960347 0.00080664637747648 0.016898082743456 0.0099824484241557 -0.027404447129927 -0.13713010023825 -0.052415382964619 9.8053703856434 0.0035385302433378 0.0019106242823835 9.8064684895932 0.00017865785869352 -0.00022089867180887 0.00070790697830779 0.00018880795263005 -0.00021695474733339 0.00070647810837327 0.40151961346863 0.04101219330882 4 5 4 4 0
49.014245253883 8.4169910500345 111.92514038086 -0.005736 0.014315 2.0579133267949 0.01294573415175 -0.00745232409217 0.014928103500914 -0.00052850253896929 -0.025001507575797 -0.14405745641617 -0.055742872423219 9.806610483964 -0.0039441811852409 0.00010139158836381 9.8078263768823 -0.00080894184065931 0.00042559467003003 0.00044769306794612 -0.00080253202771159 0.00042811522526301 0.0004567459838436 0.40151961346863 0.04101219330882 4 5 4 4 0
49.014244772057 8.4169920204208 111.89003753662 -0.005877 0.014098 2.0501583267949 -0.0059519880426368 -0.00618221753994 -0.002429407592653 -0.0082307272489448 -0.022072638047047 -0.14083731645788 -0.052222887734439 9.8058893874822 -0.0026803271547495 0.0051247865511062 9.8070378097417 -0.00049026479467099 3.0348677789698e-05 0.0011754948393939 -0.00047364884170748 3.7233957815939e-05 0.0011820909746733 0.40151961346863 0.04101219330882 4 5 4 4 0
49.014245424195 8.4169913502471 111.9091796875 -0.005525 0.014395 2.0626663267949 0.019092469381517 -0.0007619126229161 0.017190583697561 0.0083416477700141 -0.027425514582078 -0.14284350196644 -0.054000035878272 9.8042526921664 -0.0018836184533534 0.00024154326576103 9.8054415914778 9.7712210828855e-05 0.00033102162385234 0.00050679930080596 0.00010496926531263 0.00033382411521292 0.00050351065472858 0.40151961346863 0.04101219330882 4 5 4 4 0
49.014245433991 8.4169913743664 111.90827941895 -0.005535 0.014327 2.0628893267949 0.019281890325947 -0.00019296638193811 0.017085865594071 0.00893863642597 -0.027424646517507 -0.13581786827826 -0.054569959588858 9.8067544003148 0.0048844860111923 -0.00024719780490118 9.8078455109406 8.7230383801681e-05 -0.00034568490318292 -0.00045189371153333 8.0827053608948e-05 -0.00034817740482354 -0.00045117293588054 0.40151961346863 0.04101219330882 4 5 4 4 0
49.01424550078 8.4169914492424 111.9097366333 -0.005556 0.0144 2.0635473267949 0.021917724312958 0.0015356263934627 0.018584991282837 0.011719303025527 -0.028251656219456 -0.14212186027307 -0.05546816957314 9.808751855849 -0.00099496339145049 -0.001161158400888 9.8099378768454 -0.00032926119725035 0.0001987674485888 0.0009030889702547 -0.00031627240079749 0.00020376610726247 0.00090658043245043 0.40151961346863 0.04101219330882 4 5 4 4 0
49.014245370707 8.4169911662635 111.90985870361 -0.005635 0.014364 2.0606293267949 0.016825425728843 -0.0041938183612674 0.016820914943847 0.0042113506343938 -0.026782671637104 -0.13552220055586 -0.057023711643454 9.8068656133011 0.0051811886953021 -0.0020313069332618 9.8079665322249 -0.00056141644213966 0.00031923189012878 0.0003597356879286 -0.00055623082146615 0.00032119464222356 0.0003659084934348 0.40151961346863 0.04101219330882 4 5 4 4 0
49.014245420536 8.4169913130135 111.90796661377 -0.005537 0.014403 2.0623223267949 0.018884537239003 -0.0013928252390107 0.01730791655239 0.0076808936245517 -0.02742760197911 -0.13630712374156 -0.058940215144767 9.8056270044358 0.0045211450811291 -0.0045909774969766 9.8067488661943 5.8678729982295e-05 0.00074148094276167 0.0011839354299542 7.5629611730259e-05 0.00074803310281769 0.0011788785417996 0.40151961346863 0.04101219330882 4 5 4 4 0
49.01424480505 8.4169919990981 111.90065765381 -0.005803 0.014067 2.0516013267949 -0.0030295189752924 -0.0066484323062038 0.00038631307280341 -0.0072957868557811 -0.022067497892609 -0.13701659011751 -0.053532219084646 9.8113292691274 0.0011204085606678 0.0035659879304411 9.8124314276892 0.00019061799104882 -0.00036444004028687 0.001299942606589 0.00020892954477982 -0.00035687171174754 0.0012992334482603 0.40151961346863 0.04101219330882 4 5 4 4 0
49.014244849826 8.416991704434 111.95220947266 -0.005708 0.0142 2.0555303267949 0.0061892104572774 -0.0056807647627727 0.008123561778748 -0.0021411575341052 -0.023125769209738 -0.14040608011838 -0.056344529814066 9.8083903315507 -0.00095017191291758 -0.00028456956673866 9.809557162157 0.00025032905823098 -0.00026948642115242 0.00056674520783213 0.00025838050565662 -0.00026625241973043 0.00056467832758849 0.40151961346863 0.04101219330882 4 5 4 4 0
49.01424486197 8.4169919970848 111.9088973999 -0.005722 0.014156 2.0536763267949 0.0013874216630197 -0.0058965890300803 0.0039663003936994 -0.0045784244170851 -0.023086820688353 -0.1351870647221 -0.057955312642059 9.8071034017268 0.00347142223197 -0.0015655867063272 9.8082055456302 0.00048883914033325 0.00024247715776591 -0.00076372008594846 0.00047794763605127 0.00023816697467542 -0.00077195380727474 0.40151961346863 0.04101219330882 4 5 4 4 0
49.014244958249 8.4169915039539 111.94496154785 -0.00566 0.014222 2.0564403267949 0.0068843946064223 -0.0058767415663551 0.0088315544164833 -0.0019836018217825 -0.023223841325316 -0.13721256525485 -0.055153861558645 9.8069214923746 0.0021434953914962 0.00066065747865739 9.8080363003036 0.00059242909883742 0.00012831065226005 0.00084863356862342 0.00060442963538046 0.0001331139077682 0.00083938775313915 0.40151961346863 0.04101219330882 4 5 4 4 0
49.014245168736 8.416991126415 111.93701934814 -0.005728 0.014292 2.0565363267949 0.011051154103501 -0.0082146268361787 0.013607796003669 -0.0021060931780394 -0.023919493121964 -0.1380920861431 -0.06096156058808 9.8057551086671 0.0020080120647504 -0.0049127217733656 9.8069155245995 -0.00022420351395091 4.8322762669538e-05 0.0011929107434392 -0.00020713935781413 5.5151527909381e-05 0.0011957124757344 0.40151961346863 0.04101219330882 4 5 4 4 0
49.014244988052 8.4169914482967 111.94332885742 -0.005731 0.014248 2.0562183267949 0.0072918888834065 -0.0062100271711951 0.0093472104845036 -0.0020894350207164 -0.023224395333336 -0.14489293357795 -0.057085154837396 9.8081163722307 -0.0054435704516728 -0.0011428019212933 9.8093510924199 -0.00043479160594704 0.00040029998224685 0.0010423086039456 -0.00041994556127386 0.00040627080490947 0.0010460715399454 0.40151961346863 0.04101219330882 4 5 4 4 0
49.014244777307 8.4169919534594 111.94351959229 -0.005748 0.014191 2.0555933267949 0.0030413524922446 -0.0050924239723973 0.0050635900113736 -0.0030890665702122 -0.022286780497145 -0.13742658946028 -0.052956408406168 9.8056527210644 0.0016499222009488 0.0033024972215444 9.8067579730245 -0.00019799793448476 0.00012868983345753 0.00013081570110122 -0.0001961429361177 0.0001294205299495 0.00013283381798447 0.40151961346863 0.04101219330882 4 5 4 4 0
49.014245364316 8.416991125286 111.91011047363 -0.005621 0.01431 2.0601083267949 0.01644420445135 -0.0050143001169209 0.016871874475446 0.0033002135643504 -0.026638039746725 -0.13479316752832 -0.053480895811911 9.8069928623212 0.0059302418821554 0.0015660757713128 9.8080634784564 -0.00020280667026131 -0.00068609951734488 -0.0005048256980734 -0.00020993889250354 -0.00068893839907413 -0.00049800677180816 0.40151961346863 0.04101219330882 4 5 4 4 0
49.014244838905 8.4169919449258 111.92527008057 -0.005743 0.014149 2.0542413267949 0.0027005525638885 -0.0059095537225727 0.0051373254710922 -0.0039778664075575 -0.022792516338136 -0.14513622674739 -0.05380183493654 9.8070930878975 -0.0062192459126273 0.0025627051355734 9.8083118699941 6.7570423469578e-05 -0.00033074041564777 0.001311635192048 8.6116118187833e-05 -0.00032321838161244 0.001312411551727 0.40151961346863 0.04101219330882 4 5 4 4 0
49.014244776311 8.4169919390066 111.94720458984 -0.005743 0.014172 2.0557823267949 0.0032932191359726 -0.004820903613904 0.0051606353231484 -0.0027301870689122 -0.02231482970229 -0.14120972433594 -0.060530592215941 9.81008491143 -0.0021233725835376 -0.0042711882334831 9.8112868091063 -0.00014702533243257 -0.00015703149574347 5.1357578313828e-05 -0.00014626818615296 -0.00015675517680157 5.4334415191249e-05 0.40151961346863 0.04101219330882 4 5 4 4 0
49.014245493609 8.4169914756163 111.91162109375 -0.005535 0.014427 2.0637853267949 0.022146337728627 0.0019523653694543 0.018586378269182 0.012199065952488 -0.028306365030449 -0.143709302736 -0.059570892897381 9.8088305434446 -0.0023185263132949 -0.0052348786968172 9.8100626508876 0.00011115096465317 0.00024235293780735 0.00040016394496121 0.00011689840012242 0.00024457721826148 0.0003971498982493 0.40151961346863 0.04101219330882 4 5 4 4 0
49.014245155709 8.4169911462245 111.93921661377 -0.005721 0.014283 2.0564513267949 0.010658512047183 -0.0082953890470611 0.013297913767517 -0.0023627629644388 -0.0238028515307 -0.13837088065365 -0.052250703799142 9.8058450678494 0.0017136837597221 0.0038873972941875 9.8069598829535 3.2416863235088e-05 -0.00010679164231151 0.0014212022875897 5.2714445394078e-05 -9.8646877314645e-05 0.0014211986525061 0.40151961346863 0.04101219330882 4 5 4 4 0
49.014244858941 8.4169920048435 111.90711975098 -0.00579 0.014134 2.0535183267949 0.00072518730748601 -0.0060556232016995 0.003451658810507 -0.0050280022677257 -0.023113612024352 -0.13876106253473 -0.055859707208253 9.8062566235881 -0.00010723505363391 0.00075248321158983 9.8073974015635 -0.0003923699376318 -0.00020060931993832 0.0006490862029637 -0.00038314591990648 -0.00019687865948598 0.00065570325082714 0.40151961346863 0.04101219330882 4 5 4 4 0
49.014244799548 8.4169919205062 111.94979095459 -0.005742 0.014213 2.0560863267949 0.0040261454356993 -0.0048553337450064 0.0058257717230262 -0.0024173987537647 -0.022311621525192 -0.13571400112385 -0.053112140128103 9.8054901833392 0.0033385129518305 0.0031385975507817 9.806572175607 -0.00015209202385333 0.00042636771453791 0.00041746457841994 -0.00014621088192808 0.0004287482387284 0.00041714423533142 0.40151961346863 0.04101219330882 4 5 4 4 0
49.014245422298 8.4169912220626 111.90713500977 -0.005537 0.014304 2.0612743267949 0.018043143202933 -0.002986202345916 0.017323308457163 0.0058627534455785 -0.02712966772517 -0.14447401302738 -0.052109824789496 9.8104435681028 -0.0036686898187246 0.0024267314455237 9.8116449936232 0.00032216945078284 -0.00091785010296542 -0.00049599658258793 0.00031512714864971 -0.00092055067582816 -0.00049548877359266 0.40151961346863 0.04101219330882 4 5 4 4 0
49.014245188133 8.4169910468095 111.93483734131 -0.005752 0.014252 2.0569323267949 0.011698155052176 -0.0082210615821375 0.014183537377782 -0.0018054401423208 -0.024421592612894 -0.13866505664464 -0.05822331153626 9.810731545339 0.0012627608009163 -0.0022210056170561 9.8118841927738 -0.00080498137519859 -0.00018355678921274 0.00089942620749625 -0.00079206709331147 -0.00017837526094302 0.00091182413892378 0.40151961346863 0.04101219330882 4 5 4 4 0
49.014245037998 8.4169913375288 111.94226074219 -0.005674 0.01429 2.0559153267949 0.0081660516577401 -0.0071282547363865 0.010548162135154 -0.002496517122492 -0.023387999252091 -0.13856896528267 -0.054335738914173 9.8068310088534 0.0012529090956423 0.0015219729847572 9.8079601394822 0.00044572235930322 0.00047394048114762 -5.80742574532e-05 0.00044487617472908 0.00047364690595497 -6.7099470805401e-05 0.40151961346863 0.04101219330882 4 5 4 4 0
49.014244764408 8.4169920378692 111.88813018799 -0.005857 0.014107 2.0502183267949 -0.0060909577376874 -0.0055944670265735 -0.0028218817652527 -0.0077740962341141 -0.02196540084505 -0.14084613076063 -0.05626442598746 9.8057501182914 -0.0028286497423087 0.001044734363247 9.8069226830523 -0.00014994224468958 0.00044690681682811 0.00017118425486201 -0.00014754326574447 0.00044788916826921 0.00017067388100859 0.40151961346863 0.04101219330882 4 5 4 4 0
49.014245500791 8.4169914300697 111.90873718262 -0.005505 0.014421 2.0633683267949 0.021530479591868 0.0012545010589292 0.018378132388208 0.011286246822531 -0.028155394501287 -0.14106072730076 -0.055879628290807 9.8070314245253 0.00019274841547928 -0.0016916409511983 9.8082048517773 0.00033351057441845 0.00017659081573558 0.0010810365394566 0.00034903126159097 0.00018256659471198 0.0010751441990811 0.40151961346863 0.04101219330882 4 5 4 4 0
49.014244852358 8.4169918502617 111.94797515869 -0.005672 0.014225 2.0563073267949 0.0060995628285828 -0.0047341552396765 0.0076039748712119 -0.0013402832102346 -0.022895202818144 -0.13870752541661 -0.056635287669763 9.8070119157158 0.00082591894990426 -0.0007544077041149 9.8081562084803 0.0004930573816745 -0.00011047032245192 0.00040794918485872 0.00049885292961538 -0.00010814061648958 0.00040150690614519 0.40151961346863 0.04101219330882 4 5 4 4 0
49.01424519417 8.4169910535772 111.93372344971 -0.005726 0.014304 2.0566843267949 0.011736474042224 -0.0084466002974316 0.014322429623203 -0.0019894666448711 -0.024379592895982 -0.14626980451497 -0.055006862556974 9.8037272733654 -0.0061907050364283 0.00095945602461553 9.8049711940424 -0.00030009404122174 0.00026215050893228 0.0012709805201201 -0.00028195999749162 0.00026940398854583 0.0012736097671999 0.40151961346863 0.04101219330882 4 5 4 4 0
49.01424486015 8.4169919822497 111.9116897583 -0.005753 0.014169 2.0539053267949 0.0017571014194981 -0.0059699810695193 0.0043287591903506 -0.0044709525156566 -0.023095870413491 -0.13518032603531 -0.052897373573326 9.802034998234 0.0035652285486652 0.0035699620437159 9.8031083826647 0.00013757230356671 0.00019541905092624 0.0011862148113197 0.00015432432745698 0.00020227332884663 0.0011830006344529 0.40151961346863 0.04101219330882 4 5 4 4 0
49.014245080822 8.4169912508122 111.94229888916 -0.005703 0.014255 2.0560413267949 0.0090300740774847 -0.0077335757451892 0.011594674934041 -0.0026294258845095 -0.023457015681024 -0.13498551754876 -0.05104736921649 9.8074616656787 0.0048442542913024 0.0049143662144951 9.8085212323423 5.5778985227552e-05 -0.00017415402417449 0.0013458289870267 7.4982451320681e-05 -0.0001664683741931 0.0013458760883925 0.40151961346863 0.04101219330882 4 5 4 4 0
49.014244854549 8.4169919987733 111.90395355225 -0.005799 0.014153 2.0529173267949 -0.00026785509134303 -0.0062065967867548 0.0026395601745672 -0.0056235883549877 -0.022835563391211 -0.14522821046185 -0.057890956021007 9.8047040027707 -0.0066234699210783 -0.0011651138167493 9.8059478298658 -0.00030608138666321 0.00012931488628745 0.00049325330567167 -0.00029911315415568 0.00013212019567812 0.00049676640892913 0.40151961346863 0.04101219330882 4 5 4 4 0
49.014245309513 8.4169910335435 111.91425323486 -0.005669 0.014356 2.0586703267949 0.014545948097984 -0.0068876635217081 0.016077547412781 0.00073231258666457 -0.025889186519627 -0.13557844694757 -0.052513486732553 9.8044524168043 0.0049229070877755 0.0031442738373155 9.8055289187052 0.00010775068377558 0.0004164802533048 0.0011232026969498 0.00012384058461173 0.00042282010458038 0.0011191577351393 0.40151961346863 0.04101219330882 4 5 4 4 0
49.014244789309 8.4169919939849 111.89917755127 -0.005822 0.014132 2.0509853267949 -0.0038373051089339 -0.0066547389069969 -0.00033055537654683 -0.0076746270912526 -0.022236159937805 -0.14271695104025 -0.059648974909119 9.8095911525594 -0.0044909783647112 -0.0025303865123463 9.8108093981875 -2.3703356781801e-05 0.00062055669961885 0.00077398945967846 -1.2844579921625e-05 0.00062504791513131 0.00077061520432025 0.40151961346863 0.04101219330882 4 5 4 4 0
49.014245016376 8.4169914023679 111.94050598145 -0.005728 0.014252 2.0560933267949 0.0077775751881862 -0.0066822169050498 0.009996754865291 -0.0022819914112003 -0.023514546322563 -0.14540536882228 -0.058205386254957 9.8095626750941 -0.0057078330525848 -0.0021981969501057 9.8108111558921 -0.0002911740462141 9.3877508344267e-05 0.00098462458028569 -0.00027713940442945 9.9492912158021e-05 0.00098811202468719 0.40151961346863 0.04101219330882 4 5 4 4 0
49.014245493833 8.4169914872594 111.91193389893 -0.005554 0.014421 2.0639553267949 0.022253154306023 0.0020707790058325 0.018622091622402 0.012357513913289 -0.028228402051638 -0.13733429214044 -0.053729902758455 9.8059355190796 0.0042111384145265 0.00065874804376433 9.8070436737844 -8.2389773972334e-05 -0.0002299744884304 0.00040727889682723 -7.6508374508405e-05 -0.00022769405818255 0.00040967289962533 0.40151961346863 0.04101219330882 4 5 4 4 0
49.014245278242 8.4169910465051 111.92149353027 -0.005658 0.014292 2.0581983267949 0.013666393118108 -0.0071323123429511 0.015415207146371 9.6567065826063e-05 -0.025325127599931 -0.13631799645681 -0.056233791383234 9.8060872331799 0.0039506767590811 -0.00048909151478656 9.8071949496295 0.00042807489674585 -0.00027351271862815 0.0006053402885407 0.00043672240093248 -0.00027007740256419 0.00060066747348503 0.40151961346863 0.04101219330882 4 5 4 4 0
49.014245501736 8.416991523594 111.91289520264 -0.00557 0.014439 2.0641063267949 0.022542956379485 0.0023889158528817 0.018724969338893 0.012777578615304 -0.028349035040488 -0.14512953193382 -0.057910542337486 9.8081344495562 -0.0034897610706949 -0.0033090392166075 9.8093778059094 -4.5435046761684e-05 -1.3843479044644e-05 0.00025342885108026 -4.1767633820734e-05 -1.2450382622189e-05 0.00025406203575451 0.40151961346863 0.04101219330882 4 5 4 4 0
49.014244842852 8.416991878135 111.94821166992 -0.00572 0.014253 2.0563943267949 0.0055551275993418 -0.0046262996103548 0.0070721115349347 -0.0014989477791471 -0.022837722021224 -0.13863578082916 -0.056062220834332 9.8073857246178 0.00078596586763755 -0.00011909857247337 9.8085256663807 -0.00029720535174605 0.00050871935355636 0.00093597709120138 -0.00028389344714388 0.00051404816737865 0.00093720250021893 0.40151961346863 0.04101219330882 4 5 4 4 0
49.014245136841 8.416991158337 111.94097137451 -0.005773 0.014337 2.0562663267949 0.010245419734452 -0.0082324032095434 0.012902807709731 -0.0025016857941282 -0.023563628900925 -0.14724953503122 -0.054821148974048 9.8071106514888 -0.0070931529709975 0.0013508227591692 9.8083668931516 -0.00082687685543911 0.00075583000689535 0.0010440282073707 -0.00081192187499702 0.00076184096349945 0.0010514133435802 0.40151961346863 0.04101219330882 4 5 4 4 0
49.014245295213 8.4169910393516 111.9176864624 -0.005692 0.014368 2.0584593267949 0.014227002643265 -0.0069255982679445 0.015813676924475 0.00054579009311864 -0.025611259777969 -0.14458098699629 -0.057904077698546 9.8111051459442 -0.0041237075516071 -0.0021527478101527 9.8123402597015 -0.00021181162467214 0.0008779776891827 0.0010130449324149 -0.00019729083834784 0.00088363440977358 0.0010109480452614 0.40151961346863 0.04101219330882 4 5 4 4 0
49.014244831527 8.4169920107026 111.89863586426 -0.005785 0.014118 2.0522033267949 -0.0020696784989905 -0.0063849773105787 0.0011198899490598 -0.0066177848105897 -0.022535791936608 -0.14351880160115 -0.055101583985569 9.8057338703227 -0.0051449215939143 0.0017925866685759 9.8069374769195 0.00020802005967259 -5.7653620069691e-06 0.00076048520776057 0.00021872087321013 -1.3660161693431e-06 0.00075750463342631 0.40151961346863 0.04101219330882 4 5 4 4 0
49.01424486539 8.4169917795987 111.94822692871 -0.005719 0.014257 2.0560783267949 0.0065191015544189 -0.0049971056448211 0.0080974514133558 -0.0013788120460665 -0.023023718597365 -0.13942370407896 -0.054931133657869 9.809864698891 0.00023346049114699 0.0010099537464738 9.811009531168 -0.00024315914650178 0.00033032246938585 0.0012942456886801 -0.00022472809754106 0.00033772467144453 0.0012957366784286 0.40151961346863 0.04101219330882 4 5 4 4 0
49.014244851964 8.4169916613323 111.9538192749 -0.005721 0.014169 2.0561863267949 0.0055263192742663 -0.0054261706741009 0.0074192914007868 -0.0022221029997298 -0.022716761864221 -0.14332652813476 -0.055026733059876 9.8070485187648 -0.0042134780891657 0.00088356607271804 9.8082493659473 -0.00032771390507123 -0.00026474058452281 0.0015490051790837 -0.00030568243357451 -0.00025592486531452 0.0015549820489015 0.40151961346863 0.04101219330882 4 5 4 4 0
49.014245475034 8.4169914169237 111.91013336182 -0.005538 0.014392 2.0633183267949 0.020687455842949 0.0011290382588361 0.017694761985117 0.01077686732719 -0.027831954110378 -0.13714324805075 -0.058009608697812 9.8082420083634 0.0038907541439065 -0.0036219486833331 9.8093708074903 0.00012058307639592 0.00010262977497049 0.00077089740283335 0.00013164161327811 0.00010693228383229 0.00076847248519836 0.40151961346863 0.04101219330882 4 5 4 4 0
49.014245341906 8.4169910570832 111.90996551514 -0.005659 0.014356 2.0593183267949 0.015476861421776 -0.0062049316913791 0.016578849657744 0.001781537611783 -0.026390404288929 -0.1386530233406 -0.054894628900936 9.8052120560107 0.0020344217828539 0.00055729471441677 9.8063459447047 -0.00012635057665225 8.9800721580242e-05 0.00078056689282311 -0.00011514309362451 9.4225599353123e-05 0.00078178542711144 0.40151961346863 0.04101219330882 4 5 4 4 0
49.014244838194 8.4169920140445 111.90215301514 -0.005782 0.014132 2.0527593267949 -0.0011614793409367 -0.0063747494187415 0.0019235799367655 -0.0061874090490808 -0.022726084526859 -0.13699107830228 -0.054021511219461 9.8083112468863 0.0015508676396376 0.0026819531758783 9.8094162082168 -0.00011898374187037 -2.0462760441974e-05 0.0010089336753705 -0.00010471405340395 -1.4622033346756e-05 0.0010106193528001 0.40151961346863 0.04101219330882 4 5 4 4 0
49.014244923691 8.4169915803765 111.94599914551 -0.005722 0.014151 2.0564063267949 0.0065238260542902 -0.0056499186728365 0.0084065136344989 -0.0019525028402383 -0.022971693296378 -0.13616755380687 -0.05515951643601 9.8097793717849 0.0029543580906333 0.00094076403576049 9.8108791248806 -5.6059581163651e-05 -0.0006090980991662 0.0010951344869791 -4.0492966654298e-05 -0.00060280912211564 0.0010992795880595 0.40151961346863 0.04101219330882 4 5 4 4 0
49.014244793415 8.4169919650422 111.93682098389 -0.005714 0.014187 2.0554283267949 0.0028529393132839 -0.0053715033636918 0.0050258529170904 -0.0034252953241985 -0.02247610528148 -0.14941185169892 -0.06008693374431 9.8115448607264 -0.010345432608388 -0.0037316926109872 9.8128601730133 0.00049899475390447 0.00026016748975611 0.001195385619607 0.00051585899916414 0.00026703650824866 0.0011866482319593 0.40151961346863 0.04101219330882 4 5 4 4 0
49.014244933347 8.4169915469909 111.94615936279 -0.005722 0.014221 2.0565533267949 0.0065274685511278 -0.005714285308102 0.008440147958206 -0.0020061937715515 -0.023147686767997 -0.13998657088147 -0.058382789706662 9.8077064249415 -0.00069836164078179 -0.0023074022737508 9.8088788956711 -5.2480956212411e-05 0.00030126905772151 0.0003634594757072 -4.7319882310015e-05 0.00030332287543164 0.00036242512958851 0.40151961346863 0.04101219330882 4 5 4 4 0
49.014244783453 8.4169919998019 111.89765930176 -0.005815 0.014069 2.0506433267949 -0.0046294206266479 -0.0065431897677405 -0.0010870633843075 -0.0079411717751854 -0.021924645301513 -0.13599648783603 -0.052391928133886 9.8032322462672 0.0020050067426995 0.0047909550379886 9.8043144553398 0.00026524682241979 -0.00030790334056129 0.00033330249386568 0.00026993602612221 -0.00030594470566813 0.00033129247353204 0.40151961346863 0.04101219330882 4 5 4 4 0
49.014245444151 8.4169914112628 111.91326904297 -0.005558 0.014341 2.0633113267949 0.020053529265149 0.0009145375585309 0.017237713687764 0.010287933291105 -0.027507973663648 -0.1370544158092 -0.049547392309701 9.8078422902005 0.0037077819735458 0.0049020426957357 9.8089228045421 -8.1005168059397e-05 -0.00027132455540715 0.00096638655840848 -6.7101519188914e-05 -0.0002659338722144 0.00096894453109165 0.40151961346863 0.04101219330882 4 5 4 4 0
49.014244905962 8.4169916068252 111.94765472412 -0.005732 0.014181 2.0562463267949 0.0060562888543369 -0.00558959907158 0.007964690907846 -0.0021179972968209 -0.023000814514597 -0.14237169776586 -0.057780151492633 9.8077302289484 -0.0032750596177945 -0.0016560182296263 9.8089331127336 -0.00014973628098624 -0.00011840917027408 0.00040455723766651 -0.00014396013251181 -0.00011607408059561 0.00040730012354389 0.40151961346863 0.04101219330882 4 5 4 4 0
49.014244849676 8.4169916758148 111.95404815674 -0.005717 0.014174 2.0559343267949 0.005677641562757 -0.0054674801718578 0.0075719526455331 -0.0021896310164644 -0.022773704474297 -0.13781635047695 -0.052544620546314 9.8108310936622 0.0014441548286873 0.0035351342862416 9.8119390483091 1.0300129647145e-05 -0.00033360492804788 -0.00012165036382327 8.5733298108803e-06 -0.00033428062935548 -0.00011990053980082 0.40151961346863 0.04101219330882 4 5 4 4 0
49.014245109179 8.4169912110906 111.94052124023 -0.005723 0.014283 2.0559713267949 0.0094870603412803 -0.0080565533322034 0.012149591697732 -0.0027018174157504 -0.023647244722537 -0.14141797710135 -0.057169394604119 9.8059026826762 -0.0014636771048 -0.0012605964365256 9.8070887653123 -0.00035333187621302 8.0562887160364e-05 0.00022442210620939 -0.00035009881589493 8.1823486380788e-05 0.00022898067987326 0.40151961346863 0.04101219330882 4 5 4 4 0
49.014245051335 8.4169912950276 111.94286346436 -0.00573 0.014242 2.0559143267949 0.0084936815411307 -0.0074869717620866 0.011004963308377 -0.0026623453003532 -0.023547915535743 -0.13918376541331 -0.057180123474244 9.8054512640579 0.00064145505601791 -0.0011668315356438 9.8066056659461 -0.00027575049837203 -0.00038870671817205 0.00086778498296203 -0.00026331699700682 -0.000383737690037 0.00087383083486055 0.40151961346863 0.04101219330882 4 5 4 4 0
49.014245324876 8.4169910379201 111.91059875488 -0.005659 0.014365 2.0589643267949 0.014898974625004 -0.0066356786739494 0.016271047702607 0.0011240890379537 -0.026116145565408 -0.14496707608168 -0.057540664034826 9.8103707665136 -0.004310868560809 -0.0020726610284069 9.8116100943776 -0.00013185852749545 0.00047533600249801 0.0010636533445536 -0.00011661631987794 0.00048134287469168 0.0010627011863216 0.40151961346863 0.04101219330882 4 5 4 4 0
49.014244865249 8.416991743069 111.94882202148 -0.005702 0.014185 2.0557993267949 0.0064569861525049 -0.0054110591116646 0.0082352283388727 -0.0017755829002756 -0.02307689268586 -0.14220880056853 -0.052172759326794 9.8073864386389 -0.0026310226014799 0.0037313622069686 9.8085549316661 5.3768964015547e-05 -0.0008352466226709 0.00051873706526315 6.1249752238239e-05 -0.00083226436382524 0.0005226671913529 0.40151961346863 0.04101219330882 4 5 4 4 0
49.014245230843 8.4169910492452 111.92874145508 -0.005687 0.014279 2.0576783267949 0.012535576029279 -0.0076988267557492 0.014680645474034 -0.00094312562225242 -0.024739775629098 -0.13620906278481 -0.053743579231543 9.8122915944871 0.0038704826136976 0.002209751474002 9.8133833482482 0.00019040939299001 -1.340833333146e-06 0.001632915216714 0.00021370874782282 7.9916506641446e-06 0.001630015247178 0.40151961346863 0.04101219330882 4 5 4 4 0
49.014245398199 8.4169911851747 111.90808105469 -0.005566 0.014366 2.0609343267949 0.017379365014342 -0.0035302869866586 0.016995822625371 0.0050639206103496 -0.026907820274245 -0.13749402885712 -0.053862107409711 9.8058371055497 0.0031845290479326 0.00086409055778351 9.8069486331515 0.00019346580714876 0.00030696807315412 0.00048004819794667 0.00020026632206801 0.00030963614806419 0.00047549923510123 0.40151961346863 0.04101219330882 4 5 4 4 0
49.014245188444 8.4169910751021 111.93439483643 -0.005687 0.014267 2.0565173267949 0.011488789135104 -0.0083227589175044 0.014045378101031 -0.0019969679719269 -0.024213132351041 -0.1466372421157 -0.056805276658856 9.8127381828132 -0.006456310128747 -0.00091338823277969 9.8139962105043 0.00017281682029518 -0.00037375315137972 0.00083856193913009 0.00018481325987899 -0.0003689540995911 0.00083813471567553 0.40151961346863 0.04101219330882 4 5 4 4 0
49.01424484727 8.4169916898747 111.95296478271 -0.005692 0.014163 2.0557253267949 0.0058619264108692 -0.00558664734471 0.0077901239187823 -0.0022105789274969 -0.022785453625429 -0.14939425190908 -0.058116990429988 9.8099467212213 -0.010142921384289 -0.0021375056499525 9.81125082031 0.00030067424213399 -0.00052087790919643 0.0006086327547525 0.00030928489817332 -0.00051740111572346 0.00060724585257505 0.40151961346863 0.04101219330882 4 5 4 4 0
49.014244847806 8.4169919572356 111.91973114014 -0.005764 0.014169 2.0539733267949 0.00216100307874 -0.0059199114938584 0.0046637575244143 -0.0042384404902652 -0.023002833175729 -0.13574529460012 -0.057819639781627 9.8098313698129 0.0032060968246654 -0.0013686436685622 9.8109397584222 -0.00015897307889154 -9.5548251942939e-06 0.00044881034662273 -0.00015261325218874 -6.9470370769846e-06 0.00045103973788628 0.40151961346863 0.04101219330882 4 5 4 4 0
49.014244876198 8.4169916319455 111.95122528076 -0.005731 0.014171 2.0562143267949 0.0056801758833897 -0.0054528221121022 0.0075680791228378 -0.0021729769900893 -0.022705346874144 -0.1347507391817 -0.054401255483653 9.805196802961 0.004310063988265 0.0017104735484122 9.8062728934339 -0.00011282819610044 -0.00026525212961272 0.00072850336707812 -0.00010244573520508 -0.0002610772158412 0.00073152793322128 0.40151961346863 0.04101219330882 4 5 4 4 0
49.014244813792 8.4169919538211 111.93266296387 -0.005745 0.014212 2.0548773267949 0.0028330835146065 -0.0057894926603247 0.0052008230642923 -0.0038073274752169 -0.02269747538324 -0.13837582086626 -0.051152092845754 9.8072100592529 0.00067880707972021 0.0051456317936223 9.808318137696 -0.00010846330351363 0.00059520513593373 0.0010259979832354 -9.3972275840864e-05 0.00060107397139092 0.0010239935500369 0.40151961346863 0.04101219330882 4 5 4 4 0
49.014244818407 8.4169919033805 111.94929504395 -0.005704 0.014191 2.0562643267949 0.0047450847174955 -0.0046879689911264 0.0063840827079567 -0.0019328066595531 -0.022469063856167 -0.14601195543748 -0.058846590169442 9.8085314442854 -0.0069782479059798 -0.0027011090453266 9.8097920010225 0.00032521200306876 0.00016376660339304 0.00093618097605034 0.00033840532813771 0.00016911728561629 0.00093054521250388 0.40151961346863 0.04101219330882 4 5 4 4 0
49.014245124847 8.4169911854854 111.94019317627 -0.005765 0.014273 2.0560943267949 0.0099182529539633 -0.0082435997886169 0.012618370751103 -0.0026655852108906 -0.023706369200931 -0.13435638855661 -0.055688538151992 9.8093352792798 0.0057412136464068 0.00034609591440435 9.8104112349814 -0.00091475458603755 -0.00021634598617407 0.00085796592848023 -0.00090236081088995 -0.000211391638785 0.00087222853849468 0.40151961346863 0.04101219330882 4 5 4 4 0
49.014245353186 8.4169910947795 111.9108581543 -0.005614 0.014355 2.0598603267949 0.016087742703666 -0.005567488695619 0.016818212553332 0.0026374338420364 -0.026476501196964 -0.1467018306777 -0.058684696408725 9.809196931981 -0.0057990777478317 -0.0034854789154017 9.8104670809869 0.00011203102488557 -0.00018759356371 0.0017445689970756 0.000137072033075 -0.0001777622420958 0.0017438118298706 0.40151961346863 0.04101219330882 4 5 4 4 0
49.014245178884 8.4169911031974 111.93553161621 -0.005671 0.014244 2.0565293267949 0.011436275463074 -0.0082903125392132 0.013983812769598 -0.0019926133405187 -0.024160700055227 -0.13792369805198 -0.056145393472181 9.805009438541 0.002108500788641 -0.00020303760910355 9.8061401300237 0.00063318578352747 -0.00068800053149393 0.00086318118047596 0.00064550054529467 -0.00068303915636855 0.00085799372190653 0.40151961346863 0.04101219330882 4 5 4 4 0
